No  Node1 Node2 type valid 
0   0     1     1    1  
1   1     2     1    1
2   2     3     1    1
3   3     4     1    1
4   2     5     1    1
5   5     6     1    1
6   6     9     1    1
7   9     10    1    1
8   7     8     1    1
9   7     10    1    1
10  5     12    1    1
11  12    13    1    1
12  4     11    1    1
13  11    15    1    1
14  14    15    1    1
15  11    14    1    1
16  13    14    1    1
17  3     8     1    1
18  8     13    1    1
19  16    17    1    1
20  17    18    1    1
21  17    20    1    1
22  20    21    1    1
23  18    21    1    1
24  18    19    1    1
25  13    16    1    1
26  15    19    1    1
27  0     23    1    1
28  23    24    1    1
29  1     24    1    1
30  19    22    1    1
31  24    25    1    1
32  25    26    1    1
33  26    27    1    1
34  27    28    1    1
35  12    27    1    1
36  16    28    1    1
37  28    29    1    1
38  29    30    1    1
39  30    31    1    1
40  22    31    1    1
41  32    33    1    1
42  33    34    1    1
43  25    34    1    1
44  34    35    1    1
45  26    35    1    1
46  29    36    1    1
47  30    37    1    1
48  31    38    1    1
49  36    37    1    1
50  37    38    1    1
51  24    39    1    1
52  39    40    1    1
53  32    40    1    1
54  40    41    1    1
55  41    42    1    1
56  42    43    1    1
57  43    44    1    1
58  44    45    1    1
59  44    46    1    1
60  46    47    1    1
61  47    48    1    1
62  48    49    1    1
63  49    50    1    1
64  50    51    1    1
65  36    51    1    1
66  51    52    1    1
67  37    52    1    1
68  52    53    1    1
69  38    53    1    1
70  45    48    1    1
71  57    58    1    1
72  58    59    1    1
73  39    60    1    1
74  54    60    1    1
75  60    61    1    1
76  61    62    1    1
77  54    61    1    1
78  55    62    1    1
79  62    63    1    1
80  56    63    1    1
81  63    64    1    1
82  58    64    1    1
83  64    65    1    1
84  65    66    1    1
85  49    66    1    1
86  66    67    1    1
87  50    67    1    1
88  67    68    1    1
89  51    68    1    1
90  40    54    1    1
91  41    55    1    1
92  33    42    1    1
93  35    43    1    1
94  55    56    1    1
95  56    57    1    1
96  47    57    1    1
97  59    65    1    1    
98  23    60    1    1