0   12.4
1   7.90
2   6.40
3   1.27
4   6.50
5   1.18
6   4.46
7   5.51
8   8.00
9   1.08
10  11.5
11  1.41
12  5.30
13  4.79
14  2.46
15  6.62
16  2.59
17  4.97
18  1.46
19  7.44
20  8.11
21  6.01
22  10.5
23  6.73
24  2.94
25  5.53
26  5.82
27  10.6
28  32.7
29  25.2
30  2.45
31  12.6
32  5.55
33  3.21
34  1.79
35  4.85
36  1.10
37  4.86
38  2.99
39  2.99
40  9.12
41  0.87
42  3.73
43  1.63
44  4.32
45  15.6
46  7.69
47  2.20
48  2.15
49  3.85
50  3.79
51  2.11
52  6.14
53  2.64
54  0.78
55  1.86
56  2.43
57  1.27
58  0.88
59  3.45
60  2.89
61  1.13
62  5.50
63  4.01
64  3.84
65  9.64
66  4.61
67  1.63
68  1.17
