0   24.4
1   17.4
2   16.2
3   13.7
4   13.6
5   11.4
6   11.1
7   11.0
8   10.8
9   10.4
10  10.1
11  9.88
12  9.82
13  9.60
14  9.13
15  9.02
16  8.93
17  8.85
18  8.77
19  8.67
20  8.58
21  8.53
22  8.46
23  8.45
24  8.31
25  8.27
26  8.10
27  8.04
28  7.56
29  7.55
30  7.38
31  7.38
32  7.13
33  7.08
34  6.85
35  6.80
36  6.72
37  6.65
38  6.56
39  6.49
40  6.42
41  6.41
42  6.39
43  6.31
44  6.24
45  6.18
46  6.16
47  6.10
48  6.07
49  5.98
50  5.71
51  5.68
52  5.67
53  5.63
54  5.62
55  5.60
56  5.54
57  5.51
58  5.40
59  5.30
60  5.30
61  5.25
62  5.22
63  5.22
64  5.08
65  5.06
66  5.00
67  4.95
68  4.94
69  4.91
70  4.88
71  4.67
72  4.49
73  4.47
74  4.43
75  4.41
76  4.31
77  4.25
78  4.22
79  4.21
80  4.21
81  4.21
82  4.20
83  4.18
84  4.16
85  4.08
86  4.05
87  4.04
88  3.99
89  3.97
90  3.92
91  3.91
92  3.89
93  3.86
94  3.84
95  3.59
96  3.58
97  3.50
98  3.43
99  3.43
100 3.42
101 3.41
102 3.40
103 3.28
104 3.27
105 3.23
106 3.23
107 3.15
108 3.13
109 3.12
110 3.12
111 3.10
112 3.08
113 3.07
114 2.99
115 2.84
116 2.77
117 2.74
118 2.74
119 2.70
120 2.63
121 2.52
122 2.49
123 2.37
124 2.33
125 2.32
126 2.28
127 2.21
128 1.93
129 1.82
130 1.76
131 1.72
132 1.26
133 1.21
134 1.03