0   2.10
1   2.33
2   3.13
3   2.78
4   3.52
5   3.40
6   7.84
7   8.97
8   15.2
9   6.48
10  8.41
11  0.83
12  2.72
13  2.39
14  6.02
15  4.17
16  9.11
17  3.95
18  3.70
19  0.52
20  4.60
21  5.87
22  2.91
23  4.38
24  18.4
25  0.88
26  6.27
27  23.9
28  2.19
29  5.82
30  2.39
31  5.91
32  3.28
33  6.73
34  2.94
35  3.10
36  1.14
37  4.46
38  4.49
39  6.40
40  0.82
41  7.23
42  0.97
43  12.5
44  3.29
45  3.08
46  2.79
47  0.63
48  2.88
49  6.30
50  14.0
51  10.3
52  0.88
53  7.90
54  5.48
55  4.12
56  4.71
57  8.53
58  3.55
59  9.66
60  2.79
61  3.35
62  1.49
63  1.33
64  1.97
65  3.82
66  7.83
67  3.05
68  1.17
69  8.39
70  5.29
71  12.2
72  7.09
73  4.55
74  7.41
75  1.38
76  5.19
77  2.76
78  7.40
79  60.7
80  5.16
81  3.46
82  3.31
83  3.91
84  4.63
85  5.86
86  0.62
87  4.33
88  6.76
89  1.99
90  4.39
91  4.73
92  4.00
93  2.48
94  11.5
95  3.30
96  6.43
97  2.20
98  11.1
99  8.51
100 4.95
101 7.91
102 1.67
103 2.43
104 4.67
105 8.01
106 2.34
107 6.16
108 11.3
109 5.08
110 7.41
111 6.37
112 2.62
113 2.17
114 2.98
115 9.00
116 2.94
117 5.15
118 2.66
119 6.96
120 4.91
121 6.82
122 9.14
123 1.80
124 1.20
125 4.89
126 2.78
127 23.2
128 3.04
129 6.84
130 2.30
131 5.31
132 5.73
133 3.63
134 24.3
