0   6.49
1   6.16
2   3.59
3   16.2
4   2.74
5   4.25
6   2.49
7   5.71
8   3.13
9   6.42
10  4.18
11  4.21
12  6.80
13  6.07
14  4.21
15  5.08
16  3.40
17  3.92
18  5.67
19  3.89
20  11.0
21  8.27
22  4.08
23  5.06
24  4.88
25  4.91
26  4.43
27  5.54
28  3.23
29  7.08
30  5.30
31  3.07
32  7.55
33  6.72
34  8.58
35  3.23
36  11.4
37  9.13
38  3.28
39  6.41
40  2.37
41  2.32
42  2.63
43  3.58
44  1.82
45  6.24
46  1.72
47  6.31
48  3.12
49  4.31
50  5.40
51  6.10
52  2.84
53  3.15
54  3.43
55  7.56
56  4.41
57  5.00
58  5.62
59  4.49
60  9.82
61  3.84
62  11.1
63  4.21
64  3.10
65  8.31
66  2.99
67  3.41
68  8.53
69  1.26
70  4.05
71  5.30
72  4.67
73  3.99
74  17.4
75  8.67
76  5.22
77  1.93
78  3.43
79  10.1
80  4.94
81  3.91
82  2.52
83  7.38
84  1.03
85  9.60
86  4.47
87  5.98
88  2.74
89  5.25
90  2.28
91  3.27
92  6.65
93  2.70
94  9.02
95  8.77
96  5.63
97  8.04
98  4.20
99  3.12
100 6.85
101 7.13
102 8.10
103 5.60
104 8.93
105 8.85
106 5.68
107 1.21
108 4.22
109 24.4
110 3.97
111 3.42
112 8.45
113 1.76
114 13.6
115 8.46
116 3.50
117 6.18
118 7.38
119 2.77
120 3.86
121 2.21
122 6.56
123 13.7
124 2.33
125 4.04
126 5.22
127 10.4
128 6.39
129 5.51
130 3.08
131 10.8
132 4.95
133 4.16
134 9.88
