0   1.54
1   4.21
2   1.97
3   1.88
4   1.57
5   1.59
6   1.43
7   2.38
8   1.24
9   1.24
10  0.43
11  2.87
12  1.01
13  1.04
14  0.66
15  1.48
16  1.04
17  0.72
18  1.31
19  1.15
20  0.68
21  1.31
22  1.26
23  0.29
24  0.18
25  1.72
26  0.58
27  0.41
28  4.40
29  0.98
30  1.66
31  1.09
32  0.45
33  1.18
34  0.79
35  1.25
36  0.83
37  0.54
38  1.23
39  1.00
40  1.21
41  0.45
42  1.18
43  0.32
44  1.22
45  1.15
46  1.28
47  1.27
48  0.93
49  1.26
50  1.25
51  1.14
52  1.32
53  1.07
54  1.32
55  0.95
56  1.87
57  1.22
58  1.17
59  1.67
60  1.76
61  1.78
62  1.25
63  1.77
64  1.23
65  1.58
66  1.27
67  1.58
68  1.79
69  1.44
70  1.57
71  1.59
72  1.26
73  1.21
74  1.64
75  1.26
76  1.69
77  1.44
78  1.36
79  1.14
80  0.61
81  2.02
82  1.32
83  1.37
84  0.91
85  1.28
86  1.01
87  1.12
88  1.44
89  1.40
90  1.75
91  1.37
92  1.15
93  1.59
94  1.40
95  1.33
96  1.55
97  1.62
98  1.92
99  2.00
100 1.67
101 2.21
102 1.90
103 2.39
104 1.85
105 2.14
106 2.20
107 2.16
108 1.97
109 2.03
110 2.01
111 2.66
112 2.27
113 2.36
114 2.36
115 2.17
116 2.60
117 1.20
