[131, 118, 109, 108, 95, 89, 86, 85, 75, 64, 63, 62, 49, 44, 30, 18, 25, 26, 19, 20, 21]
[192, 170, 160, 159, 142, 127, 126, 123, 113, 94, 92, 90, 61, 58, 34, 35, 37, 38, 20, 31]
[131, 132, 134, 124, 78, 72, 54, 39, 24, 30, 18, 25, 26, 27, 31, 32, 33, 22, 21]
[195, 194, 193, 179, 112, 107, 77, 56, 36, 34, 35, 37, 39, 44, 45, 47, 48, 30]
[131, 132, 134, 124, 78, 72, 54, 39, 24, 43, 44, 30, 18, 25, 26, 27, 31, 32, 33, 22, 21]
[195, 194, 193, 179, 112, 107, 77, 56, 57, 59, 58, 34, 35, 37, 39, 44, 45, 47, 48, 30]
[131, 132, 134, 124, 78, 72, 54, 39, 24, 18, 25, 26, 27, 31, 32, 33, 22, 21]
[195, 194, 193, 179, 112, 107, 77, 56, 33, 35, 37, 39, 44, 45, 47, 48, 30]
[131, 118, 109, 108, 95, 89, 68, 60, 55, 47, 45, 40, 36, 33, 32, 31, 27, 26, 19, 20, 21]
[192, 170, 160, 159, 142, 128, 97, 83, 79, 74, 63, 54, 49, 47, 45, 44, 39, 38, 20, 31]
[131, 118, 109, 108, 95, 89, 86, 85, 75, 64, 63, 62, 49, 44, 30, 24, 18, 25, 26, 19, 20, 21]
[192, 170, 160, 159, 142, 127, 126, 123, 113, 94, 92, 90, 61, 58, 36, 33, 35, 37, 38, 20, 31]
[131, 132, 134, 124, 78, 72, 54, 39, 24, 30, 18, 25, 26, 27, 31, 32, 33, 36, 29, 22, 21]
[195, 194, 193, 179, 112, 107, 77, 56, 36, 34, 35, 37, 39, 44, 45, 47, 49, 50, 29, 30]
[131, 118, 109, 108, 95, 89, 68, 60, 55, 47, 45, 37, 36, 33, 32, 31, 27, 26, 19, 20, 21]
[192, 170, 160, 159, 142, 128, 97, 83, 79, 74, 64, 53, 49, 47, 45, 44, 39, 38, 20, 31]
[131, 118, 109, 108, 95, 89, 68, 60, 55, 47, 45, 40, 36, 33, 32, 31, 27, 20, 21]
[192, 170, 160, 159, 142, 128, 97, 83, 79, 74, 63, 54, 49, 47, 45, 44, 40, 31]
[131, 118, 109, 108, 95, 89, 86, 85, 75, 64, 63, 62, 49, 46, 43, 24, 18, 25, 26, 19, 20, 21]
[192, 170, 160, 159, 142, 127, 126, 123, 113, 94, 92, 90, 62, 60, 57, 33, 35, 37, 38, 20, 31]
[131, 118, 109, 108, 95, 89, 68, 60, 55, 47, 45, 40, 36, 33, 32, 31, 30, 18, 25, 26, 19, 20, 21]
[192, 170, 160, 159, 142, 128, 97, 83, 79, 74, 63, 54, 49, 47, 45, 43, 34, 35, 37, 38, 20, 31]
[131, 118, 109, 108, 95, 89, 68, 60, 55, 47, 45, 40, 36, 33, 32, 31, 30, 24, 18, 25, 26, 19, 20, 21]
[192, 170, 160, 159, 142, 128, 97, 83, 79, 74, 63, 54, 49, 47, 45, 43, 36, 33, 35, 37, 38, 20, 31]
[131, 118, 109, 108, 95, 89, 68, 60, 55, 47, 45, 37, 36, 33, 32, 31, 30, 24, 18, 25, 26, 19, 20, 21]
[192, 170, 160, 159, 142, 128, 97, 83, 79, 74, 64, 53, 49, 47, 45, 43, 36, 33, 35, 37, 38, 20, 31]
[131, 118, 109, 108, 95, 89, 68, 60, 55, 47, 45, 40, 36, 33, 32, 31, 30, 44, 49, 46, 53, 54, 39, 24, 18, 25, 26, 19, 20, 21]
[192, 170, 160, 159, 142, 128, 97, 83, 79, 74, 63, 54, 49, 47, 45, 43, 58, 61, 62, 76, 78, 77, 56, 33, 35, 37, 38, 20, 31]
[131, 118, 109, 108, 95, 89, 68, 60, 55, 47, 45, 37, 36, 33, 32, 31, 30, 44, 49, 46, 53, 54, 39, 24, 18, 25, 26, 19, 20, 21]
[192, 170, 160, 159, 142, 128, 97, 83, 79, 74, 64, 53, 49, 47, 45, 43, 58, 61, 62, 76, 78, 77, 56, 33, 35, 37, 38, 20, 31]
[131, 118, 109, 108, 95, 89, 68, 60, 55, 47, 45, 40, 36, 29, 22, 21]
[192, 170, 160, 159, 142, 128, 97, 83, 79, 74, 63, 54, 50, 29, 30]
[131, 132, 134, 124, 78, 72, 54, 39, 24, 18, 30, 31, 27, 26, 19, 20, 21]
[195, 194, 193, 179, 112, 107, 77, 56, 33, 34, 43, 44, 39, 38, 20, 31]
[131, 132, 134, 124, 78, 72, 54, 39, 24, 30, 18, 25, 26, 27, 31, 32, 28, 21]
[195, 194, 193, 179, 112, 107, 77, 56, 36, 34, 35, 37, 39, 44, 45, 46, 41]
[131, 132, 134, 124, 78, 72, 54, 39, 24, 18, 25, 26, 19, 20, 21]
[195, 194, 193, 179, 112, 107, 77, 56, 33, 35, 37, 38, 20, 31]
[131, 118, 109, 108, 95, 89, 68, 60, 55, 47, 45, 37, 36, 29, 22, 21]
[192, 170, 160, 159, 142, 128, 97, 83, 79, 74, 64, 53, 50, 29, 30]
[131, 132, 134, 124, 78, 72, 54, 39, 24, 30, 18, 25, 26, 19, 20, 21]
[195, 194, 193, 179, 112, 107, 77, 56, 36, 34, 35, 37, 38, 20, 31]
[131, 132, 134, 124, 78, 72, 54, 39, 24, 43, 44, 30, 18, 25, 26, 19, 20, 21]
[195, 194, 193, 179, 112, 107, 77, 56, 57, 59, 58, 34, 35, 37, 38, 20, 31]
