111111111111111111111111111111111111111111111111111111111111111111111111111111111111111111111111111111
111111111111111111111111111111111111111111111111111111111111111111111111111181111111111111111111111111
111111111111111111111111111111111111111111111111111111888888888888888888888811000111111111111111111111
111111111111111111111111111111111111111111111888888888111111111111111111111110011000000000000000000011
111111111111111111111111111111111111111111888111111111110011111111111111111001101111111111111111110011
111111111111111111111111111111111111111188111111111111101101111111111111110111110111111111111111101011
111111111111111111111111111111111111888811111111111110011110110000001111101111111011111111111111011011
111111111111111111111111111111118888111111111111111110011111001111110111011111111101111111111110111011
111111111111111111111111111888881111111111111111111101101111011111111010111111111101111111111101111011
111111111111111111111111118111111111111111111111111101101111101111111100111111111001111111100011111011
111111111111111111111111811111111111111111111111000011101111101111111011001111100111111111011111111011
111111111111111111111181111111111111111111000000110111101111101111110111110000000011111110111111111011
111111111111111111118111111111111111111000111101110111101111101111000111111101111100111101111111111011
111111111111111111181111111111111111000111111101110111101111100000111011111011111111000011111111111011
111111111111111111811111111111111100111111111110110111101111101111111100110111111111101111111111111011
111111111111111181111111111111110011111111111110110111101111101111111111000011111111011111111111111011
111111111111111811111111111110000001111111111110000000000000001111111111011100011110111111111111111011
111111111111118111111111111101101110011111111110110111101111100011111100111111100101111111111111111011
111111111111811111111111111011101111101111111110110111101111101101110011111111111011111111111111111011
111111111118111111111111100111101111110000000000000000001111101110001111111111110111111111111111111011
111111111181111111111111001011101111111111111111110111101111101111101111111111101111111111111111111011
111111111811111111111110101100101111111111111111110111101111101111011111111111011111111111111111111011
111111118111111111111101101111000000000000000001110111101111101110111111111110111111111111111111111011
111111118111111111110011101111101111111111111110000000000000000010111111111101111111111111111111100011
111111118111111111101111101111101111111111111111111111111111111100001111111101111111111111111000011111
111111118111111000011111101111101111111111111111111111111111111110110001111011111111111111100111111111
111111181111000111111111101111101111111111111111111111111111111110111110110111111111111111011111111111
111111181110111111111111101111101111111111111111111111111111111110111111001111111011111000111111111111
111111181001111111111111101111101111111111111111111111111111111110111110110111111000000111111111111111
111111811011111111111111100111011111111111111111111111111111111111011101111011111010101111111111111111
111111811011111111111111101000011111111111111111111111111111111111101011111101111010101111111111111111
111111811101111111111111101111011111111111111111111111111111111111110111111110011010101111111111111111
111111811101111111111111101111011111111111111111111111111111111111101111111111101010101111111111111111
111118111101111111111111101111011111111111111111111111111111111111011111111111110010101111111111111111
111118111101111111111111100011011111111111111111111111111111111110111111111111111000101111111111111111
111118111101111111111111101100011111111111111111111111111111111110011111111111111100000001111111111111
111181111110111111111111101111011111111111111111111111111111111101101111111111111011111010111111111111
111181111111011111111111101111011111111111111111111111111111111011110111111111110111111011001111111111
111181111111011111111100001111011111111111111111111111111111110111111001111110001111111011110111111111
111181111111000000000011101111011111111111111111111111111111110111111110000001111111111011111011111111
111181111111101111111111101111011001111111111111111111111111101011111101111111111111111011111101111111
111181111111110111111111101111011010000000000000001111111111011100100001111111111111110111111110111111
111181111111110111111111011111011011111111111111010000000000011111011101111111111111110111111111011111
111181111111110111111111011111011011111111111111011111011101101110111101111111111111110111111111101111
111181111111110111111111011111011011111111111111011111011101110101111101111111111111110111111111110111
111181111111111011111111011111000000000000000000011110111101111011111011111111111111101111111111111011
111181111111111011111111011111111111111111111111000000111000110111111011111111111111011111111111111011
111181111111111011111111011111111111111111111111011101111011010111110001111111111111011111111111110111
111181111111111101111111011111111111111111111111011011110111101111110110011111111110111111111111101111
111181111111111101111111011111111111111111111110111011110111101111110111100000000101111111111111101111
111181111111110000000000000000000011111111111110000011110111110111101111111101111001111111111111101111
111181111111101101111111011111110100011111111110111011101111111011011111111101111100000111111111101111
111181000000011101111111101111110111100011111110111011101111111100111111111011111101111000000011101111
111181011111111101111111101111110111111011111110111011101111111100111111111011111101111111111100001111
111181101111111101111111101111110111111011111110110111101111111110111111111000000011111111111111101111
111181101111111101111111101111110111111000000000000111101111111111011111111011111011111111111111111111
111181101111111101111111101111110111111111111111110011011111111111100000010111111011111111111111111111
111181101111111110111111101111110111101111111111111100011111111111011111100111111011111111111111111111
111181101111111110111111101000000000001111111111111111011111111111011111110111110111111111111111111111
111181110111111110000000000111111111101111111111111110111111111110111111111011101111111111111111111111
111181111011111111111111101111111111101111111111111101111111111101111111111011101111111111111111111111
111118111101111111111111101111111111101111111111111101111111111011111111111101011111111111111111111111
111118111110111111111111101111111111101111111111111101111100110111111111111110011111111111111111111111
111118111110111111111111101111111111101111111111100011111101000111000000000000111111111111111111111111
111111811110111111111111101111111111101111100000011001111011101110111111111110111111111111111111111111
111111811111011111111111101111111111101100011111111010000111011110111111111110111111111111111111111111
111111811111101111111111101111111111100011011111110111110001011101111111111111011111111111111111111111
111111181111110111111111100000000000001111011111110111110110001011111111111111101111111111111111111111
111111181111110111111111101111111111101111101111110111110111110000000000000000001111111111111111111111
111111181111111011111111101111111111101111110000000111110111110111111101111111011111111111111111111111
111111181111111011111111101111111111101111111111110111110111110111111011111111011111111111111111111111
111111181111111011111111101111111111101111111111110111110111101111110111111111011111111111111111111111
111111118111111011111111101111111111101111111111110111110111101111110111111110111111111111111111111111
111111118111111011111111101111111111101111111111110111110111101111110111111110111111111111111111111111
111111118111111101111111101111111111101111111111110000000000000111110111111110111111111111111111111111
111111118111111110111111101111111110001111111111110111111111111000001111111110111111111111111111111111
111111111811111110111111100000000001111111111111110111111111111111111111111101111111111111111111111111
111111111811111110111111101111111111111111111111110111111111111111111111111101111111111111111111111111
111111111181111110111111101111111111111111111111110111111111111111111111111101111111111111111111111111
111111111181111111011111101111111111111100000000000000111111111111111111000011111111111111111111111111
111111111118111111101111101111111111111101101110110111011111111000000000111011111111111111111111111111
111111111111811111110111101111111111111101101110110111100000000111111111111011111111111111111111111111
111111111111181111110111100000000000111101101110110111111111111111111111111011111111111111111111111111
111111111111118111111010011110111111011101101110110111111111111111111111111011111111111111111111111111
111111111111111811111101111110111100000000000000110111111111111111111111111011111111111111111111111111
111111111111111181111110111110000011111100000000000000000000000000000000111011111111111111111111111111
111111111111111118111111011111111111110011111111111111111111111111111111000011111111111111111111111111
111111111111111111811111011111100000001111111111111111111111111111111111111111111111111111111111111111
111111111111111111181111010000011111111111111111111111111111111111111111111111111111111111111111111111
111111111111111111118111101111111111111111111111111111111111111111111111111111111111111111111111111111
111111111111111111111811111111111111111111111111111111111111111111111111111111111111111111111111111111
144444444444444444444444444444444444444444444444444444444444444444444444444444444444444444444444444441
144444444444444444444444444444444444444444444444444444444444444444444444444444444444444444444444444441
144444444444444444444444444444444444444444444444444444444444444444444444444444444444444444444444444441
144444444444444444444444444444444444444444444444444444444444444444444444444444444444444444444444444441
144444444444444444444444444444444444444444444444444444444444444444444444444444444444444444444444444441
144444444444444444444444444444444444444444444444444444444444444444444444444444444444444444444444444441
144444444444444444444444444444444444444444444444444444444444444444444444444444444444444444444444444441
144444444444444444444444444444444444444444444444444444444444444444444444444444444444444444444444444441
144444444444444444444444444444444444444444444444444444444444444444444444444444444444444444444444444441
144444444444444444444444444444444444444444444444444444444444444444444444444444444444444444444444444441
111111111111111111111111111111111111111111111111111111111111111111111111111111111111111111111111111111