111111111111111111111111111111111111111111111111111111111111111111111111111111111111111111111111111111
111111111111111111111111111111111111111111111111111111111111111111111111111111111111111111111111111111
111111111111111111111111111111111111111111111111111111111111111111111111111111000000111111111111111111
111111111111111111111111111111111111111111111111111111111111111111111111111110011111000000000000000011
111111111111111111111111111111111111111111111111111111111011111111111111111101101111111111111111100011
111111111111111111111111111111111111111111111111111111110101111111111111111011110111111111111111011011
111111111111111111111111111111111111111111111111111110001110111000001111110111111011111111111110111011
111111111111111111111111111111111111111111111111111110111111000111110111101111111101111111111101111011
111111111111111111111111111111111111111111111111111101011111101111111010011111111101111111111011111011
111111111111111111111111111111111111111111111111111101101111101111111100000011111101111111100111111011
111111111111111111111111111111111111111111111111100011101111101111111011111100110011111111011111111011
111111111111111111111111111111111111111111111000011011101111101111110111111111000001111110111111111011
111111111111111111111111111111111111100000000101111011101111101100001111111110111110110001111111111011
111111111111111111111111111111111110011111111110111011101111100011110111111101111111001111111111111011
111111111111111111111111111111111101111111111110111011101111101111111011110011111111011111111111111011
111111111111111111111111111111111011111111111110111011101111101111111100001111111111011111111111111011
111111111111111111111111111111100011111111111110000000000000001111111100110111111110111111111111111011
111111111111111111111111111100001101111111111110110111101111100011111011111000011101111111111111111011
111111111111111111111111110011101110001111111110110111101111101101110111111111100011111111111111111011
111111111111111111111111101111101111110000000000000000001111101110001111111111110111111111111111111011
111111111111111111111110000111101111111111111111110111101111101111011111111111101111111111111111111011
111111111111111111111001101000101111111111111111110111101111101111011111111111011111111111111111111011
111111111111111111000111101111000111111111111111110111101111101111011111111110111111111111111111111011
111111111111111110111111101111101000000000000000000000000000001110111111111101111111111111111111111011
111111111111111101111111101111101111111111111111111111111111110000001111111011111111111111111111100111
111111111111110011111111101111101111111111111111111111111111111110110011110111111111111111111100011111
111111111110001111111111101111101111111111111111111111111111111110111100101111111111111111100011111111
111111111101111111111111101111011111111111111111111111111111111110111111001111111001110000011111111111
111111111011111111111111101111011111111111111111111111111111111110111110010111111010001111111111111111
111111111101111111111111100111011111111111111111111111111111111111011101111011111010101111111111111111
111111111101111111111111101000011111111111111111111111111111111111101011111101111010101111111111111111
111111111101111111111111101111011111111111111111111111111111111111110111111110111010101111111111111111
111111111110111111111111101111011111111111111111111111111111111111101111111111001010101111111111111111
111111111110111111111111101111011111111111111111111111111111111111011111111111110010101111111111111111
111111111110111111111111100000011111111111111111111111111111111110011111111111111010101111111111111111
111111111110111111111111101111011111111111111111111111111111111101101111111111111100000001111111111111
111111111110111111111111101111011111111111111111111111111111111011110111111111110011111010111111111111
111111111110111111111111101111011111111111111111111111111111111011111011111110001111111011011111111111
111111111111011111000000001111011111111111111111111111111111110111111101111101111111110111101111111111
111111111111000000111111101111011111111111111111111111111111110111111110000011111111110111110011111111
111111111111101111111111101111011001111111111111111111111111101011110000111111111111101111111101111111
111111111111110111111111101111011010000000000000011111111111011101101101111111111111011111111110111111
111111111111110111111111101111011011111111111111000000000000111110011011111111111111011111111111011111
111111111111110111111111101111011011111111111111011111101101001110111011111111111111011111111111101111
111111111111110111111111101111011011111111111111011111101011110101111011111111111110111111111111110111
111111111111110111111111101111000000000000000000000001011011111011110111111111111101111111111111111011
111111111111110111111111101111111111111111111111011110111001111011110111111111111101111111111111111011
111111111111111011111111101111111111111111111111011110111010010111110000000111111101111111111111111011
111111111111111011111111101111111111111111111111011101111011101111110111111011111101111111111111110111
111111111111111011111111101111111111111111111111011011111011101111101111111100111101111111111111110111
111111111111110000000000000000000111111111111110001011111011110111101111111101000000000111111111110111
111111111110001110111111011111111000000111111110110011111011110111101111111101111101111011111111110111
111111000001111110111111011111111011111011111110111011111011111011011111111101111011111100111111101111
111111101111111110111111011111111011111011111110110111110111111100111111111101111011111111000111101111
111111101111111110111111011111111011111011111110110111101111111110111111111000000011111111111000001111
111111101111111110111111011111111011111000000000010111011111111111011111111011111011111111111111111111
111111110111111110111111011111111011111111111111100001011111111111100000001011111011111111111111111111
111111110111111110111111011111111011001111111111111110011111111111011111110111110111111111111111111111
111111111011111110111111011111000000101111111111111110111111111111011111111011101111111111111111111111
111111111011111110000000000000111111101111111111111101111111111111011111111011101111111111111111111111
111111111101111111111111101111111111101111111111111011111111111110111111111011011111111111111111111111
111111111101111111111111101111111111101111111111111011111111111101111111111101011111111111111111111111
111111111110111111111111101111111111101111111111111011111100111011111111111110111111111111111111111111
111111111110111111111111101111111111101111111111000001111011000111000000000000111111111111111111111111
111111111111011111111111101111111111101111111100111010111011110110111111111110111111111111111111111111
111111111111101111111111101111111111101111000011111011001011101110111111111110111111111111111111111111
111111111111101111111111101111111111101100011111111011110001101101111111111111011111111111111111111111
111111111111101111111111101111110000000011101111110111110110011101111111111111011111111111111111111111
111111111111110111111111100000001111101111110111110111110111100000000000000000001111111111111111111111
111111111111110111111111101111111111101111110000000111110111111011111101111111011111111111111111111111
111111111111110111111111101111111111101111111111110111110111110111111101111111011111111111111111111111
111111111111111011111111101111111111101111111111110111110111101111111011111110111111111111111111111111
111111111111111101111111101111111111101111111111110111110111101111111011111110111111111111111111111111
111111111111111101111111101111111111101111111111110111110111101111111011111110111111111111111111111111
111111111111111101111111101111111111101111111111110000000000000111110111111110111111111111111111111111
111111111111111101111111101000000000001111111111110111111111111000001111111110111111111111111111111111
111111111111111110111111100111111111111111111111110111111111111111111111111110111111111111111111111111
111111111111111110111111101111111111111111111111110111111111111111111111111110111111111111111111111111
111111111111111110111111101111111111111111111111110111111111111111111111111101111111111111111111111111
111111111111111111011111101111111111111100000000000000111111111111111111110011111111111111111111111111
111111111111111111101111101111111111111101101110110111000011111111111100001011111111111111111111111111
111111111111111111101111101111111111111101101110110111111100000000000011111011111111111111111111111111
111111111111111111110111000000000000111101101110110111111111111111111111111011111111111111111111111111
111111111111111111111010111110111110111101101110110111111111111111111111111011111111111111111111111111
111111111111111111111101111110000000000000000000110111111111111111111111111011111111111111111111111111
111111111111111111111110111110111111111111111111110000000000011111111111111011111111111111111111111111
111111111111111111111110111111111111100000000000001111111111100000000000000011111111111111111111111111
111111111111111111111110111111111110011111111111111111111111111111111111111111111111111111111111111111
111111111111111111111111011111100001111111111111111111111111111111111111111111111111111111111111111111
111111111111111111111111100000011111111111111111111111111111111111111111111111111111111111111111111111
111111111111111111111111111111111111111111111111111111111111111111111111111111111111111111111111111111
144444444444444444444444444444444444444444444444444444444444444444444444444444444444444444444444444441
144444444444444444444444444444444444444444444444444444444444444444444444444444444444444444444444444441
144444444444444444444444444444444444444444444444444444444444444444444444444444444444444444444444444441
144444444444444444444444444444444444444444444444444444444444444444444444444444444444444444444444444441
144444444444444444444444444444444444444444444444444444444444444444444444444444444444444444444444444441
144444444444444444444444444444444444444444444444444444444444444444444444444444444444444444444444444441
144444444444444444444444444444444444444444444444444444444444444444444444444444444444444444444444444441
144444444444444444444444444444444444444444444444444444444444444444444444444444444444444444444444444441
144444444444444444444444444444444444444444444444444444444444444444444444444444444444444444444444444441
144444444444444444444444444444444444444444444444444444444444444444444444444444444444444444444444444441
111111111111111111111111111111111111111111111111111111111111111111111111111111111111111111111111111111