1111111111111111111111111111111111111111111111111111111111111111111111111111111111111111111111111111111111111111111111111111111111111111111111111111111111111111111111111111111111111111111111111111111111
1111111111111111111111111111111111111111111111111111111111111111111111111111111111111111111111111111111111111111111111111111111111111111111111111111111111111111111111111111111111111111111111111111111111
1111111111111111111111111111111111111111111111111111111111111111111111111111111111111111111111111111111111111111111111111111111111111111111111111111111111111111111111111111111111111111111111111111111111
1111111111111111111111111111111111111111111111111111111111111111111111111111111111111111111188888888888888888888881111111111111111111111111111111111111111111111111111111111111111111111111111111111111111
1111111111111111111111111111111111111111111111111111111111111111111111111111111111111888888811111111111111111111118111111111111111111111111111111111111111111111111111111111111111111111111111111111111111
1111111111111111111111111111111111111111111111111111111111111111111111111111118888888111100000000000000000000011111888111111111111111111111111111111111111111111111111111111111111111111111111111111111111
1111111111111111111111111111111111111111111111111111111111111111111111888888881111100000011111111111111111011100000111811111111111111111111111111111111111111111111111111111111111111111111111111111111111
1111111111111111111111111111111111111111111111111111111111111188888888111100000000011111111111111111111111011111111011188811111111111111111111111111111111111111111111111111111111111111111111111111111111
1111111111111111111111111111111111111111111111111111111888888811111000000011111101111111111111111111111111011111111001111188111111111111111111111111111111111111111111111111111111111111111111111111111111
1111111111111111111111111111111111111111111111118888888111111100000111110111111110111111111111111111111111011111111010000111881111111111111111111111111111111111111111111111111111111111111111111111111111
1111111111111111111111111111111111188888888888881111111111100011111111101111111111011111111111111111111111011111111011110001118811111111111111111111111111111111111111111111111111111111111111111111111111
1111111111111111111111111111188888811111111111111111111110010111111111011111111111011111111111111111111111011111110111110110011188111111111111111111111111111111111111111111111111111111111111111111111111
1111111111111111111111118888811111111111111111111111111001101111111110111111111111011111111111111111111111011111110111110111101111881111111111111111111111111111111111111111111111111111111111111111111111
1111111111111111111118881111111111111111111111111111110111011111111101111111111110001111111111111111111111011111101111101111110111118881111111111111111111111111111111111111111111111111111111111111111111
1111111111111111111188111111111111111111111111111100001110111111111101111111111101110111111111111111111110111111011111101111111011111118811111111111111111111111111111111111111111111111111111111111111111
1111111111111111118811111111111111111111111111110011111001111111111011111111111011111011111111111111111100111111011111011111111101111111188111111111111111111111111111111111111111111111111111111111111111
1111111111111111881111111111111111111111111111101111110110111111110111111111110111111101111111111111111010111111011111011111111100011111111881111111111111111111111111111111111111111111111111111111111111
1111111111111888111111111111111111000000000000011111101111011111101111111111101111111110111111111110000110111111011111011111111101100011111118881111111111111111111111111111111111111111111111111111111111
1111111111111811111111111111111110111111111111111100011111101111011111111111011111111111011111111001111110111111011111011111111101111101111111118811111111111111111111111111111111111111111111111111111111
1111111111881111111111111111110001011111111111111011111111110100101111111110111111111111011111000111111110111111011111011111111101111110111111111188811111111111111111111111111111111111111111111111111111
1111111188111111111111111111101111101111111111100111111111111011110111111101111111111111101110111111111101111111011110111111111101111111011111111111188111111111111111111111111111111111111111111111111111
1111118811111111111111111111011111110111111110011111111111110101111011111011111111111111110101111111111011111111011110111111111101111111100011111111111811111111111111111111111111111111111111111111111111
1111181111111111111111111100111111110111111101111111111111101110111101100111111111111111111011111111111011111111011101111111111011111111111100001111111181111111111111111111111111111111111111111111111111
1118111111111111111111000011111111110111111011111111111111011111011110011111111111111111100101111111111001111110111101111111111011111111111111110111111111811111111111111111111111111111111111111111111111
1181111111111111111110110111111111110111110111111111111000111111011101011111111111111111011101111111000110000000111011111111111011111111111111111011111111181111111111111111111111111111111111111111111111
1111111111111111111101110111111111111011001111111111110111111111100011101111111111111110111101111110101111111110000001111111111011111111111111111101111111118111111111111111111111111111111111111111111111
1111111111111111100011111011111111111100111111111111001111111111011111110111111111111101111101111001011111111110111010011111111011111111111111111110111111111811111111111111111111111111111111111111111111
1111111111111111011111111101111111111001111111111110111111111110111111110111111111111011111110100110111111111101111011100000000011111111111111111111001111111181111111111111111111111111111111111111111111
1111111111111110011111111110111111110110111111111101111111111101111111111011111111100111111111011110111111111101111011101111111011111111111111111111100111111111811111111111111111111111111111111111111111
1111111111111101011111111111011111101011011111100011111111111011111111111101111111110111111110101110111111111011110111011111111011111111111111111111010011111111181111111111111111111111111111111111111111
1111111111111101011111111111011110011101101111011101111111110111111111111101111111111011111101101110111111110111101111011111111011111111111111111110110100111111118111111111111111111111111111111111111111
1111111111111011011111111111101001111101110110111110111111101111111111111101111111111101110011110101111111101111101111011111111011111111111111110001101111011111111811111111111111111111111111111111111111
1111111111110111011111111111100111111101110001111111011110011111111111111110111111111110101111111001111111101111011111011111111011111111111111101111011111101111111181111111111111111111111111111111111111
1111111111101111011111111111101111111101110111111111011001111111111111111111011111111110000000000001111111101110111111011111111011111111111100011111011111110111111111811111111111111111111111111111111111
1111111111011111011111111111101111111110101111111111100111111111111111111111101111111001111111111100000000000000000000000001111011111111111011111110111111111011111111181111111111111111111111111111111111
1111111110111000000111111111110111111111011111111111011111111111111111111111110111000111111111111111111111101111111111011110000011111111100111111101111111111101111111118111111111111111111111111111111111
1111111110110111111000111111111011111110111111111100111111111111111111111111111000111111111111111111111111101111111111011111111011111111011111111011111111111110111111111811111111111111111111111111111111
1111111111001111111111011111111011111001111111111011111111111111111111111111111011111111111111111111111111101111111111011111111011111110111111110111111111111111000111111181111111111111111111111111111111
1111111111011111111000100111111011110111111111100111111111111111111111111111111101111111111111111111111111101111111111011111111011111101111111110111111111111111111011111111811111111111111111111111111111
1111111110011111110111111011111011001111111111011111111111111111111111111111111101111111111111111111111111101111111111011111111011111011111111110111111111111111111101111111181111111111111111111111111111
1111111101101111001111111101111100111111111110111111111111111111111111111111111110111111111111111111111111101111111111011111111011110111111111101111111111111111111110011111118111111111111111111111111111
1111111011110110111111111110011001111111111101111111111111111111111111111111111110111111111111111111111111011111111111011111111011001111111111011111111111111111111111101111118111111111111111111111111111
1111110111110101111111111111100110111111110011111111111111111111111111111111111110111111111111111111111111011111111111011111111010111111111110111111111111111111111111110111111811111111111111111111111111
1111101111110011111111111111001111011111101111111111111111111111111111111111111111011111111111111111111110000011111111011111110101111111111101111111111111111111111111111011111181111111111111111111111111
1110011111101101111111111110111111101111011111111111111111111111111111111111111111011111111111111111111101011100000001011111110011111111111101111111111111111111111111111100111118111111111111111111111111
1101111111011110111111111101111111101110111111111111111111111111111111111111111111011111111111111111111011101111111110011111110111111111111101111111111111111111111111111111011111811111111111111111111111
1101111110111100011111110011111111110001111111111111111111111111111111111111111111011111111111111111110111110111111111011111000111111111111101111111111111111111111111000000111111811111111111111111111111
1110110001110011101111101111111111110111111111111111111111111111111111111111111111011111111111111111101111110111111111011110110111111111111011111111111111111111111100111111111111181111111111111111111111
1110001111001111110111011111111111000111111111111111111111111111111111111111111111011111111111111110011111110111111111011001110111111111111011111111111111111111110011111111111111118111111111111111111111
1110111110111111110000111111111110111011111111111111111111111111111111111111111111011111111111111101111111110111111111010111110111111111111011111111111111111111101111111111111111111811111111111111111111
1111011001111111101011111111111001111011111111111111111111111111111111111111111111011111111111111011111111110111111111001111110111111111111011111111111111110000011111111111111111111811111111111111111111
1111010111111100011011111111110111111011111111111111111111111111111111111111111111101111111111110111111111110111111110011111110111111111111011111111111111001111111111111111111111111118111111111111111111
1111001111111011111101111111001111111101111111111111111111111111111111111111111111101111111111101111111111110111111101111111111011111111110111111111110000111111111111111111111111111118111111111111111111
1111011111110111111101111110111111111101111111111111111111111111111111111111111111101111111111011111111111110111110011111111111011111111110111111100001111111111111111111111111111111111181111111111111111
1111100111101111111110111101111111111101111111111111111111111111111111111111111111101111111110111111111111110111101111111111111011111111110111000011111111111111111111111111111111111111181111111111111111
1111111011011111111111011011111111111110111111111111111111111111111111111111111111110111111101111111111111110110011111111111111011111100000000111111111111111111111111111111111111111111118111111111111111
1111111100111111111111000111111111111110111111111111111111111111111111111111111111110111111011111111111111110101111111111111111000000011110111111111111111111111111111111111111111111111111811111111111111
1111111101111111111110101111111111111110111111111111111111111111111111111111111111111011110111111111111111110011111111111111100011111111110111111111111111111111111111111111111111111111111811111111111111
1111111101111111111101110111111111111111011111111111111111111111111111111111111111111011101111111111111100000000000000000000011011111111110111111111111111111111111111111111111111111111111811111111111111
1111111101111111111011110111111111111111011111111111111111111111111111111111111111111011011111000000000011111111111111011111111011111111110111111111111111111111111111111111111111111111111181111111111111
1111111101111111110111111011111111111111101111111111111111111111111111111111111111111010000000111111111111111111111111011111111011111111110111111111111111111111111111111111111111111111111181111111111111
1111111110111100001111111101111111111111110111111111111111111111111111111111111111111101111111111111111111111111111111101111111011111111111011111111111111111111111111111111111111111111111118111111111111
1111111110111011111111111110111111111111111011111111111111111111111111111111111100000001111111111111111111111111111111101111111011111111111011111111111111111111111111111111111111111111111111811111111111
1111111110100111111111111110111111111111111101111111111111111111111111111110000011111101111111111111111111111111111111101111111011111111111011111111111111111111111111111111111111111111111111181111111111
1111111111011111111111111111011111111111111110111100000000000000000000000001111111111101111111111111111111111111111111101111111011111111111011111111111111111111111111111111111111111111111111181111111111
1111111111011111111111111111011111111111111110111011110111111111011111111111111111111101111111111111111111111111111111101111111011111111111011111111111111111111111111111111111111111111111111118111111111
1111111111011111111111111111101111111111000000000011110111111111101111111111111111111101111111111111111111111111111111101111111011111111111011111111111111111111111111111111111111111111111111118111111111
1111111111011111111111111111110111111000111101111011111011111111101111111111111111111101111111111111111111111111111111101111111011111111111011111111111111111111111111111111111111111111111111111811111111
1111111111011111111111111111110111110101111101111011111011111111101111111111111111111101111111111111111111111111111111101111111011111111111011111111111111111111111111111111111111111111111111111811111111
1111111111011111111111111110000000001011111101111011111011111111101111111111111111111101111111111111111111111111111111101111111011111111111011111111111111111111111111111111111111111111111111111181111111
1111111111101111111111111101111111110111111101111011111101111111101111111111111111111101111111111111111111111111111111101111111011111111111011111111111111111111111111111111111111111111111111111181111111
1111111111101111111110000011111111101111111101111011111101111111101111111111111111111110111111111111111111111111111111101111111101111111111011111111111111111111111111111111111111111111111111111118111111
1111111111101111111101111111111111011111111100111011111101111111101111111111111111111110111111111111111111111111111111101111111101111111111011111111111111111111111111111111111111111111111111111118111111
1111111111101111100011111111111100111111111101011011111101111111101111111111111111111110111111111111111111111111111111101111111101111111111011111111111111111111111111111111111111111111111111111111811111
1111111111101000011111111111111011111111111101100000000001111111101111111111111111111110111111111111111111111111111111101111111101111111111011111111111111111111111111111111111111111111111111111111811111
1111111111100111111111111111110111111111111011111011111101111111110111111111111111111110111111111111111111111111111111101111111101111111111011111111111111111111111111111111111111111111111111111111811111
1111111111101111111111111111101111111111111011111011111101111111110111111111111111111111011111111111111111111111111111110111111101111111111011111111111111111111111111111111111111111111111111111111811111
1111111111101111111111111111011111111111111011111011111101111111110111111111111111111111011111111111111111111111111111111011111101111111111011111111111111111111111111111111111111111111111111111111811111
1111111111101111111111111100111111111111110111110111111101111111110111111111111111111111011111111111111111111111111111111011111101111111111011111111111111111111111111111111111111111111111111111111811111
1111111111101111111111111011111111111111101111101111111101111111110111111111111111111111011111111111111111111111111110000011111101111111111011111111111111111111111111111111111111111111111111111111811111
1111111111101111111111110111111111111111101111101111111101111111110111111111111111111111011111111111111111111111111101111111111101111111111011111111111111111111111111111111111111111111111111111111811111
1111111111101111111111101111111111111111101111101111111101111111110111111111111111111111011111111111111111111111111011111111111101111111111011111111111111111111111111111111111111111111111111111111811111
1111111111101111111111011111111111111111011111101111111101111111110111111111111111111111011111111111111111111111100111111111111101111111111011111111111111111111111111111111111111111111111111111111811111
1111111111101111111110111111111111111111011111101111111101111111110111111111111111111111101111111111111111111111101111111111111110111111111101111111111111111111111111111111111111111111111111111111811111
1111111111101111111101111111111111111111011111101111111101111111110111111111111111111111101111111111111111111111011111111111100000000000000001111111111111111111111111111111111111111111111111111111811111
1111111111101111111011111111111111111111000000000000000001111111110111111111111111111111101111111111111111111110111111100000011111111111111101111111111111111111111111111111111111111111111111111111811111
1111111111101111110111111111111111111111111111011111111110111111110111111111111111111111101111111111111111111101100000011111111111111111111101111111111111111111111111111111111111111111111111111111811111
1111111111101111101111111111111111111111111111011111111110111111110111111111111111111111101111111111111111111100011111111111111111111111111101111111111111111111111111111111111111111111111111111111811111
1111111111101111011111111111111111111111111111011111111110111111111011111111111111111111101111111111111111111001111111111111111111111111111101111111111111111111111111111111111111111111111111111118111111
1111111111101110111111111111111111111111111111011111111110111111111011111111111111111111101111111111111111110011111111111111111111111111111101111111111111111111111111111111111111111111111111111118111111
1111111111101101111111111111111111111111111111011111111110111111111011111111111111111111101111111111111100000111111111111111111111111111111011111111111111111111111111111111111111111111111111111118111111
1111111111101011111111111111111111111111111111011111111110111111111011111111111111111111100000000000000011111011111111111111111111111111111011111111111111111111111111111111111111111111111111111181111111
1111111111100111111111111111111111111111111111101111111110111111111000000000000000000000001111111111111111111011111111111111111111111111111011111111111111111111111111111111111111111111111111111181111111
1111111111100000000000000000011111111111111111101111111110111111111011111111111111111111101111111111111111111101111111111111111111111111111011111111111111111111111111111111111111111111111111111811111111
1111111111101111111111111111100000000000000000001111111110111111111011111111111111111111101111111111111111111101111111111111111111111111111011111111111111111111111111111111111111111111111111111811111111
1111111111101111111111111111111111111111111111101111111110111111111011111111111111111111101111111111111111111101111111111111111111111111111011111111111111111111111111111411111111111111111111118111111111
1111111111101111111111111111111111111111111111101111111110111111111011111111111111111111101111111111111111111101111111111111111111111111111011111111111111111111111111114444411111111111111111181111111111
1111111111110111111111111111111111111111111111101111111110111111111011111111111111111111101111111111111111111101111111111111111111111111111011111111111111111111111111144444444441111111111111181111111111
1111111111111011111111111111111111111111111111101111111110111111111101111111111111111111101111111111111111111101111111111111111111111111111011111111111111111111111111144444444444444111111111811111111111
1111111111111011111111111111111111111111111111110111111111011111111101111111111111111111101111111111111111111101111111111111111111111111111011111111111111111111111111144444444444444444411118111111111111
1111111111111101111111111111111111111111111111111011111111011111111101111111111111111111101111111111111111111101111111111111111111111111111011111111111111111111111111144444444444444444411118111111111111
1111111111111101111111111111111111111111111111111011111111011111111101111111111111111111110111111111111111111101111111111111111111111111110011111111111111111111111111444444444444444444111181111111111111
1111111111111101111111111111111111111111111111111011111111011111111101111111111111111111110111111111111111111110111111111111111111100000000111111111111111111111111111444444444444444444111181111111111111
1111111111111110111111111111111111111111111111111011111000011111111101111111111111111111110111111111111111111110110000000000000000011111101111111111111111111111111111444444444444444444111811111111111111
1111111111111111011111111111111111111111111111111010000111011111111101111111111111111111110111111111111000000000001111111111111111111111011111111111111111111111111114444444444444444441111811111111111111
1111111111111111011111111111111111111111111111111001111111011111111101111111111111111111110100000000000111111111111111111111111111111110111111111111111111111111111114444444444444444441118111111111111111
1111111111111111011111111111111111111111111111111111111111011111111101111111111111111111111011111111111111111111111111111111111111111101111111111111111111111111111114444444444444444441181111111111111111
1111111111111111011111111111111111111111111111111111111111011111111101111111111111111111111011111111111111111111111111111111111111111101111111111111111111111111111144444444444444444411181111111111111111
1111111111111111101111111111111111111111111111111111111111011111111101111111111111111111111011111111111111111111111111111111111111111011111111111111111111111111111144444444444444444411811111111111111111
1111111111111111110111111111111111111111111111111111111111011111111110111111111111111111111101111111111111111111111111111111111111110111111111111111111111111111111144444444444444444411811111111111111111
1111111111111111110111111111111111111111111111111111111111011111111110111111111111111111111101111111111111111111111111111111111111101111111111111111111111111111111444444444444444444118111111111111111111
1111111111111111111011111111111111111111111111111111111111011111111110111111111111111111111101111111111111111111111111111111111111011111111111111111111111111111111444444444444444444118111111111111111111
1111111111111111111011111111111111111111111111111111111111011111111110111111111111111111111101111111111111111111111111111111111111011111111111111111111111111111111444444444444444444444444444444411111111
1111111111111111111011111111111111111111111111111111111111011111111110111111111111111111111101111111111111111111111111111111111110111111111111111111111111111111114444444444444444444444444444444111111111
1111111111111111111011111111111111111111111111111111111111011111111110111111111111111111111101111111111111111111111111111111111101111111111111111111111111111111114444444444444444444444444444444111111111
1111111111111111111011111111111111111111111111111111111111011111111110111111111111111111111101111111111111111111111111111111111011111111111111111111111111111111114444444444444444444444444444441111111111
1111111111111111111101111111111111111111111111111111111111011111111110111111111111111111111101111111111111111111111111111111110111111111111111111111111111111111144444444444444444444444444444441111111111
1111111111111111111101111111111111111111111111111111111111101111111111011111111111111111111101111111111111111111111111111111101111111111111111111111111111111111144444444444444444444444444444441111111111
1111111111111111111101111111111111111111111111111111111111101111111111011111111111111111111101111111111111111111111111111111011111111111111111111111111111111111144444444444444444444444444444411111111111
1111111111111111111110111111111111111111111111111111111111101111111111011111111111111111111101111111111111111111111111111110111111111111111111111111111111111111444444444444444444444444444444411111111111
1111111111111111111110111111111111111111111111111111111111101111111111011111111111111111111101111111111111111111111111111101111111111111111111111111111111111111444444444444444444444444444444111111111111
1111111111111111111111011111111111111111111111111111111111101111111111011111111111111111111101111111111111111111111111111011111111111111111111111111111111111111444444444444444444444444444444111111111111
1111111111111111111111101111111111111111111111111111111111101111111111011110000000000000000001111111111111111111111111110111111111111111111111111111111111111114444444444444444444444444444441111111111111
1111111111111111111111101111111111111111111111111111111111110000000000000001111111111111111101111111111111111111111111101111111111111111111111111111111111111114444444444444444444444444444441111111111111
1111111111111111111111110111111111111111111111111111111111110111111111111111111111111111111101111111111111111111111111011111111111111111111111111111111111111114444444444444444444444444444441111111111111
1111111111111111111111110111111111111111111111111111111111110111111111111111111111111111111101111111111111111111111110111111111111111111111111111111111111111144444444444444444444444444444411111111111111
1111111111111111111111110111111111111111111111111111111111110111111111111111111111111111111101111111111111111111111101111111111111111111111111111111111111111144444444444444444444444444444411111111111111
1111111111111111111111110111111111111111111111111111111111111011111111111111111111111111111110111111111111111111111011111111111111111111111111111111111111111144444444444444444444444444444111111111111111
1111111111111111111111111011111111111111111111111111111111111011111111111111111111111111111110111111111111111111110111111111111111111111111111111111111111111444444444444444444444444444444111111111111111
1111111111111111111111111011111111111111111111111111111111111011111111111111111111111111111110111111111111111111101111111111111111111111111111111111111111111444444444444444444444444444444111111111111111
1111111111111111111111111101111111111111111111111111111111111011111111111111111111111111111110111111111111111111011111111111111111111111111111111111111111111444444444444444444444444444441111111111111111
1111111111111111111111111110111111111111111111111111111111111101111111111111111111111111111110111111111111111110111111111111111111111111111111111111111111114444444444444444444444444444441111111111111111
1111111111111111111111111110111111111111111111111111111111111101111111111111111111111111111111011111111111111101111111111111111111111111111111111111111111114444444444444444444444444444411111111111111111
1111111111111111111111111110111111111111111111111111111111111101111111111111111111111111111111011111111111111001111111111111111111111111111111111111111111114444444444444444444444444444411111111111111111
1111111111111111111111111110111111111111111111111111111111111101111111111111111111111111111111011111111111110110011111111111111111111111111111111111111111144444444444444444444444444444111111111111111111
1111111111111111111111111110111111111111111111111111111111111101111111111111111111111111111111101111111111101111100111111111111111111111111111111111111111144444444444444444444444444444111111111111111111
1111111111111111111111111111011111111111111111111111111111111101111111111111111111111111111111101111111111011111111011111111111111111111111111111111111111144444444444444444444444444444111111111111111111
1111111111111111111111111111101111111111111111111111111111111101111111111111111111111111111111110111111111011111111101111111111111111111111111111111111111444444444444444444444444444441111111111111111111
1111111111111111111111111111110111111111111111111111111111111101111111111111111111111111111111110111111110111111111101111111111111111111111111111111111111444444444444444444444444444441111111111111111111
1111111111111111111111111111111011111111111111111111111111111101111111111111111111111111111111110111111101111111111101111111111111111111111111111111111111444444444444444444444444444411111111111111111111
1111111111111111111111111111111011111111111111111111111111111101111111111111111111111111111111111011111011111111111101111111111111111111111111111111111114444444444444444444444444444411111111111111111111
1111111111111111111111111111111011111111111111111111111111111101111111111111111111111111111111111011111011111111111011111111111111111111111111111111111114444444444444444444444444444411111111111111111111
1111111111111111111111111111111101111111111111111111111111111101111111111111111111111111111111111011110111111111111011111111111111111111111111111111111114444444444444444444444444444111111111111111111111
1111111111111111111111111111111101111111111111111111111111111101111111111111111111111111111111111011101111111111110111111111111111111111111111111111111144444444444444444444444444444111111111111111111111
1111111111111111111111111111111101111111111111111111111111111101111111111111111111111111111111111011011111111111101111111111111111111111111111111111111144444444444444444444444444441111111111111111111111
1111111111111111111111111111111101111111111111111111111111111101111111111111111111111111111111111010111111111111101111111111111111111111111111111111111144444444444444444444444444441111111111111111111111
1111111111111111111111111111111101111111111111111111111111111000000000000000001111111111111111111001111111111111011111111111111111111111111111111111111444444444444444444444444444411111111111111111111111
1111111111111111111111111111111110111111111111111111111000000111111111111111110000000000000000000011111111111111011111111111111111111111111111111111111444444444444444444444444444411111111111111111111111
1111111111111111111111111111111110111111111111111110000111111111111111111111111111111111111111110100111111111110111111111111111111111111111111111111111444444444444444444444444444411111111111111111111111
1111111111111111111111111111111110111111111111111001111111111111111111111111111111111111111111101111000111111110111111111111111111111111111111111111114444444444444444444444444444111111111111111111111111
1111001111111111111111111111111110111111111111110111111111111111111111111111111111111111111111011111111011111101111111111111111111111111111111111111114444444444444444444444444444111111111111111111111111
1111010000000001111111111111111110111111111111001111111111111111111111111111111111111111111110111111111100000001111111111111111111111111111111111111114444444444444444444444444441111111111111111111111111
1111011111111110000000000000001110111100000000111111111111111111111111111111111111111111111101111111111111111101111111111111111111111111111111111111144444444444444444444444444441111111111111111111111111
1111011111111111111111111111110000000011111111111111111111111111111111111111111111111111111011111111111111111111111111111111111111111111111111111111144444444444444444444444444441111111111111111111111111
1110111111111111111111111111111110111000111111111111111111111111111111111111111111111111110111111111111111111111111111111111111111111111111111111111144444444444444444444444444411111111111111111111111111
1110111111111111111111111111111110111111000111111111111111111111111111111111111111111111101111111111111111111111111111111111111111111111111111111111144444444444444444444444444411111111111111111111111111
1110111111111111111111111111111110111111111000000000000000001111111111111111111111111111011111111111111111111111111111111111111111111111111111111111144444444444444444444444444411111111111111111111111111
1110111111111111111111111111111110111111111111111101111111110000000000000000000000000010111111111111111111111111111111111111111111111111111111111111144444444444444444444444444411111111111111111111111111
1110111111111111111111111111111110111111111111111101111111111111111101111111111111111100111111111111111111111111111111111111111111111111111111111111144444444444444444444444444411111111111111111111111111
1110111111111111111111111111111110111111111111111101111111111111111101111111111111111101000000000000111111111111111111111111111111111111111111111111144444444444444444444444444411111111111111111111111111
1110111111111111111111111111111110111111111111111101111111111111111101111111111111111101111111111111011111111111111111111111111111111111111111111111444444444444444444444444444411111111111111111111111111
1110111111111111111111111111111110111111111111111101111111111111111101111111111111111101111111111111000011111111111111111111111111111111111111111111444444444444444444444444444411111111111111111111111111
1110111111111111111111111111111110111111111111111101111111111111111101111111111111111101111111111111011100000000111111111111111111111111111111111111444444444444444444444444444411111111111111111111111111
1110111111111111111111111111111110111111111111111101111111111111111101111111111111111011111111111111011111111111000001111111111111111111111111111111444444444444444444444444444411111111111111111111111111
1110111111111111111111111111111110111111111111111101111111111111111101111111111111111011111111111111011111111111111101111111111111111111111111111111444444444444444444444444444411111111111111111111111111
1110111111111111111111111111111110111111111111111101111111111111111101111111111111111011111111111110111111111111111011111111111111111111111111111111444444444444444444444444444441111111111111111111111111
1110111111111111111111111111111110111111111111111101111111111111111101111111111111111011111111111110111111111111111011111111111111111111111111111114444444444444444444444444444444441111111111111111111111
1100000000000001111111111111111101111111111111111101111111111111111101111111111111111011111111111110111111111111111011111111111111111111111111111114444444444444444444444444444444444441111111111111111111
1111111111111110001111111111111011111111111111111101111111111111111101111111111111111011111111111110111111111111111011111111111111111111111111111114444444444444444444444444444444444444441111111111111111
1111111111111111110001111111111011111111111111111101111111111111111011111111111111111011111111111110111111111111111011111111111111111111111111111114444444444444444444444444444444444444444441111111111111
1111111111111111111110000000000011111111111111111101111111111111111011111111111111111011111111111110111111111111111011111111111111111111111111111114444444444444444444444444444444444444444444441111111111
1111111111111111111111111111111100011111111111111101111111111111111011111111111111111011111111111110111111111111111011111111111111111111111111111114444444444444444444444444444444444444444444444441111111
1111111111111111111111111111111111100000000111111101111111111111111011111111111111111011111111111110111111111111111011111111111111111111111111111144444444444444444444444444444444444444444444444444441111
1111111111111111111111111111111111111111111011111101111111111111111011111111111111111011111111111110111111111111111011111111111111111111111111111144444444444444444444444444444444444444444444444444444441
1111111111111111111111111111111111111111111100000000000011111111111011111111111111111011111111111110111111111111111011111111111111111111111111111144444444444444444444444444444444444444444444444444444441
1111111111111111111111111111111111111111111111111111111100000000000000111111111111111011111111111110111111111111111011111111111111111111111111111144444444444444444444444444444444444444444444444444444441
1111111111111111111111111111111111111111111111111111111111111111111111000000000001110111111111111110111111111111110111111111111111111111111111111144444444444444444444444444444444444444444444444444444441
1111111111111111111111111111111111111111111111111111111111111111111111111111111110001111111111111110111111111111110111111111111111111111111111111444444444444444444444444444444444444444444444444444444441
1111111111111111111111111111111111111111111111111111111111111111111111111111111111110000111111111110111111111111110111111111111111111111111111111444444444444444444444444444444444444444444444444444444441
1441111111111111111111111111111111111111111111111111111111111111111111111111111111111111000000000000000000000001110111111111111111111111111111111444444444444444444444444444444444444444444444444444444441
1444111111111111111111111111111111111111111111111111111111111111111111111111111111111111111111111111111111111110110111111111111111111111111111111444444444444444444444444444444444444444444444444444444441
1444444111111111111111111111111111111111111111111111111111111111111111111111111111111111111111111111111111111111000111111111111111111111111111111444444444444444444444444444444444444444444444444444444441
1444444444111111111111111111111111111111111111111111111111111111111111111111111111111111111111111111111111111111111111111111111111111111111111111444444444444444444444444444444444444444444444444444444441
1444444444444111111111111111111111111111111111111111111111111111111111111111111111111111111111111111111111111111111111111111111111111111111111114444444444444444444444444444444444444444444444444444444441
1444444444444444111111111111111111111111111111111111111111111111111111111111111111111111111111111111111111111111111111111111111111111111111111114444444444444444444444444444444444444444444444444444444441
1444444444444444444111111111111111111111111111111111111111111111111111111111111111111111111111111111111111111111111111111111111111111111111111114444444444444444444444444444444444444444444444444444444441
1444444444444444444444444444444444411111111111111111111111111111111111111111111111111111111111111111111111111111111111111111111111111111111111114444444444444444444444444444444444444444444444444444444441
1444444444444444444444444444444444444111111111111111111111111111111111111111111111111111111111111111111111111111111111111111111111111111111111114444444444444444444444444444444444444444444444444444444441
1444444444444444444444444444444444444441111111111111111111111111111111111111111111111111111111111111111111111111111111111111111111111111111111114444444444444444444444444444444444444444444444444444444441
1444444444444444444444444444444444444444411111111111111111111111111111111111111111111111111111111111111111111111111111111111111111111111111111144444444444444444444444444444444444444444444444444444444441
1444444444444444444444444444444444444444444111111111111111111111111111111111111111111111111111111111111111111111111111111111111111111111111111144444444444444444444444444444444444444444444444444444444441
1444444444444444444444444444444444444444444411111111111111111111111111111111111111111111111111111111111111111111111111111111111111111111111111144444444444444444444444444444444444444444444444444444444441
1444444444444444444444444444444444444444444441111111111111111111111111111111111111111111111111111111111111111111111111111111111111111111111111144444444444444444444444444444444444444444444444444444444441
1444444444444444444444444444444444444444444444111111111111111111111111111111111111111111111111111111111111111111111111111111111111111111111111144444444444444444444444444444444444444444444444444444444441
1444444444444444444444444444444444444444444444411111111111111111111111111111111111111111111111111111111111111111111111111111111111111111111111144444444444444444444444444444444444444444444444444444444441
1444444444444444444444444444444444444444444444441111111111111111111111111111111111111111111111111111111111111111111111111111111111111111111111444444444444444444444444444444444444444444444444444444444441
1444444444444444444444444444444444444444444444444444444444111111111111111111111111111111111111111111111111111111111111111111111111111111111111444444444444444444444444444444444444444444444444444444444441
1444444444444444444444444444444444444444444444444444444444444444444411111111111111111111111111111111111111111111111111111111111111111111111111444444444444444444444444444444444444444444444444444444444441
1444444444444444444444444444444444444444444444444444444444444444444444444444411111111111111111111111111111111111111111111111111111111111111111444444444444444444444444444444444444444444444444444444444441
1444444444444444444444444444444444444444444444444444444444444444444444444444444444444411111111111111111111111111111111111111111111111111111111444444444444444444444444444444444444444444444444444444444441
1444444444444444444444444444444444444444444444444444444444444444444444444444444444444444444441111111111111111111111111111111111111111111111111444444444444444444444444444444444444444444444444444444444441
1111111111111111111111111111111111111111111111111111111111111111111111111111111111111111111111111111111111111111111111111111111111111111111111111111111111111111111111111111111111111111111111111111111111