111111111111111111111111111111111111111111111111111111111111111111111111111111111111111111111111111111
111111111111111111111111111111111111111111111111111111111111111111111111111181111111111111111111111111
111111111111111111111111111111111111111111111111111111888888888888888888888811000000000000000111111111
111111111111111111111111111111111111111111111888888888111111111111111111111110101111111111111000000011
111111111111111111111111111111111111111111888111111111110011111111111111111101101111111111111111110011
111111111111111111111111111111111111111188111111111111001101111111111111111011110111111111111111101011
111111111111111111111111111111111111888811111111111110111110111000001111100111111011111111111110011011
111111111111111111111111111111118888111111111111111101011111000111110111011111111011111111111101111011
111111111111111111111111111888881111111111111111111101011111011111111010111111111101111111111011111011
111111111111111111111111118111111111111111111111111011101111011111111100011111111001111111100111111011
111111111111111111111111811111111111111111111111111011101111011111111011101111110111111111011111111011
111111111111111111111181111111111111111110000000000011101111101111110111110000000111111100111111111011
111111111111111111118111111111111111111001111101110111101111101100001111111110111000111011111111111011
111111111111111111181111111111111111110111111101110111101111100011110011111101111111000111111111111011
111111111111111111811111111111111110001111111101110111101111101111111100111011111111011111111111111011
111111111111111181111111111111111101111111111101110111101111101111111111000111111110111111111111111011
111111111111111811111111111110000011111111111110000000000000001111111111010011111101111111111111111011
111111111111118111111111111101101100111111111110110111101111100111111110111100011101111111111111111011
111111111111811111111111110011101111001111111110110111101111101011111101111111100011111111111111111011
111111111118111111111111100001101111110000000000000000001111101100000011111111110111111111111111111011
111111111181111111111111001110101111111111111111110111101111101111011111111111101111111111111111111011
111111111811111111111100101111001111111111111111110111101111101110111111111111011111111111111111111011
111111118111111111111011101111100000000000000000000111101111101110111111111110111111111111111111111011
111111118111111111000111101111101111111111111111110000000000000110111111111101111111111111111110000011
111111118111111110111111101111011111111111111111111111111111111000011111111101111111111111111001111111
111111118111111001111111101111011111111111111111111111111111111110101111111011111111111111100111111111
111111181111110111111111101111011111111111111111111111111111111110110000110111111111111100011111111111
111111181100001111111111101111011111111111111111111111111111111110111111000111111001111011111111111111
111111181011111111111111101111011111111111111111111111111111111110111110011011111010000111111111111111
111111811101111111111111100001011111111111111111111111111111111111011101111101111010101111111111111111
111111811101111111111111101110011111111111111111111111111111111111101011111110111010101111111111111111
111111811101111111111111101111011111111111111111111111111111111111110111111111011010101111111111111111
111111811110111111111111101111011111111111111111111111111111111111101111111111101010101111111111111111
111118111110111111111111101111011111111111111111111111111111111111011111111111110010101111111111111111
111118111111011111111111100111011111111111111111111111111111111110111111111111111010101111111111111111
111118111111011111111111101000011111111111111111111111111111111101011111111111111100000001111111111111
111181111111011111111111101111011111111111111111111111111111111011101111111111111101111100111111111111
111181111111011111111111101111011111111111111111111111111111111011110011111111000011111101011111111111
111181111111011111111110001111011111111111111111111111111111111011111101000000111111111101101111111111
111181111111000000000001101111011111111111111111111111111111110111111110111111111111111011110111111111
111181111111011111111111101111011000111111111111111111111111101011111100111111111111110111111011111111
111181111111101111111111101111011011000000000000000000011111011101111001111111111111110111111101111111
111181111111101111111111101111011011111111111111011111100000111110000011111111111111110111111110111111
111181111111101111111111101111011011111111111111011111011101011110111011111111111111101111111111011111
111181111111110111111111101111011011111111111111011110111101101101111011111111111111101111111111100111
111181111111111011111111101111000000000000000000000110111101110011111011111111111111101111111111111011
111181111111111011111111011111111111111111111111011000111001110111111011111111111111011111111111111011
111181111111111011111111011111111111111111111111011101111010101111110011111111111110111111111111110111
111181111111111101111111011111111111111111111110111101111011001111110100000011111110111111111111110111
111181111111111101111111011111111111111111111110111011110111110111110111111100011110111111111111110111
111181111111111000000000000000000011111111111110011011101111111011101111111101100000111111111111110111
111181100000000101111111011111111000111111111110100011101111111011101111111011111011000011111111110111
111181011111111101111111011111111011000011111110111011101111111101101111111011111011111100001111110111
111181101111111110111111011111111011111011111110111011101111111101011111111011111011111111110011110111
111181110111111110111111011111111011111011111110110111011111111110111111111000000011111111111100001111
111181110111111110111111011111111011111000000000010111011111111111011111110111111011111111111111111111
111181110111111110111111011111111011111111111111100111011111111111100000010111111011111111111111111111
111181110111111110111111011111111000001111111111111000011111111111011111100111111011111111111111111111
111181111011111110111111101000000011101111111111111111011111111110111111110111111011111111111111111111
111181111011111110000000000111111111101111111111111111011111111110111111110111110111111111111111111111
111181111011111111111111101111111111101111111111111110111111111101111111111011101111111111111111111111
111118111011111111111111101111111111101111111111111110111111111011111111111101011111111111111111111111
111118111011111111111111101111111111101111111111111101111100111011111111111101011111111111111111111111
111118111101111111111111101111111111101111111111110011111011000111000000000000111111111111111111111111
111111811110111111111111101111111111101111111111101001111011101110111111111110111111111111111111111111
111111811111011111111111101111111111101110000000011010110111101101111111111110111111111111111111111111
111111811111101111111111101111111111101101101111111011000000011101111111111111011111111111111111111111
111111181111110111111111101111100000000011101111111011110111001011111111111111101111111111111111111111
111111181111111011111111100000011111101111101111111011110111110000000000000000001111111111111111111111
111111181111111011111111101111111111101111110000000111110111110111111101111111101111111111111111111111
111111181111111101111111101111111111101111111111110111110111101111111101111111101111111111111111111111
111111181111111110111111101111111111101111111111110111110111101111111011111111011111111111111111111111
111111118111111110111111101111111111101111111111110111110111101111110111111110111111111111111111111111
111111118111111111011111101111111111101111111111110111110111101111101111111110111111111111111111111111
111111118111111111011111101111111111101111111111110000000000000000101111111110111111111111111111111111
111111118111111111101111100000000000001111111111110111111111111111001111111110111111111111111111111111
111111111811111111101111101111111111111111111111110111111111111111111111111101111111111111111111111111
111111111811111111110111101111111111111111111111110111111111111111111111111101111111111111111111111111
111111111181111111110111101111111111111111111111110111111111111111111111111101111111111111111111111111
111111111181111111110111101111111111111100000000000000011111111100000000000011111111111111111111111111
111111111118111111110111101111111111111101101110110111100111110011111111111011111111111111111111111111
111111111111811111110111101111111111111101101110110111111000001111111111111011111111111111111111111111
111111111111181111111011110000000000111101101110110111111111111111111111111011111111111111111111111111
111111111111118111111011101110111111011101101110110111111111111111111111111011111111111111111111111111
111111111111111811111100011110111000000000000000110111111111111111111111111011111111111111111111111111
111111111111111181111101111110000111111111110000000000000000000000000000000011111111111111111111111111
111111111111111118111110111111111111000000001111111111111111111111111111111011111111111111111111111111
111111111111111111811110111111111100111111111111111111111111111111111111111111111111111111111111111111
111111111111111111181111011110000011111111111111111111111111111111111111111111111111111111111111111111
111111111111111111118111100001111111111111111111111111111111111111111111111111111111111111111111111111
111111111111111111111811111111111111111111111111111111111111111111111111111111111111111111111111111111
144444444444444444444444444444444444444444444444444444444444444444444444444444444444444444444444444441
144444444444444444444444444444444444444444444444444444444444444444444444444444444444444444444444444441
144444444444444444444444444444444444444444444444444444444444444444444444444444444444444444444444444441
144444444444444444444444444444444444444444444444444444444444444444444444444444444444444444444444444441
144444444444444444444444444444444444444444444444444444444444444444444444444444444444444444444444444441
144444444444444444444444444444444444444444444444444444444444444444444444444444444444444444444444444441
144444444444444444444444444444444444444444444444444444444444444444444444444444444444444444444444444441
144444444444444444444444444444444444444444444444444444444444444444444444444444444444444444444444444441
144444444444444444444444444444444444444444444444444444444444444444444444444444444444444444444444444441
144444444444444444444444444444444444444444444444444444444444444444444444444444444444444444444444444441
111111111111111111111111111111111111111111111111111111111111111111111111111111111111111111111111111111