111111111111111111111111111111111111111111111111111111111111111111111111111111111111111111111111111111
111111111111111111111111111111111111111111111111111111111111111111111111111111111111111111111111111111
111111111111111111111111111111111111111111111111111111111111111111111111111111000011111111111111111111
111111111111111111111111111111111111111111111111111111111111111111111111111110011100000000000000000011
111111111111111111111111111111111111111111111111111111111011111111111111111101101111111111111111110011
111111111111111111111111111111111111111111111111111111100101111111111111111011101111111111111111101011
111111111111111111111111111111111111111111111111111110011110111110001111110111101111111111111110011011
111111111111111111111111111111111111111111111111111101011111000001110111101111110111111111111101111011
111111111111111111111111111111111111111111111111111101011111011111111010011111111011111111111011111011
111111111111111111111111111111111111111111111111111011101111011111111100001111110001111111110111111011
111111111111111111111111111111111111111111111111111011101111011111111011110001101111111111101111111011
111111111111111111111111111111111111111111100000000011101111101111110111111110011111111000011111111011
111111111111111111111111111111111111110000011101111011101111100000000111111101101111110111111111111011
111111111111111111111111111111111111101111111101111011101111101111111011111011110000001111111111111011
111111111111111111111111111111111110011111111110111011101111101111111100110111111111011111111111111011
111111111111111111111111111111111001111111111110111011101111101111111111000000111111011111111111111011
111111111111111111111111111110000011111111111110000000000000000111111111011111011110111111111111111011
111111111111111111111111111001101101111111111110110111101111101011111110111111100101111111111111111011
111111111111111111111111110111101110111111111110110111101111101101111001111111111011111111111111111011
111111111111111111111111100111101111000000000000000000001111101110000111111111110111111111111111111011
111111111111111111111111001001101111111111111111110111101111101111101111111111101111111111111111111011
111111111111111111111100101110101111111111111111110111101111101111011111111111011111111111111111111011
111111111111111111111011101111000000000111111111110111101111101111011111111110111111111111111111111011
111111111111111111100111101111101111111000000000000000000000000011011111111101111111111111111111100011
111111111111111000011111101111101111111111111111111111111111111100011111111011111111111111111110011111
111111111111100111111111101111011111111111111111111111111111111110100111110111111111111111111001111111
111111111111011111111111101111011111111111111111111111111111111110111000101111111111111111000111111111
111111111110111111111111101111011111111111111111111111111111111110111111001111111001111110111111111111
111111111001111111111111101111011111111111111111111111111111111110111110110111111010000001111111111111
111111111011111111111111100111011111111111111111111111111111111111011101111011111010101111111111111111
111111111101111111111111101000011111111111111111111111111111111111101011111101111010101111111111111111
111111111101111111111111101111011111111111111111111111111111111111110111111110111010101111111111111111
111111111101111111111111101111011111111111111111111111111111111111101111111111001010101111111111111111
111111111101111111111111101111011111111111111111111111111111111111011111111111110010101111111111111111
111111111101111111111111100000011111111111111111111111111111111110111111111111111000101111111111111111
111111111110111111111111101111011111111111111111111111111111111101011111111111111100000001111111111111
111111111111011111111111101111011111111111111111111111111111111011100111111000000011111100111111111111
111111111111011111111111101111011111111111111111111111111111110111111011110111111111111101011111111111
111111111111011111100000001111011111111111111111111111111111110111111101101111111111111011101111111111
111111111111000000011111101111011111111111111111111111111111110111111100011111111111110111110111111111
111111111111101111111111101111011000000000111111111111111111101011110010111111111111110111111011111111
111111111111101111111111101111011011111111000000001111111111011101101101111111111111101111111100111111
111111111111101111111111101111011011111111111111010000000000111110011101111111111111011111111111011111
111111111111110111111111011111011011111111111111011111101101001110111101111111111111011111111111101111
111111111111110111111111011111011011111111111111011111011101110101111101111111111111011111111111110111
111111111111110111111111011111000000000000000000000000111101111011111011111111111111011111111111111011
111111111111111011111111011111111111111111111111011110111011111011111011111111111110111111111111110111
111111111111111011111111011111111111111111111111011110110101110111110011111111111110111111111111110111
111111111111111101111111011111111111111111111111011101110110001111110100000111111110111111111111110111
111111111111111101111111011111111111111111111110111011110111101111101111111000011110111111111111110111
111111111111000000000000000000000001111111111110001011110111110111011111111101100000000001111111110111
111111110000111101111111011111110110001111111110110011110111111011011111111011111011111110000011110111
111111001111111101111111011111110111110011111110111011101111111100111111111011111011111111111101110111
111111011111111110111111011111110111111011111110111011101111111110111111111011111011111111111110010111
111111101111111110111111011111110111111011111110110111101111111110111111111000000011111111111111101111
111111110111111110111111101111110111111000000000010111101111111111011111111011111011111111111111111111
111111111011111110111111101111110111111111111111100000101111111111101111110111111011111111111111111111
111111111011111110111111101111111000001111111111111111011111111111010000000111110111111111111111111111
111111111011111110111111101111100011101111111111111111011111111110111111110111101111111111111111111111
111111111101111110000000000000011111101111111111111111011111111101111111110111101111111111111111111111
111111111101111111111111101111111111101111111111111111011111111011111111111011101111111111111111111111
111111111101111111111111101111111111101111111111111110111111110111111111111101011111111111111111111111
111111111110111111111111101111111111101111111111111101111101110111111111111110011111111111111111111111
111111111111011111111111101111111111101111111110000011111100000111000000000000111111111111111111111111
111111111111101111111111101111111111101111110001111001111101110111011111111110111111111111111111111111
111111111111110111111111101111111111101000001111110110111011101110111111111111011111111111111111111111
111111111111111011111111101111111111100111101111110111000011011101111111111111101111111111111111111111
111111111111111101111111100000000000001111110111110111110100001101111111111111101111111111111111111111
111111111111111101111111101111111111101111110111110111110111110000000000000000001111111111111111111111
111111111111111110111111101111111111101111110000000111110111111011111101111111101111111111111111111111
111111111111111110111111101111111111101111111111110111110111110111111011111111101111111111111111111111
111111111111111111011111101111111111101111111111110111110111110111111011111111101111111111111111111111
111111111111111111011111101111111111101111111111110111110111110111111011111111101111111111111111111111
111111111111111111011111101111111111101111111111110111110111101111110111111111101111111111111111111111
111111111111111111011111101111111111101111111111110000000000001111110111111111011111111111111111111111
111111111111111111011111101111111000001111111111110111111111110000001111111110111111111111111111111111
111111111111111111011111100000000111111111111111110111111111111111111111111110111111111111111111111111
111111111111111111011111101111111111111111111111110111111111111111111111111110111111111111111111111111
111111111111111111101111101111111111111111111111110111111111111111111111111101111111111111111111111111
111111111111111111101111101111111111111100000000000000011111111111111111111011111111111111111111111111
111111111111111111110111101111111111111101101110110111100011111110000000000011111111111111111111111111
111111111111111111111011101111111111111101101110110111111100000001111111111011111111111111111111111111
111111111111111111111101110000000000111101101110110111111111111111111111111011111111111111111111111111
111111111111111111111101101110111111011101101110110111111111111111111111111011111111111111111111111111
111111111111111111111100011110111000000000000000110111111111111111111111111011111111111111111111111111
111111111111111111111101111110000111111111111111000000000000011111111111111011111111111111111111111111
111111111111111111111110111111111111110000000000111111111111100000000000000011111111111111111111111111
111111111111111111111111011111110000001111111111111111111111111111111111111111111111111111111111111111
111111111111111111111111100000001111111111111111111111111111111111111111111111111111111111111111111111
111111111111111111111111101111111111111111111111111111111111111111111111111111111111111111111111111111
111111111111111111111111111111111111111111111111111111111111111111111111111111111111111111111111111111
144444444444444444444444444444444444444444444444444444444444444444444444444444444444444444444444444441
144444444444444444444444444444444444444444444444444444444444444444444444444444444444444444444444444441
144444444444444444444444444444444444444444444444444444444444444444444444444444444444444444444444444441
144444444444444444444444444444444444444444444444444444444444444444444444444444444444444444444444444441
144444444444444444444444444444444444444444444444444444444444444444444444444444444444444444444444444441
144444444444444444444444444444444444444444444444444444444444444444444444444444444444444444444444444441
144444444444444444444444444444444444444444444444444444444444444444444444444444444444444444444444444441
144444444444444444444444444444444444444444444444444444444444444444444444444444444444444444444444444441
144444444444444444444444444444444444444444444444444444444444444444444444444444444444444444444444444441
144444444444444444444444444444444444444444444444444444444444444444444444444444444444444444444444444441
111111111111111111111111111111111111111111111111111111111111111111111111111111111111111111111111111111