111111111111111111111111111111111111111111111111111111111111111111111111111111111111111111111111111111
111111111111111111111111111111111111111111111111111111111111111111111111111111111111111111111111111111
111111111111111111111111111111111111111111111111111111111111111111111111111110000111111111111111111111
111111111111111111111111111111111111111111111111111111111111111111111111111101011000000000000000000011
111111111111111111111111111111111111111111111111111111110011111111111111111011101111111111111111110011
111111111111111111111111111111111111111111111111111111001101111111111111110111110111111111111111101011
111111111111111111111111111111111111111111111111111110111110110000001111101111111011111111111111011011
111111111111111111111111111111111111111111111111111101011111001111110111011111111011111111111110111011
111111111111111111111111111111111111111111111111111011101111011111111010111111111011111111111101111011
111111111111111111111111111111111111111111111111111011101111011111111101111111110001111111110011111011
111111111111111111111111111111111111111111111111000011101111101111111010000000101111111110001111111011
111111111111111111111111111111111111111110000000111011101111101111110111111111001111111001111111111011
111111111111111111111111111111111111111001111110111011101111101100001111111100110001110111111111111011
111111111111111111111111111111111111100111111110111011101111100011110111111011111110001111111111111011
111111111111111111111111111111111111011111111110111011101111101111111000110111111111011111111111111011
111111111111111111111111111111111100111111111110111011101111101111111111000111111111011111111111111011
111111111111111111111111111111100011111111111110000000000000001111111111011011111110111111111111111011
111111111111111111111111111111001100111111111110110111101111100111111000111100011101111111111111111011
111111111111111111111111111110101111011111111110110111101111101011110111111111100011111111111111111011
111111111111111111111111100001101111100000000000000000001111101100001111111111110111111111111111111011
111111111111111111111110000111101111111111111111110111101111101111101111111111101111111111111111111011
111111111111111111100001101000101111111111111111110111101111101111101111111111011111111111111111111011
111111111111111111011111101111000000111111111111110111101111101111101111111110111111111111111111111011
111111111111111100111111101111101111000000000000000000000000001111011111111101111111111111111111111011
111111111111111011111111101111101111111111111111111111111111110000000111111011111111111111111111100111
111111111111100111111111101111101111111111111111111111111111111110111001110111111111111111110000011111
111111111110011111111111101111011111111111111111111111111111111110111110101111111111111100001111111111
111111111101111111111111101111011111111111111111111111111111111110111111001111111011111011111111111111
111111111011111111111111101111011111111111111111111111111111111110111111010111111000000111111111111111
111111111011111111111111100000011111111111111111111111111111111111011110111011111010101111111111111111
111111111011111111111111101111011111111111111111111111111111111111101101111101111010101111111111111111
111111111011111111111111101111011111111111111111111111111111111111110011111110111010101111111111111111
111111111101111111111111101111011111111111111111111111111111111111101111111111011010101111111111111111
111111111101111111111111101111011111111111111111111111111111111111011111111111100010101111111111111111
111111111110111111111111100111011111111111111111111111111111111110111111111111111010101111111111111111
111111111110111111111111101000011111111111111111111111111111111101001111111111110000000001111111111111
111111111111011111111111101111011111111111111111111111111111111011110111111111101111111100111111111111
111111111111011111111111101111011111111111111111111111111111111011111011111111011111111101011111111111
111111111111011111111110001111011111111111111111111111111111110111111101000000111111111011100111111111
111111111111000000000001101111011111111111111111111111111111110111111100111111111111110111111011111111
111111111111101111111111011111011000000000000000111111111111101001110001111111111111101111111101111111
111111111111101111111111011111011011111111111111000001111111011110101101111111111111011111111110111111
111111111111110111111111011111011011111111111111011110000000111111011101111111111111011111111111011111
111111111111111011111111011111011011111111111111011111011101011110111011111111111110111111111111101111
111111111111111011111111011111011011111111111111011111011101101101110111111111111110111111111111110111
111111111111111011111111011111000000000000000000000001011011110011110111111111111110111111111111111011
111111111111111011111111011111111111111111111111011110111011110111110111111111111110111111111111111011
111111111111111011111111011111111111111111111110111101111001110111110111111111111110111111111111111011
111111111111111011111111011111111111111111111110111101111010001111101000001111111101111111111111111011
111111111111111011111111011111111111111111111110111011111011110111101111110000000001111111111111110111
111111111111100000000000000000000011111111111110011011111011111011101111111101111100000000011111110111
111111110000011101111111101111110100000111111110100011110111111011101111111011111101111111100111110111
111111001111111101111111101111110111111011111110111011110111111101011111111011111101111111111001110111
111111011111111101111111101111110111111011111110111011110111111100111111111011111011111111111110110111
111111011111111101111111101111110111111011111110111011101111111110111111111000000011111111111111001111
111111011111111101111111101111110111111000000000000111011111111111011111111011111011111111111111111111
111111011111111101111111101111110111111111111111110011011111111111100000011011111011111111111111111111
111111101111111101111111101111111011001111111111111100011111111111011111100111110111111111111111111111
111111101111111110111111101100000000101111111111111110111111111111011111110111110111111111111111111111
111111101111111110000000000011111111101111111111111110111111111110111111111011101111111111111111111111
111111101111111111111111101111111111101111111111111110111111111101111111111011101111111111111111111111
111111101111111111111111101111111111101111111111111101111111111011111111111011101111111111111111111111
111111110111111111111111101111111111101111111111111011111100011011111111111101011111111111111111111111
111111111011111111111111101111111111101111111111111011111101100111000000000000111111111111111111111111
111111111101111111111111101111111111101111111111110000111011110111011111111111011111111111111111111111
111111111101111111111111101111111111101111000000001011001011101110111111111111101111111111111111111111
111111111110111111111111101111111111101000101111111011110111101101111111111111101111111111111111111111
111111111110111111111111101111110000000111110111111011110000011011111111111111101111111111111111111111
111111111111011111111111100000001111101111110111111011110111100000000000000000001111111111111111111111
111111111111101111111111101111111111101111110000000111110111111011111011111111011111111111111111111111
111111111111101111111111101111111111101111111111110111110111110111110111111110111111111111111111111111
111111111111110111111111101111111111101111111111110111110111110111110111111110111111111111111111111111
111111111111110111111111101111111111101111111111110111110111101111110111111110111111111111111111111111
111111111111111011111111101111111111101111111111110111110111011111110111111110111111111111111111111111
111111111111111101111111101111111111101111111111110000000000000000001111111101111111111111111111111111
111111111111111101111111101111111110001111111111110111111111111111101111111101111111111111111111111111
111111111111111110111111100000000001111111111111110111111111111111111111111101111111111111111111111111
111111111111111110111111101111111111111111111111110111111111111111111111111101111111111111111111111111
111111111111111111011111110111111111111111111111110111111111111111111111111101111111111111111111111111
111111111111111111011111110111111111111100000000000000111111111111000000000011111111111111111111111111
111111111111111111101111110111111111111101101110110111001111100000111111111011111111111111111111111111
111111111111111111101111110111111111111101101110110111110000011111111111111011111111111111111111111111
111111111111111111110111110000000000111101101110110111111111111111111111111011111111111111111111111111
111111111111111111111011101110111111011101101110110111111111111111111111111011111111111111111111111111
111111111111111111111100011110110000000000000000110111111111111111111111111011111111111111111111111111
111111111111111111111101111110001111111111110000000000000000000000011111111011111111111111111111111111
111111111111111111111110111111111111111000001111111111111111111111100000000011111111111111111111111111
111111111111111111111111011111111100000111111111111111111111111111111111111111111111111111111111111111
111111111111111111111111101000000011111111111111111111111111111111111111111111111111111111111111111111
111111111111111111111111100111111111111111111111111111111111111111111111111111111111111111111111111111
111111111111111111111111111111111111111111111111111111111111111111111111111111111111111111111111111111
144444444444444444444444444444444444444444444444444444444444444444444444444444444444444444444444444441
144444444444444444444444444444444444444444444444444444444444444444444444444444444444444444444444444441
144444444444444444444444444444444444444444444444444444444444444444444444444444444444444444444444444441
144444444444444444444444444444444444444444444444444444444444444444444444444444444444444444444444444441
144444444444444444444444444444444444444444444444444444444444444444444444444444444444444444444444444441
144444444444444444444444444444444444444444444444444444444444444444444444444444444444444444444444444441
144444444444444444444444444444444444444444444444444444444444444444444444444444444444444444444444444441
144444444444444444444444444444444444444444444444444444444444444444444444444444444444444444444444444441
144444444444444444444444444444444444444444444444444444444444444444444444444444444444444444444444444441
144444444444444444444444444444444444444444444444444444444444444444444444444444444444444444444444444441
111111111111111111111111111111111111111111111111111111111111111111111111111111111111111111111111111111