111111111111111111111111111111111111111111111111111111111111111111111111111111111111111111111111111111
111111111111111111111111111111111111111111111111111111111111111111111111111181111111111111111111111111
111111111111111111111111111111111111111111111111111111888888888888888888888811000000000001111111111111
111111111111111111111111111111111111111111111888888888111111111111111111111110101111111110000000000011
111111111111111111111111111111111111111111888111111111111011111111111111111101101111111111111111110011
111111111111111111111111111111111111111188111111111111100101111111111111111011101111111111111111101011
111111111111111111111111111111111111888811111111111110011110100000001111110111101111111111111111011011
111111111111111111111111111111118888111111111111111100111111011111110111101111110111111111111110111011
111111111111111111111111111888881111111111111111111011011111011111111010011111111011111111111001111011
111111111111111111111111118111111111111111111111111011101111011111111100011111110001111111100111111011
111111111111111111111111811111111111111111111110000011101111011111111011100111101111111111011111111011
111111111111111111111181111111111111111110000001111011101111011111110111111000001111111110111111111011
111111111111111111118111111111111111100001111101111011101111101110000111111101110001111001111111111011
111111111111111111181111111111111111011111111101110111101111100001111011111011111110000111111111111011
111111111111111111811111111111111110111111111110110111101111101111111100010111111111101111111111111011
111111111111111181111111111111111101111111111110110111101111101111111111001111111111011111111111111011
111111111111111811111111111111100011111111111110000000000000001111111110110001111110111111111111111011
111111111111118111111111111100000001111111111110110111101111100001111101111110111101111111111111111011
111111111111811111111111110011101110011111111110110111101111101110110011111111000011111111111111111011
111111111118111111111111100111101111100000000000000000001111101111001111111111110111111111111111111011
111111111181111111111000001001101111111111111111110111101111101111101111111111101111111111111111111011
111111111811111111110111101110001111111111111111110111101111101111101111111111011111111111111111111011
111111118111111111101111101111100000000001111111110111101111101111101111111110111111111111111111111011
111111118111111111011111101111101111111110000000000000000000001111011111111101111111111111111111111011
111111118111111110111111101111101111111111111111111111111111110000111111111011111111111111111111000111
111111118111111101111111101111101111111111111111111111111111111110001111110111111111111111111100111111
111111181111100011111111101111101111111111111111111111111111111110110001110111111111111111110011111111
111111181111011111111111101111101111111111111111111111111111111110111110001111111001110000001111111111
111111181000111111111111101111011111111111111111111111111111111110111110010111111010001111111111111111
111111811101111111111111100001011111111111111111111111111111111111011101111011111010101111111111111111
111111811101111111111111101110011111111111111111111111111111111111101011111101111010101111111111111111
111111811101111111111111101111011111111111111111111111111111111111110111111110111010101111111111111111
111111811101111111111111101111011111111111111111111111111111111111101111111111011010101111111111111111
111118111110111111111111101111011111111111111111111111111111111111011111111111100010101111111111111111
111118111110111111111111100011011111111111111111111111111111111110111111111111111010101111111111111111
111118111110111111111111101100011111111111111111111111111111111110011111111111111100000001111111111111
111181111110111111111111101111011111111111111111111111111111111101101111111111111001111100111111111111
111181111111011111111111101111011111111111111111111111111111111011110111111111100111111011011111111111
111181111111011111110000001111011111111111111111111111111111111011111001110000011111110111101111111111
111181111111000000001111101111011111111111111111111111111111110111111110001111111111101111110111111111
111181111111101111111111101111011000000001111111111111111111101001111100111111111111101111111011111111
111181111111101111111111101111011011111110000000001111111111011110111010111111111111011111111100111111
111181111111110111111111101111011011111111111111010000000000111111000101111111111111011111111111011111
111181111111110111111111101111011011111111111111011111101101011110111101111111111110111111111111101111
111181111111110111111111101111011011111111111111011111011101100101111011111111111110111111111111110111
111181111111111011111111101111000000000000000000001110111011111011111011111111111110111111111111111011
111181111111111011111111011111111111111111111111010000111001110111111011111111111110111111111111111011
111181111111111011111111011111111111111111111110111101110110001111110011111111111110111111111111111011
111181111111111011111111011111111111111111111110111101110111101111110100000111111110111111111111111011
111181111111111011111111011111111111111111111110111011110111101111101111111000000001111111111111110111
111181111100000000000000000000000001111111111110011011110111110111011111111011111100011111111111110111
111181110011111101111111011111111010111111111110100011110111111011011111111011111101100000111111110111
111181001111111101111111011111111011000011111110111011110111111101011111111011111101111111011111110111
111181101111111101111111011111111011111011111110111011110111111110111111111011111101111111101111110111
111181110111111101111111011111111011111011111110111011101111111110111111111000000011111111110000001111
111181111011111101111111011111111011111000000000110111101111111111011111110111110111111111111111111111
111181111011111101111111011111111011111111111111000001011111111111100000000111110111111111111111111111
111181111101111110111111101111111011101111111111111110011111111111011111110111110111111111111111111111
111181111101111110111111101110000000001111111111111110111111111110111111110111110111111111111111111111
111181111101111110000000000001111111101111111111111110111111111101111111110111110111111111111111111111
111181111101111111111111101111111111101111111111111101111111111011111111111011110111111111111111111111
111118111110111111111111101111111111101111111111111101111111110111111111111101101111111111111111111111
111118111111011111111111101111111111101111111111111011111100010111111111111101011111111111111111111111
111118111111101111111111101111111111101111111000000011111011100111000000000000111111111111111111111111
111111811111110111111111101111111111101111100111111000110111101111011111111111011111111111111111111111
111111811111110111111111101111111111101100011111111011000111101110111111111111011111111111111111111111
111111811111110111111111101111111111100011101111111011110111101110111111111111011111111111111111111111
111111181111110111111111101111111100001111101111111011110000000101111111111111011111111111111111111111
111111181111110111111111100000000011101111101111111011110111111000000000000000001111111111111111111111
111111181111111011111111101111111111101111110000000111110111111011111101111111011111111111111111111111
111111181111111101111111101111111111101111111111110111110111110111111101111111011111111111111111111111
111111181111111110111111101111111111101111111111110111110111101111111101111111011111111111111111111111
111111118111111110111111101111111111101111111111110111110111101111111011111111011111111111111111111111
111111118111111110111111101111111111101111111111110111110111101111110111111111011111111111111111111111
111111118111111110111111101111111111101111111111110000000000001111110111111110111111111111111111111111
111111118111111111011111101111000000001111111111110111111111110000001111111110111111111111111111111111
111111111811111111011111100000111111111111111111110111111111111111111111111110111111111111111111111111
111111111811111111101111101111111111111111111111110111111111111111111111111101111111111111111111111111
111111111181111111110111110111111111111111111111110111111111111111111111111101111111111111111111111111
111111111181111111110111110111111111111100000000000000111111111111111110000011111111111111111111111111
111111111118111111111011110111111111111101101110110111000000111111110001111011111111111111111111111111
111111111111811111111011110111111111111101101110110111111111000000001111111011111111111111111111111111
111111111111181111111011110000000000111101101110110111111111111111111111111011111111111111111111111111
111111111111118111111011101110111110111101101110110111111111111111111111111011111111111111111111111111
111111111111111811111100011110111111000000000000110111111111111111111111111011111111111111111111111111
111111111111111181111101111110000000111111111111110000000000000000000000001011111111111111111111111111
111111111111111118111110111111110000000000000000001111111111111111111111110011111111111111111111111111
111111111111111111811111011110001111111111111111111111111111111111111111111111111111111111111111111111
111111111111111111181111101101111111111111111111111111111111111111111111111111111111111111111111111111
111111111111111111118111100011111111111111111111111111111111111111111111111111111111111111111111111111
111111111111111111111811111111111111111111111111111111111111111111111111111111111111111111111111111111
144444444444444444444444444444444444444444444444444444444444444444444444444444444444444444444444444441
144444444444444444444444444444444444444444444444444444444444444444444444444444444444444444444444444441
144444444444444444444444444444444444444444444444444444444444444444444444444444444444444444444444444441
144444444444444444444444444444444444444444444444444444444444444444444444444444444444444444444444444441
144444444444444444444444444444444444444444444444444444444444444444444444444444444444444444444444444441
144444444444444444444444444444444444444444444444444444444444444444444444444444444444444444444444444441
144444444444444444444444444444444444444444444444444444444444444444444444444444444444444444444444444441
144444444444444444444444444444444444444444444444444444444444444444444444444444444444444444444444444441
144444444444444444444444444444444444444444444444444444444444444444444444444444444444444444444444444441
144444444444444444444444444444444444444444444444444444444444444444444444444444444444444444444444444441
111111111111111111111111111111111111111111111111111111111111111111111111111111111111111111111111111111