111111111111111111111111111111111111111111111111111111111111111111111111111111111111111111111111111111
111111111111111111111111111111111111111111111111111111111111111111111111111181111111111111111111111111
111111111111111111111111111111111111111111111111111111888888888888888888888811000000000000001111111111
111111111111111111111111111111111111111111111888888888111111111111111111111110011111111111110000000011
111111111111111111111111111111111111111111888111111111111011111111111111111101101111111111111111110011
111111111111111111111111111111111111111188111111111111000101111111111111111011110111111111111111101011
111111111111111111111111111111111111888811111111111110111110111110001111110111110111111111111111011011
111111111111111111111111111111118888111111111111111101011111000001110111001111110111111111111110111011
111111111111111111111111111888881111111111111111111011011111101111111010111111111011111111111101111011
111111111111111111111111118111111111111111111111111011101111101111111100000011111101111111100011111011
111111111111111111111111811111111111111111111111000011101111101111111011111100100011111111011111111011
111111111111111111111181111111111111111100000000111011101111101111110111111111000001111110111111111011
111111111111111111118111111111111111100011111101111011101111101110001111111110111110010001111111111011
111111111111111111181111111111111110011111111110111011101111100001110011111001111111101111111111111011
111111111111111111811111111111111001111111111110111011101111101111111100110111111111011111111111111011
111111111111111181111111111111110111111111111110111011101111101111111111000111111110111111111111111011
111111111111111811111111111111101111111111111110000000000000001111111110111001111101111111111111111011
111111111111118111111111111111000111111111111110110111101111100011111101111110111101111111111111111011
111111111111811111111111111000101001111111111110110111101111101100011011111111000011111111111111111011
111111111118111111111111100111101110000000000000000000001111101111100111111111110111111111111111111011
111111111181111111111110001001101111111111111111110111101111101111101111111111101111111111111111111011
111111111811111111111001101110001111111111111111110111101111101111011111111111011111111111111111111011
111111118111111111110111101111100000000000000011110111101111101111011111111110111111111111111111111011
111111118111111111001111101111101111111111111100000000000000000001011111111101111111111111111111110011
111111118111111000111111101111101111111111111111111111111111111110011111111011111111111111111111001111
111111118111100111111111101111011111111111111111111111111111111110100000110111111111111111111000111111
111111181111011111111111101111011111111111111111111111111111111110111111010111111111111111110111111111
111111181100111111111111101111011111111111111111111111111111111110111111101111111001111111101111111111
111111181011111111111111101111011111111111111111111111111111111110111111010011111010000000011111111111
111111811101111111111111100000011111111111111111111111111111111111011100111101111010101111111111111111
111111811101111111111111101111011111111111111111111111111111111111101011111110111010101111111111111111
111111811101111111111111101111011111111111111111111111111111111111110111111111011010101111111111111111
111111811101111111111111101111011111111111111111111111111111111111101111111111101010101111111111111111
111118111110111111111111101111011111111111111111111111111111111111011111111111110010101111111111111111
111118111110111111111111100111011111111111111111111111111111111110111111111111111000101111111111111111
111118111110111111111111101000011111111111111111111111111111111110001111111111111100000000111111111111
111181111110111111111111101111011111111111111111111111111111111101110111111110000011111101011111111111
111181111111011111111111101111011111111111111111111111111111111011111011110001111111111011101111111111
111181111111011111111111001111011111111111111111111111111111111011111101101111111111111011110111111111
111181111111000000000000101111011111111111111111111111111111110111111000011111111111110111111011111111
111181111111101111111111101111011000011111111111111111111111101011110101111111111111101111111101111111
111181111111110111111111101111011011100000000000000000011111011101101101111111111111101111111110111111
111181111111110111111111101111011011111111111111011111100000011110011101111111111111011111111111011111
111181111111111011111111101111011011111111111111011111101110101110111011111111111110111111111111101111
111181111111111011111111101111011011111111111111011111011101110101110111111111111110111111111111110111
111181111111111011111111101111000000000000000000000000111011111011110111111111111110111111111111111011
111181111111111011111111101111111111111111111111011110111011110111110111111111111110111111111111111011
111181111111111011111111101111111111111111111111011110111001110111110001111111111110111111111111111011
111181111111111011111111011111111111111111111110111101111010001111110110000011111110111111111111111011
111181111111111011111111011111111111111111111110111101111011101111110111111100011101111111111111111011
111181111110000000000000000000000001111111111110111011110111110111110111111101100000111111111111111011
111181111001111101111111101111110110011111111110000011110111111011110111111101111101000111111111110111
111181000111111101111111101111110111100011111110111011110111111011101111111011111101111000111111110111
111181101111111101111111101111110111111011111110111011101111111101011111111011111101111111001111110111
111181110111111110111111101111110111111011111110110111101111111110111111111000000011111111110000001111
111181111011111110111111101111111011111000000000000111011111111111011111111011111011111111111111111111
111181111101111110111111101111111011111111111111110000011111111111100011110111110111111111111111111111
111181111101111110111111101111111010001111111111111111011111111111101100000111101111111111111111111111
111181111101111110111111100000000001101111111111111111011111111111011111111011101111111111111111111111
111181111101111110000000001111111111101111111111111110111111111110111111111101101111111111111111111111
111181111110111111111111101111111111101111111111111101111111111101111111111101011111111111111111111111
111118111111011111111111101111111111101111111111111101111111111011111111111101011111111111111111111111
111118111111101111111111101111111111101111111111111011111101110111111111111110111111111111111111111111
111118111111110111111111101111111111101111111111111011111100000111000000000000111111111111111111111111
111111811111110111111111101111111111101111111111100101111011110110111111111110111111111111111111111111
111111811111110111111111101111111111101111000000010110011011110110111111111111011111111111111111111111
111111811111111011111111101111111111101110101111110111100001101101111111111111011111111111111111111111
111111181111111101111111101111100000000001110111110111110110000011111111111111101111111111111111111111
111111181111111101111111100000011111101111110111110111110111111000000000000000001111111111111111111111
111111181111111110111111101111111111101111110000000111110111110111111101111111011111111111111111111111
111111181111111110111111101111111111101111111111110111110111110111111101111111011111111111111111111111
111111181111111111011111101111111111101111111111110111110111110111111101111111011111111111111111111111
111111118111111111011111101111111111101111111111110111110111110111111011111110111111111111111111111111
111111118111111111011111101111111111101111111111110111110111101111110111111110111111111111111111111111
111111118111111111011111101111111111101111111111110000000000011111110111111110111111111111111111111111
111111118111111111101111101111000000001111111111110111111111100000001111111101111111111111111111111111
111111111811111111101111100000111111111111111111110111111111111111111111111101111111111111111111111111
111111111811111111101111101111111111111111111111110111111111111111111111111011111111111111111111111111
111111111181111111110111101111111111111111111111110111111111111111111111111011111111111111111111111111
111111111181111111110111101111111111111100000000000000011111111111111110000011111111111111111111111111
111111111118111111111011110111111111111101101110110111100111111111111001111011111111111111111111111111
111111111111811111111101110111111111111101101110110111111000000000000111111011111111111111111111111111
111111111111181111111101110000000000111101101110110111111111111111111111111011111111111111111111111111
111111111111118111111101001110111110111101101110110111111111111111111111111011111111111111111111111111
111111111111111811111100111110000000000000000000110111111111111111111111111011111111111111111111111111
111111111111111181111110111110111111111111111100000000011111111111111111111011111111111111111111111111
111111111111111118111111011111111111000000000011111111100000000000000000000011111111111111111111111111
111111111111111111811111011111110000111111111111111111111111111111111111111111111111111111111111111111
111111111111111111181111101110001111111111111111111111111111111111111111111111111111111111111111111111
111111111111111111118111100001111111111111111111111111111111111111111111111111111111111111111111111111
111111111111111111111811111111111111111111111111111111111111111111111111111111111111111111111111111111
144444444444444444444444444444444444444444444444444444444444444444444444444444444444444444444444444441
144444444444444444444444444444444444444444444444444444444444444444444444444444444444444444444444444441
144444444444444444444444444444444444444444444444444444444444444444444444444444444444444444444444444441
144444444444444444444444444444444444444444444444444444444444444444444444444444444444444444444444444441
144444444444444444444444444444444444444444444444444444444444444444444444444444444444444444444444444441
144444444444444444444444444444444444444444444444444444444444444444444444444444444444444444444444444441
144444444444444444444444444444444444444444444444444444444444444444444444444444444444444444444444444441
144444444444444444444444444444444444444444444444444444444444444444444444444444444444444444444444444441
144444444444444444444444444444444444444444444444444444444444444444444444444444444444444444444444444441
144444444444444444444444444444444444444444444444444444444444444444444444444444444444444444444444444441
111111111111111111111111111111111111111111111111111111111111111111111111111111111111111111111111111111