111111111111111111111111111111111111111111111111111111111111111111111111111111111111111111111111111111
111111111111111111111111111111111111111111111111111111111111111111111111111181111111111111111111111111
111111111111111111111111111111111111111111111111111111888888888888888888888811000000000000000000001111
111111111111111111111111111111111111111111111888888888111111111111111111111100011111111111111111110011
111111111111111111111111111111111111111111888111111111111011111111111111111011101111111111111111110011
111111111111111111111111111111111111111188111111111111100101111111111111110111110111111111111111101011
111111111111111111111111111111111111888811111111111110011110111111101111101111110111111111111111011011
111111111111111111111111111111118888111111111111111110011111000000010111011111111011111111111110111011
111111111111111111111111111888881111111111111111111101011111011111111010111111111101111111111101111011
111111111111111111111111118111111111111111111111111011101111011111111100000111111101111111000011111011
111111111111111111111111811111111111111111111111000011101111011111111011111001100011111110111111111011
111111111111111111111181111111111111111111110000111011101111011111110111111110000111111101111111111011
111111111111111111118111111111111111000000001110111011101111011111001111111110111001110011111111111011
111111111111111111181111111111111100111111111110111011101111100000110011111001111110001111111111111011
111111111111111111811111111111111011111111111110111011101111101111111100010111111111011111111111111011
111111111111111181111111111111110111111111111110110111101111101111111111000111111110111111111111111011
111111111111111811111111111111101111111111111110000000000000000111111110111001111101111111111111111011
111111111111118111111111111100000001111111111110110111101111101000111101111110011101111111111111111011
111111111111811111111111111011101110111111111110110111101111101111010011111111100011111111111111111011
111111111118111111111111000111101111000000000000000000001111101111101111111111110111111111111111111011
111111111181111111111110100011101111111111111111110111101111101111101111111111101111111111111111111011
111111111811111111111101101100101111111111111111110111101111101111101111111111011111111111111111111011
111111118111111111111011101111000000111111111111110111101111101111011111111110111111111111111111111011
111111118111111111100111101111101111000000000000000000000000000011011111111101111111111111111111111011
111111118111111111011111101111101111111111111111111111111111111100011111111011111111111111111111000111
111111118111111110111111101111101111111111111111111111111111111110100111111011111111111111111000111111
111111181111000001111111101111101111111111111111111111111111111110111000010111111111111111110111111111
111111181110111111111111101111101111111111111111111111111111111110111111101111111011110000001111111111
111111181001111111111111101111011111111111111111111111111111111110111111010111111000001111111111111111
111111811011111111111111100111011111111111111111111111111111111111011110111001111010101111111111111111
111111811011111111111111101000011111111111111111111111111111111111101101111110111010101111111111111111
111111811101111111111111101111011111111111111111111111111111111111110011111111011010101111111111111111
111111811110111111111111101111011111111111111111111111111111111111101111111111101010101111111111111111
111118111110111111111111101111011111111111111111111111111111111111011111111111110010101111111111111111
111118111110111111111111100001011111111111111111111111111111111110111111111111111000101111111111111111
111118111110111111111111101110011111111111111111111111111111111110001111111111111110000001111111111111
111181111110111111111111101111011111111111111111111111111111111101110111111111111101111010111111111111
111181111111011111111111101111011111111111111111111111111111111101111011111100000011110111011111111111
111181111111011000000000001111011111111111111111111111111111111011111101110011111111110111101111111111
111181111111000111111111101111011111111111111111111111111111110011111000001111111111101111110111111111
111181111111101111111111011111011000000000111111111111111111101101110110111111111111101111111011111111
111181111111101111111111011111011011111111000000000001111111011110101101111111111111011111111101111111
111181111111101111111111011111011011111111111111011110000000011111011011111111111111011111111110111111
111181111111110111111111011111011011111111111111011111101110101110111011111111111111011111111111011111
111181111111110111111111011111011011111111111111011111101101110101111011111111111111011111111111100111
111181111111110111111111011111000000000000000000011111011011111011111011111111111110111111111111111011
111181111111111011111111011111111111111111111111000000111011110111110111111111111110111111111111111011
111181111111111011111111011111111111111111111111011101110100101111110000111111111110111111111111111011
111181111111111011111111011111111111111111111111011101110111001111110111000011111110111111111111111011
111181111111111011111111011111111111111111111111011011110111110111110111111100001110111111111111110111
111181111111111000000000000000000000111111111110111011110111110111110111111101110001111111111111110111
111181111110000110111111011111110111001111111110000011101111111011101111111011111100011111111111110111
111181000001111110111111011111110111110011111110111011011111111101011111111011111101100011111111101111
111181101111111110111111011111110111111011111110111011011111111110111111111011111101111100000011101111
111181101111111110111111011111110111111011111110110111011111111110111111111000000011111111111100001111
111181110111111110111111011111110111111000000000110111011111111111011111111011110111111111111111111111
111181110111111110111111011111110111111111111111000001011111111111100111111011101111111111111111111111
111181110111111110111111011111111000001111111111111110011111111111101000000111101111111111111111111111
111181111011111110111111101100000011101111111111111110111111111111011111110111011111111111111111111111
111181111011111110000000000011111111101111111111111110111111111111011111110110111111111111111111111111
111181111011111111111111101111111111101111111111111110111111111110111111111010111111111111111111111111
111118111011111111111111101111111111101111111111111101111111111101111111111010111111111111111111111111
111118111011111111111111101111111111101111111111111101111100001011111111111100111111111111111111111111
111118111011111111111111101111111111101111111111110001111011110111000000000000111111111111111111111111
111111811011111111111111101111111111101111111110001010111011101110111111111111011111111111111111111111
111111811011111111111111101111111111101111000001111011001011101110111111111111011111111111111111111111
111111811011111111111111101111111111101110011111111011110111011101111111111111101111111111111111111111
111111181101111111111111101111111110000001101111111011110000000011111111111111101111111111111111111111
111111181110111111111111100000000001101111110111110111110111111000000000000000001111111111111111111111
111111181110111111111111101111111111101111110000000111110111110111111101111111101111111111111111111111
111111181111011111111111101111111111101111111111110111110111110111111101111111011111111111111111111111
111111181111101111111111101111111111101111111111110111110111101111111101111110111111111111111111111111
111111118111101111111111101111111111101111111111110111110111101111111011111110111111111111111111111111
111111118111110111111111101111111111101111111111110111110111011111110111111110111111111111111111111111
111111118111111011111111101111111111101111111111110000000000000001101111111101111111111111111111111111
111111118111111101111111100000000000001111111111110111111111111110001111111101111111111111111111111111
111111111811111101111111101111111111111111111111110111111111111111111111111101111111111111111111111111
111111111811111101111111101111111111111111111111110111111111111111111111111011111111111111111111111111
111111111181111110111111101111111111111111111111110111111111111111111111111011111111111111111111111111
111111111181111111011111101111111111111100000000000111111111111111111000000011111111111111111111111111
111111111118111111011111101111111111111101101110110000000111111111000111111011111111111111111111111111
111111111111811111101111110111111111111101101110110111111000000000111111111011111111111111111111111111
111111111111181111110111100000000000111101101110110111111111111111111111111011111111111111111111111111
111111111111118111111010011110111110111101101110110111111111111111111111111011111111111111111111111111
111111111111111811111101111110110000000000000000110111111111111111111111111011111111111111111111111111
111111111111111181111101111110001111111111111000000001111111111111111111111011111111111111111111111111
111111111111111118111110111111111111110000000111111110000000000000000000000011111111111111111111111111
111111111111111111811111011111000000001111111111111111111111111111111111111111111111111111111111111111
111111111111111111181111101100111111111111111111111111111111111111111111111111111111111111111111111111
111111111111111111118111100011111111111111111111111111111111111111111111111111111111111111111111111111
111111111111111111111811111111111111111111111111111111111111111111111111111111111111111111111111111111
144444444444444444444444444444444444444444444444444444444444444444444444444444444444444444444444444441
144444444444444444444444444444444444444444444444444444444444444444444444444444444444444444444444444441
144444444444444444444444444444444444444444444444444444444444444444444444444444444444444444444444444441
144444444444444444444444444444444444444444444444444444444444444444444444444444444444444444444444444441
144444444444444444444444444444444444444444444444444444444444444444444444444444444444444444444444444441
144444444444444444444444444444444444444444444444444444444444444444444444444444444444444444444444444441
144444444444444444444444444444444444444444444444444444444444444444444444444444444444444444444444444441
144444444444444444444444444444444444444444444444444444444444444444444444444444444444444444444444444441
144444444444444444444444444444444444444444444444444444444444444444444444444444444444444444444444444441
144444444444444444444444444444444444444444444444444444444444444444444444444444444444444444444444444441
111111111111111111111111111111111111111111111111111111111111111111111111111111111111111111111111111111