111111111111111111111111111111111111111111111111111111111111111111111111111111111111111111111111111111
111111111111111111111111111111111111111111111111111111111111111111111111111181111111111111111111111111
111111111111111111111111111111111111111111111111111111888888888888888888888811000000000000011111111111
111111111111111111111111111111111111111111111888888888111111111111111111111110101111111111100000000011
111111111111111111111111111111111111111111888111111111111011111111111111111001110111111111111111110011
111111111111111111111111111111111111111188111111111111110101111111111111110111110111111111111111101011
111111111111111111111111111111111111888811111111111110001110110000001111101111110111111111111111011011
111111111111111111111111111111118888111111111111111101011111001111110111011111110111111111111110111011
111111111111111111111111111888881111111111111111111101011111011111111010111111111011111111111101111011
111111111111111111111111118111111111111111111111111101101111101111111100000001111101111111000011111011
111111111111111111111111811111111111111111111111100011101111101111111011111110110011111110111111111011
111111111111111111111181111111111111111111110000010111101111101111110111111110000111111001111111111011
111111111111111111118111111111111111100000001101110111101111101000000111111101111000010111111111111011
111111111111111111181111111111111111011111111101110111101111100111111000111011111111101111111111111011
111111111111111111811111111111111110111111111101110111101111101111111111010111111111011111111111111011
111111111111111181111111111111110001111111111110110111101111101111111111101111111111011111111111111011
111111111111111811111111111111001111111111111110000000000000001111111111010001111110111111111111111011
111111111111118111111111111000100001111111111110110111101111100011111100111110111101111111111111111011
111111111111811111111111110111101110001111111110110111101111101100010011111111000011111111111111111011
111111111118111111111111100111101111110000000000000000001111101111101111111111110111111111111111111011
111111111181111111111111001000101111111111111111110111101111101111101111111111101111111111111111111011
111111111811111111111000101111001111111111111111110111101111101111011111111111011111111111111111111011
111111118111111111110111101111100000000000000000010111101111101111011111111110111111111111111111111011
111111118111111100001111101111101111111111111111100000000000001110111111111101111111111111111111110011
111111118111111011111111101111101111111111111111111111111111110000111111111011111111111111111111001111
111111118111100111111111101111101111111111111111111111111111111110000011111011111111111111110000111111
111111181111011111111111101111101111111111111111111111111111111110111101110111111111111100001111111111
111111181100111111111111101111011111111111111111111111111111111110111110001111111011110011111111111111
111111181011111111111111101111011111111111111111111111111111111110111110110011111000001111111111111111
111111811011111111111111100011011111111111111111111111111111111111011101111101111010101111111111111111
111111811011111111111111101100011111111111111111111111111111111111101011111110111010101111111111111111
111111811011111111111111101111011111111111111111111111111111111111110111111111011010101111111111111111
111111811011111111111111101111011111111111111111111111111111111111101111111111101010101111111111111111
111118111011111111111111101111011111111111111111111111111111111111011111111111110010101111111111111111
111118111011111111111111100001011111111111111111111111111111111110111111111111111000101111111111111111
111118111101111111111111101110011111111111111111111111111111111110001111111111111110000001111111111111
111181111101111111111111101111011111111111111111111111111111111101110111111111110001111100011111111111
111181111110111111111111101111011111111111111111111111111111111011111011111110001111111101101111111111
111181111111011111111000001111011111111111111111111111111111111011111101110001111111111011110111111111
111181111111000000000111101111011111111111111111111111111111110111111100001111111111111011111011111111
111181111111101111111111101111011000011111111111111111111111101001111001111111111111110111111101111111
111181111111101111111111101111011011100000000000000001111111011110110101111111111111110111111110111111
111181111111101111111111011111011011111111111111011110000000111111001011111111111111110111111111011111
111181111111101111111111011111011011111111111111011111011101001110111011111111111111101111111111101111
111181111111110111111111011111011011111111111111011111011011110101110111111111111111011111111111110111
111181111111110111111111011111000000000000000000001111011011111011110111111111111110111111111111111011
111181111111110111111111011111111111111111111110110000111011110111110111111111111110111111111111111011
111181111111110111111111011111111111111111111110111110110100010111110111111111111101111111111111111011
111181111111110111111111011111111111111111111110111110101111101111110000001111111101111111111111111011
111181111111111011111111011111111111111111111110111101101111110111110111110000011101111111111111111011
111181111111111100000000000000000001111111111110001011101111111011110111111011100001111111111111111011
111181111110000001111111011111110110011111111110110011101111111011101111111011111100000000001111110111
111181000001111101111111101111110111100011111110111011101111111011011111111011111101111111110111110111
111181011111111101111111101111111011111011111110111011101111111101011111111011111101111111111000001111
111181101111111101111111101111111011111011111110110111101111111110111111111000000011111111111111101111
111181101111111101111111101111111011111000000000010111101111111111011111110111111011111111111111111111
111181110111111110111111101111111011111111111111100011011111111111100000010111110111111111111111111111
111181110111111110111111101111111011001111111111111100011111111111101111100111110111111111111111111111
111181110111111110111111101111111000101111111111111111011111111111011111111011110111111111111111111111
111181111011111110000000000000000111101111111111111111011111111111011111111011110111111111111111111111
111181111101111111111111101111111111101111111111111110111111111110111111111011101111111111111111111111
111118111101111111111111101111111111101111111111111101111111111101111111111011011111111111111111111111
111118111110111111111111101111111111101111111111111101111100011011111111111101011111111111111111111111
111118111110111111111111101111111111101111111111110001111101100111000000000000111111111111111111111111
111111811110111111111111101111111111101111111111100110111011101111011111111110111111111111111111111111
111111811111011111111111101111111111101100000000010111000111011111011111111110111111111111111111111111
111111811111101111111111101111111111100011101111110111110111011110111111111111011111111111111111111111
111111181111110111111111101110000000001111101111110111110000011101111111111111101111111111111111111111
111111181111110111111111100001111111101111110111110111110111100000000000000000001111111111111111111111
111111181111111011111111101111111111101111110000000111110111111011111101111111011111111111111111111111
111111181111111011111111101111111111101111111111110111110111111011111101111111011111111111111111111111
111111181111111011111111101111111111101111111111110111110111110111111011111111011111111111111111111111
111111118111111101111111101111111111101111111111110111110111101111110111111110111111111111111111111111
111111118111111110111111101111111111101111111111110111110111011111110111111110111111111111111111111111
111111118111111110111111101111111111101111111111110000000000000001101111111110111111111111111111111111
111111118111111110111111101000000000001111111111110111111111111110001111111101111111111111111111111111
111111111811111110111111100111111111111111111111110111111111111111111111111101111111111111111111111111
111111111811111111011111101111111111111111111111110111111111111111111111111101111111111111111111111111
111111111181111111101111101111111111111111111111110111111111111111111111111011111111111111111111111111
111111111181111111101111101111111111111100000000000000000111111110000000000011111111111111111111111111
111111111118111111101111101111111111111101101110110111111000111101111111111011111111111111111111111111
111111111111811111110111101111111111111101101110110111111111000011111111111011111111111111111111111111
111111111111181111111011110000000000111101101110110111111111111111111111111011111111111111111111111111
111111111111118111111100001110111110111101101110110111111111111111111111111011111111111111111111111111
111111111111111811111101111110111110000000000000110111111111111111111111111011111111111111111111111111
111111111111111181111110111110000001111111111100000000001111111111111111111011111111111111111111111111
111111111111111118111110111111111100000000000011111111110000000000000000000011111111111111111111111111
111111111111111111811111011111100011111111111111111111111111111111111111111111111111111111111111111111
111111111111111111181111101000011111111111111111111111111111111111111111111111111111111111111111111111
111111111111111111118111100111111111111111111111111111111111111111111111111111111111111111111111111111
111111111111111111111811111111111111111111111111111111111111111111111111111111111111111111111111111111
144444444444444444444444444444444444444444444444444444444444444444444444444444444444444444444444444441
144444444444444444444444444444444444444444444444444444444444444444444444444444444444444444444444444441
144444444444444444444444444444444444444444444444444444444444444444444444444444444444444444444444444441
144444444444444444444444444444444444444444444444444444444444444444444444444444444444444444444444444441
144444444444444444444444444444444444444444444444444444444444444444444444444444444444444444444444444441
144444444444444444444444444444444444444444444444444444444444444444444444444444444444444444444444444441
144444444444444444444444444444444444444444444444444444444444444444444444444444444444444444444444444441
144444444444444444444444444444444444444444444444444444444444444444444444444444444444444444444444444441
144444444444444444444444444444444444444444444444444444444444444444444444444444444444444444444444444441
144444444444444444444444444444444444444444444444444444444444444444444444444444444444444444444444444441
111111111111111111111111111111111111111111111111111111111111111111111111111111111111111111111111111111