111111111111111111111111111111111111111111111111111111111111111111111111111111111111111111111111111111
111111111111111111111111111111111111111111111111111111111111111111111111111181111111111111111111111111
111111111111111111111111111111111111111111111111111111888888888888888888888811000000000000000000011111
111111111111111111111111111111111111111111111888888888111111111111111111111100101111111111111111100011
111111111111111111111111111111111111111111888111111111111011111111111111111011110111111111111111100011
111111111111111111111111111111111111111188111111111111000101111111111111110111111011111111111111011011
111111111111111111111111111111111111888811111111111110111110111111101111101111111011111111111110111011
111111111111111111111111111111118888111111111111111100111111000000010111011111111011111111111101111011
111111111111111111111111111888881111111111111111111101011111011111111010111111111011111111111011111011
111111111111111111111111118111111111111111111111111011101111011111111100111111111101111111110111111011
111111111111111111111111811111111111111111111111110011101111011111111011000111111011111111001111111011
111111111111111111111181111111111111111111110000000111101111011111110111111000000001111000111111111011
111111111111111111118111111111111111110000001101110111101111011111000111111101111110010111111111111011
111111111111111111181111111111111111001111111101110111101111100000111011111011111111101111111111111011
111111111111111111811111111111111100111111111110110111101111101111111100010111111111011111111111111011
111111111111111181111111111111111011111111111110110111101111101111111111100111111111011111111111111011
111111111111111811111111111111100111111111111110000000000000001111111110011000011110111111111111111011
111111111111118111111111111111000111111111111110110111101111100000111101111111101101111111111111111011
111111111111811111111111111110101001111111111110110111101111101111010011111111110011111111111111111011
111111111118111111111111100001101110000000000000000000001111101111101111111111110111111111111111111011
111111111181111111111100001011101111111111111111110111101111101111101111111111101111111111111111111011
111111111811111111111011101101101111111111111111110111101111101111011111111111011111111111111111111011
111111118111111111110111101110000000001111111111110111101111101111011111111110111111111111111111111011
111111118111111111101111101111101111110000000000000000000000000110111111111101111111111111111111111011
111111118111111110011111101111101111111111111111111111111111111000111111111011111111111111111111110111
111111118111111101111111101111101111111111111111111111111111111110000011110111111111111111111110001111
111111181111100011111111101111101111111111111111111111111111111110111101110111111111111111000001111111
111111181100011111111111101111011111111111111111111111111111111110111110001111111001111100111111111111
111111181011111111111111101111011111111111111111111111111111111110111111010111111010000011111111111111
111111811101111111111111100011011111111111111111111111111111111111011110111011111010101111111111111111
111111811110111111111111101100011111111111111111111111111111111111101001111101111010101111111111111111
111111811110111111111111101111011111111111111111111111111111111111110111111110111010101111111111111111
111111811110111111111111101111011111111111111111111111111111111111101111111111011010101111111111111111
111118111110111111111111101111011111111111111111111111111111111111011111111111100010101111111111111111
111118111110111111111111100000011111111111111111111111111111111110111111111111111000101111111111111111
111118111111011111111111101111011111111111111111111111111111111101011111111111111110000001111111111111
111181111111011111111111101111011111111111111111111111111111111011101111111111100001111100111111111111
111181111111011111111111101111011111111111111111111111111111110111110011111110011111111101001111111111
111181111111011111100000001111011111111111111111111111111111110111111101111101111111111101110111111111
111181111111000000011111101111011111111111111111111111111111110011111100000011111111111101111011111111
111181111111011111111111101111011000000000000000111111111111101101111001111111111111111011111101111111
111181111111011111111111101111011011111111111111000001111111011110110101111111111111110111111110111111
111181111111101111111111101111011011111111111111011110000000011111001101111111111111110111111111011111
111181111111101111111111101111011011111111111111011111011101101110111011111111111111110111111111101111
111181111111110111111111101111011011111111111111011111011101110101111011111111111111110111111111110111
111181111111111011111111011111000000000000000000001110111011111011111011111111111111101111111111111011
111181111111111011111111011111111111111111111111010000111011110111111011111111111111011111111111110111
111181111111111011111111011111111111111111111111011110110101101111110111111111111110111111111111110111
111181111111111011111111011111111111111111111111011110110110001111110000001111111110111111111111110111
111181111111111101111111011111111111111111111111011101101111101111101111110000011110111111111111110111
111181111100000000000000000000000011111111111110000101101111101111101111111011100001111111111111101111
111181111011111101111111011111110100111111111110111011101111110111101111111011111100011111111111101111
111181000111111101111111011111111011000011111110110111101111111011011111111011111101100000011111101111
111181011111111101111111011111111011111011111110110111101111111101011111111011111101111111100000001111
111181011111111101111111011111111011111011111110110111011111111110111111111000000011111111111111101111
111181011111111101111111011111111011111000000000000111011111111111011111111011111011111111111111111111
111181101111111101111111011111111011111111111111110001011111111111101111111011110111111111111111111111
111181101111111101111111011111111010001111111111111110011111111111100000000111101111111111111111111111
111181101111111110111111011110000001101111111111111111011111111111011111111011011111111111111111111111
111181110111111110000000000001111111101111111111111111011111111110111111111100111111111111111111111111
111181111011111111111111101111111111101111111111111110111111111101111111111110111111111111111111111111
111118111101111111111111101111111111101111111111111110111111111101111111111110111111111111111111111111
111118111110111111111111101111111111101111111111111101111101111011111111111110111111111111111111111111
111118111111011111111111101111111111101111111111111000111100000111000000000000111111111111111111111111
111111811111101111111111101111111111101111111111000011011011110110111111111111011111111111111111111111
111111811111101111111111101111111111101100000000111011100111101101111111111111011111111111111111111111
111111811111110111111111101111111111100011101111111011110111101101111111111111101111111111111111111111
111111181111111011111111100000000000001111101111111011110000001011111111111111101111111111111111111111
111111181111111101111111101111111111101111101111110111110111110000000000000000001111111111111111111111
111111181111111101111111101111111111101111110000000111110111110111111101111111101111111111111111111111
111111181111111110111111101111111111101111111111110111110111101111111101111111101111111111111111111111
111111181111111110111111101111111111101111111111110111110111101111111101111111011111111111111111111111
111111118111111110111111101111111111101111111111110111110111101111111011111111011111111111111111111111
111111118111111110111111101111111111101111111111110111110111101111110111111110111111111111111111111111
111111118111111110111111101111111111101111111111110000000000000011110111111110111111111111111111111111
111111118111111111011111100000000000001111111111110111111111111100001111111110111111111111111111111111
111111111811111111101111101111111111111111111111110111111111111111111111111110111111111111111111111111
111111111811111111101111110111111111111111111111110111111111111111111111111101111111111111111111111111
111111111181111111101111110111111111111111111111110111111111111111111111111011111111111111111111111111
111111111181111111101111110111111111111100000000000111111111111111111111100011111111111111111111111111
111111111118111111110111110111111111111101101110110000000111111111111110011011111111111111111111111111
111111111111811111110111110111111111111101101110110111111000000000000001111011111111111111111111111111
111111111111181111111011110000000000111101101110110111111111111111111111111011111111111111111111111111
111111111111118111111011001110111110111101101110110111111111111111111111111011111111111111111111111111
111111111111111811111100111110000000000000000000110111111111111111111111111011111111111111111111111111
111111111111111181111110111110111111111111000000000000011111111111111111111011111111111111111111111111
111111111111111118111111011111111111000000111111111111100000000000000000000011111111111111111111111111
111111111111111111811111101111110000111111111111111111111111111111111111111111111111111111111111111111
111111111111111111181111101111101111111111111111111111111111111111111111111111111111111111111111111111
111111111111111111118111100000011111111111111111111111111111111111111111111111111111111111111111111111
111111111111111111111811111111111111111111111111111111111111111111111111111111111111111111111111111111
144444444444444444444444444444444444444444444444444444444444444444444444444444444444444444444444444441
144444444444444444444444444444444444444444444444444444444444444444444444444444444444444444444444444441
144444444444444444444444444444444444444444444444444444444444444444444444444444444444444444444444444441
144444444444444444444444444444444444444444444444444444444444444444444444444444444444444444444444444441
144444444444444444444444444444444444444444444444444444444444444444444444444444444444444444444444444441
144444444444444444444444444444444444444444444444444444444444444444444444444444444444444444444444444441
144444444444444444444444444444444444444444444444444444444444444444444444444444444444444444444444444441
144444444444444444444444444444444444444444444444444444444444444444444444444444444444444444444444444441
144444444444444444444444444444444444444444444444444444444444444444444444444444444444444444444444444441
144444444444444444444444444444444444444444444444444444444444444444444444444444444444444444444444444441
111111111111111111111111111111111111111111111111111111111111111111111111111111111111111111111111111111