1111111111111111111111111111111111111111111111111111111111111111111111111111111111111111111111111111111111111111111111111111111111111111111111111111111111111111111111111111111111111111111111111111111111
1111111111111111111111111111111111111111111111111111111111111111111111111111111111111111111188888888888888888888811111111111111111111111111111111111111111111111111111111111111111111111111111111111111111
1111111111111111111111111111111111111111111111111111111111111111111111111111111111111888888888888888888888888888888111111111111111111111111111111111111111111111111111111111111111111111111111111111111111
1111111111111111111111111111111111111111111111111111111111111111111111111111118888888888888888888888888888888888888881111111111111111111111111111111111111111111111111111111111111111111111111111111111111
1111111111111111111111111111111111111111111111111111111111111111111111888888888888888888888811111111111111111111118888881111111111111111111111111111111111111111111111111111111111111111111111111111111111
1111111111111111111111111111111111111111111111111111111111111118888888888888888888888111100000000000000000000111111888888811111111111111111111111111111111111111111111111111111111111111111111111111111111
1111111111111111111111111111111111111111111111111111111888888888888888888888881110000000011111111111111111101000011111888888111111111111111111111111111111111111111111111111111111111111111111111111111111
1111111111111111111111111111111111111111111111118888888888888888888888100000000001111111111111111111111111101111100011188888881111111111111111111111111111111111111111111111111111111111111111111111111111
1111111111111111111111111111111111111111188888888888888888888811111110011011111101111111111111111111111111101111111000111188888881111111111111111111111111111111111111111111111111111111111111111111111111
1111111111111111111111111111111111188888888888888888888111111110000001110111111110111111111111111111111111101111111011000111888888811111111111111111111111111111111111111111111111111111111111111111111111
1111111111111111111111111111188888888888888888881111111110000001111111101111111110111111111111111111111111011111110111110001118888888811111111111111111111111111111111111111111111111111111111111111111111
1111111111111111111111118888888888811111111111111111111001110111111111011111111110111111111111111111111111011111110111110110111188888888111111111111111111111111111111111111111111111111111111111111111111
1111111111111111111111888888811111111111111111111111110111101111111111011111111111011111111111111111111111011111110111101111011111888888881111111111111111111111111111111111111111111111111111111111111111
1111111111111111111188881111111111111111111111111111101111011111111110111111111111101111111111111111111110111111101111101111101111118888888811111111111111111111111111111111111111111111111111111111111111
1111111111111111118888111111111111111111111111111100011110111111111101111111111111010111111111111111111100111111101111101111110111111118888888811111111111111111111111111111111111111111111111111111111111
1111111111111111888811111111111111111111111000000011111101111111111011111111111100111011111111111111110010111111101111101111111000111111188888888111111111111111111111111111111111111111111111111111111111
1111111111111188881111111111111111111111110111111111111010111111110111111111111011111101111111111111001110111111101111011111111101011111111888888881111111111111111111111111111111111111111111111111111111
1111111111118888111111111111111111111111101111111111100111011111101111111111100111111110111111111100111110111111101110111111111011101111111118888888811111111111111111111111111111111111111111111111111111
1111111111888811111111111111111110000000011111111111011111101110011111111110011111111110111111111011111110111111011101111111111011110011111111118888888811111111111111111111111111111111111111111111111111
1111111188881111111111111111110001011111111111111110111111110101101111111101111111111111011111110111111101111111011101111111111011111101111111111188888888111111111111111111111111111111111111111111111111
1111118888111111111111111111101111101111111111111101111111111011110111111011111111111111101111001111111101111111011101111111111011111110001111111111188888888111111111111111111111111111111111111111111111
1111888811111111111111111110011111101111111111111011111111110011111011100111111111111111110100111111111101111111011101111111111011111111110011111111111888888881111111111111111111111111111111111111111111
1188881111111111111111110001111111110111111100000111111111101101111101011111111111111111110011111111111101111110111101111111111011111111111100111111111188888888111111111111111111111111111111111111111111
1888111111111111111111101111111111111011111011111111111111011110111110111111111111111111101101111111111011111110111011111111111011111111111111001111111111888888881111111111111111111111111111111111111111
1881111111111111111111010111111111111011110111111111111000111111010001011111111111111110011110111111100100001110111011111111111011111111111111110111111111188888888111111111111111111111111111111111111111
1111111111111111111100111011111111111101101111111111100111111111101111011111111111111101111110111100010111110000000011111111111011111111111111111001111111118888888811111111111111111111111111111111111111
1111111111111111110011111101111111111100011111111111011111111110011111101111111111111011111110111011110111111101110101111111111011111111111111111110111111111888888881111111111111111111111111111111111111
1111111111111111001111111110111111111010111111111110111111111101111111101111111111110111111110100111110111111011101110000000000011111111111111111111001111111188888888111111111111111111111111111111111111
1111111111111111011111111110111111100110111111111101111111111011111111110111111111101111111110011111110111111011101111101111111011111111111111111111100111111111888888881111111111111111111111111111111111
1111111111111110011111111110111111011011011111111011111111100111111111111011111111110111111001101111110111111011101111101111111011111111111111111110011111111111188888888111111111111111111111111111111111
1111111111111101011111111111011110111011011111110101111110011111111111111101111111111011110111110111110111110111101111101111111011111111111111111001111111111111118888888811111111111111111111111111111111
1111111111111011011111111111011101111101101111001110111101111111111111111110111111111101101111110111101111110111011111101111111011111111111111110111111111111111111888888881111111111111111111111111111111
1111111111110111011111111111101011111101101110111111011011111111111111111111011111111110011111111011011111110111011111101111111011111111111111001111111111111111111188888888111111111111111111111111111111
1111111111101111011111111111100111111101110001111111100111111111111111111111011111111000111111111100111111110111011111101111111011111111111100111111111111111111111111888888881111111111111111111111111111
1111111111011111011111111111110111111110101111111111101111111111111111111111101111110111000000000000000000000000000000000111111011111111111011111111111111111111111111188888888111111111111111111111111111
1111111110111100000111111111110111111111011111111111011111111111111111111111110111001111111111111111111111101111111111011000000011111111110111111111111111111111111111118888888811111111111111111111111111
1111111110111011111011111111111011111100111111111100111111111111111111111111111000111111111111111111111111101111111111011111111011111111001111111111111111111111111111111888888881111111111111111111111111
1111111110110111111100011111111011110011111111110011111111111111111111111111111011111111111111111111111111011111111111011111111011111110111111111111111111111111111111111188888888111111111111111111111111
1111111111001111111011101111111101101111111111101111111111111111111111111111111011111111111111111111111111011111111111011111111011111101111111111111111111111111111111111111888888881111111111111111111111
1111111110011111110111110011111101011111111111011111111111111111111111111111111101111111111111111111111111011111111111011111111011110011111111111111111111111111111111111111188888888111111111111111111111
1111111101101111101111111101111100111111111110111111111111111111111111111111111101111111111111111111111111011111111111011111111011101111111111111111111111111111111111111111118888888811111111111111111111
1111111011110111011111111110111010111111111101111111111111111111111111111111111101111111111111111111111111011111111111011111111011011111111111111111111111111111111111111111118888888881111111111111111111
1111110111110100111111111111000110111111110011111111111111111111111111111111111101111111111111111111111111011111111111011111111010111111111111111111111111111111111111111111111888888888111111111111111111
1111001111111011111111111111001111011111101111111111111111111111111111111111111101111111111111111111111111000111111111011111111001111111111111111111111111111111111111111111111188888888881111111111111111
1110111111110101111111111110111111011111011111111111111111111111111111111111111110111111111111111111111110011000000011011111110011111111111111111111111111111111111111111111111118888888888111111111111111
1101111111101110111111111001111111101110111111111111111111111111111111111111111110111111111111111111111101011111111100011111000111111111111111111111111111111111111111111111111111888888888811111111111111
1101111111011111011111110111111111101001111111111111111111111111111111111111111110111111111111111111111011101111111111011110110111111111111111111111111111111111111111111111111111888888888881111111111111
1101111000111110101111101111111111110111111111111111111111111111111111111111111110111111111111111111110111101111111111011101110111111111111111111111111111111111111111111111111111188888888888811111111111
1110000111100001110100011111111111101011111111111111111111111111111111111111111110111111111111111111101111101111111111011011111011111111111111111111111111111111111111111111111111118888888888888111111111
1110111111011111110011111111111111011011111111111111111111111111111111111111111110111111111111111111011111101111111111010111111011111111111111111111111111111111111111111111111111111888888888888811111111
1110111100111111101011111111111100111011111111111111111111111111111111111111111110111111111111111110111111101111111111001111111011111111111111111111111111111111111111111111111111111888888881118888111111
1110111011111111011101111111111011111101111111111111111111111111111111111111111111011111111111111101111111101111111111011111111011111111111111111111111111111111111111111111111111111118888888111888881111
1111000111111110111101111111100111111101111111111111111111111111111111111111111111011111111111111011111111110111111110111111111011111111111111111111111111111111111111111111111111111118888888111118888811
1111001111111101111101111110011111111101111111111111111111111111111111111111111111011111111111110111111111110111110001111111111011111111111111111111111111111111111111111111111111111111188888811111188881
1111110111111011111110111001111111111110111111111111111111111111111111111111111111101111111111101111111111110111101111111111111011111111111111111111111111111111111111111111111111111111188888811111111881
1111111011100111111111010111111111111110111111111111111111111111111111111111111111101111111110011111111111110111011111111111111011111111000111111111111111111111111111111111111111111111118888881111111111
1111111100011111111111101111111111111111011111111111111111111111111111111111111111101111111101111111111111110110111111111111111011000000110111111111111111111111111111111111111111111111111888881111111111
1111111110111111111110001111111111111111011111111111111111111111111111111111111111110111110011111111111111110001111111111111110000111111110111111111111111111111111111111111111111111111111888888111111111
1111111110111111111101110111111111111111101111111111111111111111111111111111111111110111101111111100000000000000000000000000001011111111110111111111111111111111111111111111111111111111111888888111111111
1111111110111111110011110111111111111111110111111111111111111111111111111111111111110111011111110011111111111111111111011111111011111111110111111111111111111111111111111111111111111111111188888811111111
1111111111011111001111111011111111111111111011111111111111111111111111111111111111111010111000001111111111111111111111101111111011111111111011111111111111111111111111111111111111111111111188888811111111
1111111111011100111111111101111111111111111011111111111111111111111111111111111111111100000111111111111111111111111111101111111011111111111011111111111111111111111111111111111111111111111118888881111111
1111111111010011111111111110111111111111111101111111111111111111111111111111111110000001111111111111111111111111111111101111111011111111111011111111111111111111111111111111111111111111111111888881111111
1111111111001111111111111111011111111111111110111111111111111111111111111000000001111101111111111111111111111111111111110111111011111111111011111111111111111111111111111111111111111111111111188888111111
1111111111011111111111111111011111111111111110111110000000000000000000000111111111111101111111111111111111111111111111110111111011111111111011111111111111111111111111111111111111111111111111188888111111
1111111111011111111111111111101111111111111110000001111011111111011111111111111111111101111111111111111111111111111111110111111011111111111011111111111111111111111111111111111111111111111111118888811111
1111111111011111111111111111110111111100000000111011111011111111011111111111111111111101111111111111111111111111111111111011111101111111111011111111111111111111111111111111111111111111111111118888811111
1111111111011111111111111111110111110010111101111011111011111111011111111111111111111101111111111111111111111111111111111011111101111111111011111111111111111111111111111111111111111111111111111888881111
1111111111011111111111111111110111101101111101111011111101111111011111111111111111111110111111111111111111111111111111111011111101111111111011111111111111111111111111111111111111111111111111111888881111
1111111111011111111111111111110000011011111101111011111101111111011111111111111111111110111111111111111111111111111111111011111101111111111011111111111111111111111111111111111111111111111111111188888111
1111111111011111111111111110001111110111111101111011111101111111101111111111111111111110111111111111111111111111111111111011111101111111111011111111111111111111111111111111111111111111111111111188888111
1111111111011111111111000001111111101111111101111011111101111111101111111111111111111110111111111111111111111111111111111011111101111111111011111111111111111111111111111111111111111111111111111118888811
1111111111101111000000111111111111011111111100011011111101111111101111111111111111111110111111111111111111111111111111111011111101111111111011111111111111111111111111111111111111111111111111111118888811
1111111111101100111111111111111110111111111011101011111101111111101111111111111111111110111111111111111111111111111111111011111101111111111011111111111111111111111111111111111111111111111111111111888881
1111111111101011111111111111111101111111111011110000000001111111101111111111111111111111011111111111111111111111111111111011111101111111111011111111111111111111111111111111111111111111111111111111888881
1111111111100111111111111111111011111111110111111011111101111111101111111111111111111111011111111111111111111111111111111011111101111111111011111111111111111111111111111111111111111111111111111111888881
1111111111101111111111111111100111111111110111111011111101111111101111111111111111111111011111111111111111111111111111111011111101111111111101111111111111111111111111111111111111111111111111111111888881
1111111111101111111111111111011111111111101111111011111101111111101111111111111111111111011111111111111111111111111111111011111101111111111101111111111111111111111111111111111111111111111111111111888881
1111111111101111111111111110111111111111011111110111111101111111101111111111111111111111011111111111111111111111111111111011111101111111111101111111111111111111111111111111111111111111111111111111888881
1111111111101111111111111101111111111111011111101111111101111111101111111111111111111111011111111111111111111111111111111011111101111111111101111111111111111111111111111111111111111111111111111111888881
1111111111101111111111111011111111111111011111101111111101111111101111111111111111111111011111111111111111111111111110000111111101111111111101111111111111111111111111111111111111111111111111111111888881
1111111111101111111111110111111111111111011111101111111101111111101111111111111111111111011111111111111111111111111101111111111110111111111101111111111111111111111111111111111111111111111111111111888881
1111111111101111111111101111111111111111011111101111111101111111101111111111111111111111011111111111111111111111100011111111111110111111111101111111111111111111111111111111111111111111111111111111888881
1111111111101111111111011111111111111111011111101111111101111111101111111111111111111111011111111111111111111111011111111111111110111111111101111111111111111111111111111111111111111111111111111111888881
1111111111101111111110111111111111111111011111101000000001111111101111111111111111111111011111111111111111111111011111110000000000000000000001111111111111111111111111111111111111111111111111111111888881
1111111111101111111101111111111111111111000000000111111101111111101111111111111111111111011111111111111111111111011110001111111111111111111101111111111111111111111111111111111111111111111111111111888881
1111111111101111111011111111111111111111111111011111111101111111110111111111111111111111011111111111111111111110000001111111111111111111111101111111111111111111111111111111111111111111111111111111888881
1111111111101111110111111111111111111111111111011111111101111111110111111111111111111111011111111111111111111100111111111111111111111111111101111111111111111111111111111111111111111111111111111111888881
1111111111101111101111111111111111111111111111011111111101111111110111111111111111111111011111111111111111111101111111111111111111111111111101111111111111111111111111111111111111111111111111111118888881
1111111111101111011111111111111111111111111111011111111101111111110111111111111111111111011111111111111111111011111111111111111111111111111101111111111111111111111111111111111111111111111111111118888881
1111111111101110111111111111111111111111111111011111111101111111110111111111111111111111011111111111100000000111111111111111111111111111111101111111111111111111111111111111111111111111111111111118888881
1111111111101001111111111111111111111111111111011111111101111111110111111111111111111111100000000000011111110111111111111111111111111111111011111111111111111111111111111111111111111111111111111188888881
1111111111100111111111111111111111111111111111011111111110111111111000000000000000000000001111111111111111110111111111111111111111111111111011111111111111111111111111111111111111111111111111111188888881
1111111111100000000000000000111111111111111111011111111110111111111011111111111111111111110111111111111111110111111111111111111111111111111011111111111111111111111111111111111111111111111111111888888881
1111111111101111111111111111000000000000000000001111111110111111111011111111111111111111110111111111111111111011111111111111111111111111111011111111111111111111111111111111111111111111111111111888888881
1111111111101111111111111111111111111111111111101111111110111111111011111111111111111111110111111111111111111011111111111111111111111111111011111111111111111111111111111411111111111111111111118888888811
1111111111101111111111111111111111111111111111101111111110111111111011111111111111111111110111111111111111111011111111111111111111111111111011111111111111111111111111114444411111111111111111188888888811
1111111111110111111111111111111111111111111111110111111110111111111011111111111111111111110111111111111111111101111111111111111111111111111011111111111111111111111111144444444441111111111111188888888811
1111111111110111111111111111111111111111111111110111111110111111111011111111111111111111110111111111111111111101111111111111111111111111111011111111111111111111111111144444444444444111111111888888888111
1111111111110111111111111111111111111111111111110111111110111111111011111111111111111111110111111111111111111101111111111111111111111111111011111111111111111111111111144444444444444444411118888888888111
1111111111110111111111111111111111111111111111110111111110111111111011111111111111111111111011111111111111111110111111111111111111111111111011111111111111111111111111144444444444444444411118888888888111
1111111111111011111111111111111111111111111111111011111110111111111011111111111111111111111011111111111111111110111111111111111111111110000011111111111111111111111111444444444444444444111188888888881111
1111111111111101111111111111111111111111111111111011111110111111111011111111111111111111111011111111111111111110111111111111111000000001110111111111111111111111111111444444444444444444111188888888881111
1111111111111101111111111111111111111111111111111011111111011111111101111111111111111111111011111111111111111110100000000000000111111111101111111111111111111111111111444444444444444444111888888888811111
1111111111111101111111111111111111111111111111111011111110011111111101111111111111111111111011111111111111100000011111111111111111111111011111111111111111111111111114444444444444444441111888888888811111
1111111111111101111111111111111111111111111111111000000001011111111101111111111111111111111011110000000000011111111111111111111111111110111111111111111111111111111114444444444444444441118888888888811111
1111111111111110111111111111111111111111111111111111111111011111111101111111111111111111111000001111111111111111111111111111111111111101111111111111111111111111111114444444444444444441188888888888111111
1111111111111110111111111111111111111111111111111111111111011111111101111111111111111111111011111111111111111111111111111111111111111011111111111111111111111111111144444444444444444411188888888888111111
1111111111111111011111111111111111111111111111111111111111101111111101111111111111111111111011111111111111111111111111111111111111111011111111111111111111111111111144444444444444444411888888888881111111
1111111111111111011111111111111111111111111111111111111111101111111101111111111111111111111011111111111111111111111111111111111111110111111111111111111111111111111144444444444444444411888888888881111111
1111111111111111011111111111111111111111111111111111111111101111111101111111111111111111111011111111111111111111111111111111111111101111111111111111111111111111111444444444444444444118888888888811111111
1111111111111111101111111111111111111111111111111111111111101111111101111111111111111111111011111111111111111111111111111111111111101111111111111111111111111111111444444444444444444118888888888811111111
1111111111111111110111111111111111111111111111111111111111110111111110111111111111111111111011111111111111111111111111111111111111011111111111111111111111111111111444444444444444444444444444444411111111
1111111111111111111011111111111111111111111111111111111111110111111110111111111111111111111101111111111111111111111111111111111110111111111111111111111111111111114444444444444444444444444444444111111111
1111111111111111111011111111111111111111111111111111111111110111111110111111111111111111111101111111111111111111111111111111111101111111111111111111111111111111114444444444444444444444444444444111111111
1111111111111111111011111111111111111111111111111111111111110111111110111111111111111111111101111111111111111111111111111111111011111111111111111111111111111111114444444444444444444444444444441111111111
1111111111111111111011111111111111111111111111111111111111110111111110111111111111111111111101111111111111111111111111111111110111111111111111111111111111111111144444444444444444444444444444441111111111
1111111111111111111101111111111111111111111111111111111111110111111111011111111111111111111101111111111111111111111111111111101111111111111111111111111111111111144444444444444444444444444444441111111111
1111111111111111111101111111111111111111111111111111111111110111111111011111111111111111111101111111111111111111111111111111011111111111111111111111111111111111144444444444444444444444444444411111111111
1111111111111111111110111111111111111111111111111111111111110111111111011111111111111111111101111111111111111111111111111110111111111111111111111111111111111111444444444444444444444444444444411111111111
1111111111111111111110111111111111111111111111111111111111110111111111011111111111111111111101111111111111111111111111111101111111111111111111111111111111111111444444444444444444444444444444111111111111
1111111111111111111110111111111111111111111111111111111111110111111111011111111111111111111101111111111111111111111111111011111111111111111111111111111111111111444444444444444444444444444444111111111111
1111111111111111111110111111111111111111111111111111111111110111111111011111111111110000000001111111111111111111111111110111111111111111111111111111111111111114444444444444444444444444444441111111111111
1111111111111111111110111111111111111111111111111111111111110000000000000000000000001111111101111111111111111111111111101111111111111111111111111111111111111114444444444444444444444444444441111111111111
1111111111111111111111011111111111111111111111111111111111110111111111111111111111111111111101111111111111111111111111011111111111111111111111111111111111111114444444444444444444444444444441111111111111
1111111111111111111111101111111111111111111111111111111111110111111111111111111111111111111101111111111111111111111110111111111111111111111111111111111111111144444444444444444444444444444411111111111111
1111111111111111111111101111111111111111111111111111111111110111111111111111111111111111111110111111111111111111111101111111111111111111111111111111111111111144444444444444444444444444444411111111111111
1111111111111111111111101111111111111111111111111111111111110111111111111111111111111111111111011111111111111111111011111111111111111111111111111111111111111144444444444444444444444444444111111111111111
1111111111111111111111110111111111111111111111111111111111110111111111111111111111111111111111011111111111111111110111111111111111111111111111111111111111111444444444444444444444444444444111111111111111
1111111111111111111111111011111111111111111111111111111111110111111111111111111111111111111111011111111111111111101111111111111111111111111111111111111111111444444444444444444444444444444111111111111111
1111111111111111111111111011111111111111111111111111111111110111111111111111111111111111111111101111111111111111011111111111111111111111111111111111111111111444444444444444444444444444441111111111111111
1111111111111111111111111011111111111111111111111111111111110111111111111111111111111111111111101111111111111110111111111111111111111111111111111111111111114444444444444444444444444444441111111111111111
1111111111111111111111111101111111111111111111111111111111110111111111111111111111111111111111101111111111111101111111111111111111111111111111111111111111114444444444444444444444444444411111111111111111
1111111111111111111111111110111111111111111111111111111111110111111111111111111111111111111111101111111111111011111111111111111111111111111111111111111111114444444444444444444444444444411111111111111111
1111111111111111111111111111011111111111111111111111111111110111111111111111111111111111111111101111111111110100111111111111111111111111111111111111111111144444444444444444444444444444111111111111111111
1111111111111111111111111111101111111111111111111111111111110111111111111111111111111111111111101111111111101111000111111111111111111111111111111111111111144444444444444444444444444444111111111111111111
1111111111111111111111111111110111111111111111111111111111110111111111111111111111111111111111110111111111011111111011111111111111111111111111111111111111144444444444444444444444444444111111111111111111
1111111111111111111111111111110111111111111111111111111111110111111111111111111111111111111111111011111110111111111101111111111111111111111111111111111111444444444444444444444444444441111111111111111111
1111111111111111111111111111111011111111111111111111111111111011111111111111111111111111111111111011111101111111111011111111111111111111111111111111111111444444444444444444444444444441111111111111111111
1111111111111111111111111111111011111111111111111111111111111011111111111111111111111111111111111011111011111111111011111111111111111111111111111111111111444444444444444444444444444411111111111111111111
1111111111111111111111111111111011111111111111111111111111111011111111111111111111111111111111111011110111111111111011111111111111111111111111111111111114444444444444444444444444444411111111111111111111
1111111111111111111111111111111011111111111111111111111111111011111111111111111111111111111111111011110111111111111011111111111111111111111111111111111114444444444444444444444444444411111111111111111111
1111111111111111111111111111111011111111111111111111111111111011111111111111111111111111111111111011101111111111111011111111111111111111111111111111111114444444444444444444444444444111111111111111111111
1111111111111111111111111111111011111111111111111111111111111011111111111111111111111111111111111011011111111111110111111111111111111111111111111111111144444444444444444444444444444111111111111111111111
1111111111111111111111111111111011111111111111111111111111111101111111111111111111111111111111111010111111111111110111111111111111111111111111111111111144444444444444444444444444441111111111111111111111
1111111111111111111111111111111011111111111111111111111111111101111111111111111111111111111111111010111111111111101111111111111111111111111111111111111144444444444444444444444444441111111111111111111111
1111111111111111111111111111111011111111111111111111111111110000000000000011111111111111111111111001111111111111011111111111111111111111111111111111111444444444444444444444444444411111111111111111111111
1111111111111111111111111111111011111111111111111111111111101111111111111100000000000000000000000011111111111111011111111111111111111111111111111111111444444444444444444444444444411111111111111111111111
1111111111111111111111111111111011111111111111111111111100011111111111111111111111111111111111110100111111111110111111111111111111111111111111111111111444444444444444444444444444411111111111111111111111
1111111111111111111111111111111011111111111111111000000011111111111111111111111111111111111111101111011111111110111111111111111111111111111111111111114444444444444444444444444444111111111111111111111111
1111000000111111111111111111111101111111111111000111111111111111111111111111111111111111111111011111100001111110111111111111111111111111111111111111114444444444444444444444444444111111111111111111111111
1111011111000000000000000000000000111110000000111111111111111111111111111111111111111111111110111111111110011101111111111111111111111111111111111111114444444444444444444444444441111111111111111111111111
1111011111111111111111111111111110111101111111111111111111111111111111111111111111111111111101111111111111100001111111111111111111111111111111111111144444444444444444444444444441111111111111111111111111
1110111111111111111111111111111111000011111111111111111111111111111111111111111111111111111011111111111111111111111111111111111111111111111111111111144444444444444444444444444441111111111111111111111111
1110111111111111111111111111111111000001111111111111111111111111111111111111111111111111110111111111111111111111111111111111111111111111111111111111144444444444444444444444444411111111111111111111111111
1110111111111111111111111111111111011110001111111111111111111111111111111111111111111111101111111111111111111111111111111111111111111111111111111111144444444444444444444444444411111111111111111111111111
1110111111111111111111111111111111011111110000000000000000000000001111111111111111111111011111111111111111111111111111111111111111111111111111111111144444444444444444444444444411111111111111111111111111
1110111111111111111111111111111111011111111111111101111111111111110000111111111111111110111111111111111111111111111111111111111111111111111111111111144444444444444444444444444411111111111111111111111111
1110111111111111111111111111111110111111111111111101111111111111111101000000000000000001111111111111111111111111111111111111111111111111111111111111144444444444444444444444444411111111111111111111111111
1110111111111111111111111111111110111111111111111101111111111111111101111111111111111100000000000011111111111111111111111111111111111111111111111111144444444444444444444444444411111111111111111111111111
1110111111111111111111111111111110111111111111111101111111111111111101111111111111111101111111111100000111111111111111111111111111111111111111111111444444444444444444444444444411111111111111111111111111
1101111111111111111111111111111110111111111111111101111111111111111101111111111111111101111111111111011000001111111111111111111111111111111111111111444444444444444444444444444411111111111111111111111111
1101111111111111111111111111111110111111111111111101111111111111111101111111111111111101111111111111011111110001111111111111111111111111111111111111444444444444444444444444444411111111111111111111111111
1101111111111111111111111111111101111111111111111101111111111111111101111111111111111101111111111111011111111110000001111111111111111111111111111111444444444444444444444444444411111111111111111111111111
1101111111111111111111111111111101111111111111111101111111111111111101111111111111111011111111111110111111111111111101111111111111111111111111111111444444444444444444444444444411111111111111111111111111
1101111111111111111111111111111101111111111111111101111111111111111101111111111111111011111111111110111111111111111101111111111111111111111111111111444444444444444444444444444441111111111111111111111111
1101111111111111111111111111111101111111111111111101111111111111111101111111111111111011111111111110111111111111111101111111111111111111111111111114444444444444444444444444444444441111111111111111111111
1101111111111111111111111111111101111111111111111101111111111111111101111111111111111011111111111110111111111111111011111111111111111111111111111114444444444444444444444444444444444441111111111111111111
1110000000000000000001111111111101111111111111111101111111111111111101111111111111111011111111111110111111111111110111111111111111111111111111111114444444444444444444444444444444444444441111111111111111
1111111111111111111110000000011101111111111111111101111111111111111101111111111111111011111111111110111111111111110111111111111111111111111111111114444444444444444444444444444444444444444441111111111111
1111111111111111111111111111100000011111111111111101111111111111111101111111111111110111111111111110111111111111110111111111111111111111111111111114444444444444444444444444444444444444444444441111111111
1111111111111111111111111111111111100011111111111101111111111111111011111111111111110111111111111110111111111111110111111111111111111111111111111114444444444444444444444444444444444444444444444441111111
1111111111111111111111111111111111111100111111111011111111111111111011111111111111110111111111111110111111111111110111111111111111111111111111111144444444444444444444444444444444444444444444444444441111
1111111111111111111111111111111111111111000000011011111111111111111011111111111111101111111111111110111111111111110111111111111111111111111111111144444444444444444444444444444444444444444444444444444441
1111111111111111111111111111111111111111111111100000000000000111111011111111111111101111111111111110111111111111110111111111111111111111111111111144444444444444444444444444444444444444444444444444444441
1111111111111111111111111111111111111111111111111111111111111000000000000000111111101111111111111110111111111111110111111111111111111111111111111144444444444444444444444444444444444444444444444444444441
1111111111111111111111111111111111111111111111111111111111111111111111111111000000101111111111111110111111111111110111111111111111111111111111111144444444444444444444444444444444444444444444444444444441
1111111111111111111111111111111111111111111111111111111111111111111111111111111111000000000000011110111111111111110111111111111111111111111111111444444444444444444444444444444444444444444444444444444441
1111111111111111111111111111111111111111111111111111111111111111111111111111111111111111111111100000111111111111110111111111111111111111111111111444444444444444444444444444444444444444444444444444444441
1441111111111111111111111111111111111111111111111111111111111111111111111111111111111111111111111110000000000000010111111111111111111111111111111444444444444444444444444444444444444444444444444444444441
1444111111111111111111111111111111111111111111111111111111111111111111111111111111111111111111111111111111111111100111111111111111111111111111111444444444444444444444444444444444444444444444444444444441
1444444111111111111111111111111111111111111111111111111111111111111111111111111111111111111111111111111111111111110111111111111111111111111111111444444444444444444444444444444444444444444444444444444441
1444444444111111111111111111111111111111111111111111111111111111111111111111111111111111111111111111111111111111111111111111111111111111111111111444444444444444444444444444444444444444444444444444444441
1444444444444111111111111111111111111111111111111111111111111111111111111111111111111111111111111111111111111111111111111111111111111111111111114444444444444444444444444444444444444444444444444444444441
1444444444444444111111111111111111111111111111111111111111111111111111111111111111111111111111111111111111111111111111111111111111111111111111114444444444444444444444444444444444444444444444444444444441
1444444444444444444111111111111111111111111111111111111111111111111111111111111111111111111111111111111111111111111111111111111111111111111111114444444444444444444444444444444444444444444444444444444441
1444444444444444444444444444444444411111111111111111111111111111111111111111111111111111111111111111111111111111111111111111111111111111111111114444444444444444444444444444444444444444444444444444444441
1444444444444444444444444444444444444111111111111111111111111111111111111111111111111111111111111111111111111111111111111111111111111111111111114444444444444444444444444444444444444444444444444444444441
1444444444444444444444444444444444444441111111111111111111111111111111111111111111111111111111111111111111111111111111111111111111111111111111114444444444444444444444444444444444444444444444444444444441
1444444444444444444444444444444444444444411111111111111111111111111111111111111111111111111111111111111111111111111111111111111111111111111111144444444444444444444444444444444444444444444444444444444441
1444444444444444444444444444444444444444444111111111111111111111111111111111111111111111111111111111111111111111111111111111111111111111111111144444444444444444444444444444444444444444444444444444444441
1444444444444444444444444444444444444444444411111111111111111111111111111111111111111111111111111111111111111111111111111111111111111111111111144444444444444444444444444444444444444444444444444444444441
1444444444444444444444444444444444444444444441111111111111111111111111111111111111111111111111111111111111111111111111111111111111111111111111144444444444444444444444444444444444444444444444444444444441
1444444444444444444444444444444444444444444444111111111111111111111111111111111111111111111111111111111111111111111111111111111111111111111111144444444444444444444444444444444444444444444444444444444441
1444444444444444444444444444444444444444444444411111111111111111111111111111111111111111111111111111111111111111111111111111111111111111111111144444444444444444444444444444444444444444444444444444444441
1444444444444444444444444444444444444444444444441111111111111111111111111111111111111111111111111111111111111111111111111111111111111111111111444444444444444444444444444444444444444444444444444444444441
1444444444444444444444444444444444444444444444444444444444111111111111111111111111111111111111111111111111111111111111111111111111111111111111444444444444444444444444444444444444444444444444444444444441
1444444444444444444444444444444444444444444444444444444444444444444411111111111111111111111111111111111111111111111111111111111111111111111111444444444444444444444444444444444444444444444444444444444441
1444444444444444444444444444444444444444444444444444444444444444444444444444411111111111111111111111111111111111111111111111111111111111111111444444444444444444444444444444444444444444444444444444444441
1444444444444444444444444444444444444444444444444444444444444444444444444444444444444411111111111111111111111111111111111111111111111111111111444444444444444444444444444444444444444444444444444444444441
1444444444444444444444444444444444444444444444444444444444444444444444444444444444444444444441111111111111111111111111111111111111111111111111444444444444444444444444444444444444444444444444444444444441
1111111111111111111111111111111111111111111111111111111111111111111111111111111111111111111111111111111111111111111111111111111111111111111111111111111111111111111111111111111111111111111111111111111111