111111111111111111111111111111111111111111111111111111111111111111111111111111111111111111111111111111
111111111111111111111111111111111111111111111111111111111111111111111111111181111111111111111111111111
111111111111111111111111111111111111111111111111111111888888888888888888888811000000000111111111111111
111111111111111111111111111111111111111111111888888888111111111111111111111100101111111000000000000011
111111111111111111111111111111111111111111888111111111111011111111111111111011101111111111111111110011
111111111111111111111111111111111111111188111111111111100101111111111111110111110111111111111111101011
111111111111111111111111111111111111888811111111111110011110111111101111101111111011111111111110011011
111111111111111111111111111111118888111111111111111110011111000000010111011111111101111111111101111011
111111111111111111111111111888881111111111111111111101011111011111111010111111111101111111111011111011
111111111111111111111111118111111111111111111111111011101111101111111100011111111001111111110111111011
111111111111111111111111811111111111111111111111100011101111101111111011101111110111111111001111111011
111111111111111111111181111111111111111100000000011011101111101111110111110000000011111100111111111011
111111111111111111118111111111111111111011111101111011101111101100000111111110111101110011111111111011
111111111111111111181111111111111111100111111110111011101111100011111001111101111110001111111111111011
111111111111111111811111111111111110011111111110110111101111101111111110010011111111011111111111111011
111111111111111181111111111111111001111111111110110111101111101111111111100111111110111111111111111011
111111111111111811111111111110000011111111111110000000000000001111111110011000111110111111111111111011
111111111111118111111111111101101101111111111110110111101111100111111101111111011101111111111111111011
111111111111811111111111111011101110011111111110110111101111101011111011111111100011111111111111111011
111111111118111111111111100111101111100000000000000000001111101100000111111111110111111111111111111011
111111111181111111111111000000101111111111111111110111101111101111101111111111101111111111111111111011
111111111811111111111110101111001111111111111111110111101111101111101111111111011111111111111111111011
111111118111111111110001101111100000000000111111110111101111101111011111111110111111111111111111111011
111111118111111111001111101111011111111111000000000000000000000111011111111101111111111111111111110011
111111118111111110111111101111011111111111111111111111111111111000111111111011111111111111111000001111
111111118111111101111111101111011111111111111111111111111111111110000001111011111111111111100111111111
111111181111110011111111101111011111111111111111111111111111111110111110010111111111111110011111111111
111111181111101111111111101111011111111111111111111111111111111110111111101111111001111001111111111111
111111181000011111111111101111011111111111111111111111111111111110111110010111111010000111111111111111
111111811011111111111111100001011111111111111111111111111111111111011101111011111010101111111111111111
111111811011111111111111101110011111111111111111111111111111111111101011111101111010101111111111111111
111111811011111111111111101111011111111111111111111111111111111111110111111110111010101111111111111111
111111811101111111111111101111011111111111111111111111111111111111101111111111001010101111111111111111
111118111110111111111111101111011111111111111111111111111111111111011111111111110010101111111111111111
111118111110111111111111100000011111111111111111111111111111111110011111111111111010101111111111111111
111118111110111111111111101111011111111111111111111111111111111101101111111111111100000001111111111111
111181111110111111111111101111011111111111111111111111111111111101110111111111100011111100111111111111
111181111110111111111111101111011111111111111111111111111111111011111011111111011111111011011111111111
111181111111011100000000001111011111111111111111111111111111111011111101111110111111110111101111111111
111181111111000011111111101111011111111111111111111111111111110011111100000001111111110111110111111111
111181111111101111111111101111011000000000011111111111111111101101110010111111111111110111111011111111
111181111111101111111111101111011011111111100000000111111111011110101101111111111111101111111100111111
111181111111101111111111101111011011111111111111011000000000111111011101111111111111101111111111011111
111181111111101111111111011111011011111111111111011111011101011110111101111111111111011111111111101111
111181111111101111111111011111011011111111111111011111011101100101111011111111111111011111111111110111
111181111111110111111111011111000000000000000000001111011011111011111011111111111111011111111111111011
111181111111111011111111011111111111111111111111010000111001110111111011111111111110111111111111111011
111181111111111011111111011111111111111111111110111101111010001111110111111111111110111111111111111011
111181111111111011111111011111111111111111111110111011111011101111110000111111111101111111111111111011
111181111111111101111111011111111111111111111110111011111011110111101111000000001101111111111111111011
111181111111000000000000000000000111111111111110000011111011110111101111111101110000001111111111111011
111181110000111110111111011111110011111111111110111011110111111011101111111101111101110011111111110111
111181001111111110111111011111110100000011111110111011110111111011101111111011111101111101111111110111
111181101111111110111111011111110111111011111110110111110111111101011111111011111011111110001111110111
111181110111111110111111011111110111111011111110110111110111111110111111111000000011111111110000001111
111181110111111110111111011111110111111000000000000111101111111111011111111011111011111111111111111111
111181110111111110111111011111110111111111111111110011011111111111100011111011110111111111111111111111
111181111011111110111111011111110111001111111111111100011111111111011100000111101111111111111111111111
111181111101111110111111101111110000101111111111111110111111111110111111111011011111111111111111111111
111181111110111110000000000000001111101111111111111110111111111101111111111101011111111111111111111111
111181111110111111111111101111111111101111111111111101111111111101111111111101011111111111111111111111
111118111111011111111111101111111111101111111111111011111111111011111111111100111111111111111111111111
111118111111101111111111101111111111101111111111111011111100011011111111111110111111111111111111111111
111118111111110111111111101111111111101111111111111011111101100111000000000000111111111111111111111111
111111811111110111111111101111111111101111111110000001111011110111011111111110111111111111111111111111
111111811111111011111111101111111111101111000001111010011011101110111111111111011111111111111111111111
111111811111111011111111101111111111101100101111110111100001011101111111111111011111111111111111111111
111111181111111011111111101111111111000011101111110111110110001101111111111111011111111111111111111111
111111181111111011111111100000000000101111110111110111110111110000000000000000001111111111111111111111
111111181111111011111111101111111111101111110000000111110111111011111011111111011111111111111111111111
111111181111111011111111101111111111101111111111110111110111110111111011111110111111111111111111111111
111111181111111101111111101111111111101111111111110111110111110111111011111101111111111111111111111111
111111118111111110111111101111111111101111111111110111110111101111111011111101111111111111111111111111
111111118111111110111111101111111111101111111111110111110111011111110111111101111111111111111111111111
111111118111111111011111101111111111101111111111110000000000000000010111111101111111111111111111111111
111111118111111111011111101111111000001111111111110111111111111111101111111101111111111111111111111111
111111111811111111101111100000000111111111111111110111111111111111111111111101111111111111111111111111
111111111811111111101111110111111111111111111111110111111111111111111111111011111111111111111111111111
111111111181111111101111110111111111111111111111110111111111111111111111111011111111111111111111111111
111111111181111111101111110111111111111100000000000000111111111111111111111011111111111111111111111111
111111111118111111110111110111111111111101101110110111001111111000000000000011111111111111111111111111
111111111111811111111011110111111111111101101110110111110000000111111111111011111111111111111111111111
111111111111181111111011100000000000111101101110110111111111111111111111111011111111111111111111111111
111111111111118111111101011110111111011101101110110111111111111111111111111011111111111111111111111111
111111111111111811111100111110000000000000000000110111111111111111111111111011111111111111111111111111
111111111111111181111101111110111111111111100000000000000001111111111111111011111111111111111111111111
111111111111111118111110111111111110000000011111111111111110000000000000000011111111111111111111111111
111111111111111111811111011110000001111111111111111111111111111111111111111111111111111111111111111111
111111111111111111181111011101111111111111111111111111111111111111111111111111111111111111111111111111
111111111111111111118111100011111111111111111111111111111111111111111111111111111111111111111111111111
111111111111111111111811111111111111111111111111111111111111111111111111111111111111111111111111111111
144444444444444444444444444444444444444444444444444444444444444444444444444444444444444444444444444441
144444444444444444444444444444444444444444444444444444444444444444444444444444444444444444444444444441
144444444444444444444444444444444444444444444444444444444444444444444444444444444444444444444444444441
144444444444444444444444444444444444444444444444444444444444444444444444444444444444444444444444444441
144444444444444444444444444444444444444444444444444444444444444444444444444444444444444444444444444441
144444444444444444444444444444444444444444444444444444444444444444444444444444444444444444444444444441
144444444444444444444444444444444444444444444444444444444444444444444444444444444444444444444444444441
144444444444444444444444444444444444444444444444444444444444444444444444444444444444444444444444444441
144444444444444444444444444444444444444444444444444444444444444444444444444444444444444444444444444441
144444444444444444444444444444444444444444444444444444444444444444444444444444444444444444444444444441
111111111111111111111111111111111111111111111111111111111111111111111111111111111111111111111111111111