111111111111111111111111111111111111111111111111111111111111111111111111111111111111111111111111111111
111111111111111111111111111111111111111111111111111111111111111111111111111181111111111111111111111111
111111111111111111111111111111111111111111111111111111888888888888888888888811000000000011111111111111
111111111111111111111111111111111111111111111888888888111111111111111111111110011111111100000000000011
111111111111111111111111111111111111111111888111111111110011111111111111111101101111111111111111101011
111111111111111111111111111111111111111188111111111111001101111111111111111011110111111111111111011011
111111111111111111111111111111111111888811111111111110111110111110001111110111111011111111111110111011
111111111111111111111111111111118888111111111111111110011111000001110111101111111101111111111101111011
111111111111111111111111111888881111111111111111111101011111011111111011011111111101111111111011111011
111111111111111111111111118111111111111111111111111011101111011111111100011111111101111111110111111011
111111111111111111111111811111111111111111111111000011101111011111111011100000100011111111101111111011
111111111111111111111181111111111111111111000000111011101111101111110111111110001111111110011111111011
111111111111111111118111111111111111111000111101111011101111101100000111111101110111110001111111111011
111111111111111111181111111111111111110111111110111011101111100011111011111011111000001111111111111011
111111111111111111811111111111111110001111111110110111101111101111111100010111111111011111111111111011
111111111111111181111111111111111001111111111110110111101111101111111111100001111111011111111111111011
111111111111111811111111111111100001111111111110000000000000001111111110011110111110111111111111111011
111111111111118111111111111111001110111111111110110111101111100011111101111111001101111111111111111011
111111111111811111111111111000101111001111111110110111101111101100011011111111110011111111111111111011
111111111118111111111111000111101111110000000000000000001111101111100111111111110111111111111111111011
111111111181111111111000100001101111111111111111110111101111101111101111111111101111111111111111111011
111111111811111111110111101110001111111111111111110111101111101111011111111111011111111111111111111011
111111118111111111101111101111100000011111111111110111101111101110111111111110111111111111111111111011
111111118111111111011111101111101111100000000000000000000000001110111111111101111111111111111111110011
111111118111111110111111101111101111111111111111111111111111110000111111111011111111111111111100001111
111111118111111101111111101111101111111111111111111111111111111110011111110111111111111111110011111111
111111181111100011111111101111011111111111111111111111111111111110100000110111111111111111001111111111
111111181100011111111111101111011111111111111111111111111111111110111111000111111001110000111111111111
111111181011111111111111101111011111111111111111111111111111111110111110011011111010001111111111111111
111111811011111111111111100011011111111111111111111111111111111111011101111101111010101111111111111111
111111811011111111111111101100011111111111111111111111111111111111101011111110111010101111111111111111
111111811101111111111111101111011111111111111111111111111111111111110111111111011010101111111111111111
111111811101111111111111101111011111111111111111111111111111111111101111111111101010101111111111111111
111118111101111111111111101111011111111111111111111111111111111111011111111111110010101111111111111111
111118111101111111111111101111011111111111111111111111111111111110111111111111111000101111111111111111
111118111110111111111111100000011111111111111111111111111111111110011111111111111110000001111111111111
111181111110111111111111101111011111111111111111111111111111111101100111111100000001111010111111111111
111181111110111111111111101111011111111111111111111111111111111011111011100011111111111011011111111111
111181111111011111111111101111011111111111111111111111111111110111111101011111111111111011100111111111
111181111111000000000000001111011111111111111111111111111111110111111100111111111111110111111011111111
111181111111101111111111101111011000000000000000111111111111101001111010111111111111110111111101111111
111181111111101111111111101111011011111111111111000000011111011110110101111111111111110111111110111111
111181111111101111111111101111011011111111111111011111100000011111001011111111111111110111111111011111
111181111111101111111111101111011011111111111111011111011101101110111011111111111111110111111111101111
111181111111101111111111101111011011111111111111011110111011110101110111111111111111101111111111110111
111181111111110111111111101111000000000000000000011110111011111011110111111111111111011111111111111011
111181111111110111111111101111111111111111111111000000111000110111110111111111111110111111111111110111
111181111111110111111111101111111111111111111111011101111011010111110111111111111110111111111111110111
111181111111110111111111101111111111111111111110111101110111101111110011111111111110111111111111110111
111181111111111011111111011111111111111111111110111101110111110111110100000000111110111111111111101111
111181111111000000000000000000000011111111111110001101110111111011101111111101000000000111111111101111
111181111110111101111111011111111001111111111110110011101111111011101111111101111101111001111111101111
111181000001111101111111011111111010000011111110110111101111111101011111111101111101111110001111101111
111181101111111101111111011111111011111011111110110111101111111101011111111101111011111111110000001111
111181110111111101111111011111111011111011111110110111101111111110111111111000000011111111111111101111
111181110111111101111111011111111011111000000000010111101111111111011111110111111011111111111111111111
111181111011111110111111011111111011111111111111100001011111111111100001110111110111111111111111111111
111181111101111110111111011111111011101111111111111110011111111111011110000111110111111111111111111111
111181111110111110111111011111111000001111111111111110111111111110111111111011101111111111111111111111
111181111111011110000000000000000111101111111111111101111111111101111111111101101111111111111111111111
111181111111101111111111101111111111101111111111111011111111111011111111111101011111111111111111111111
111118111111101111111111101111111111101111111111111011111111111011111111111110011111111111111111111111
111118111111110111111111101111111111101111111111111011111100011011111111111110111111111111111111111111
111118111111110111111111101111111111101111110000000011111101100111000000000000111111111111111111111111
111111811111111011111111101111111111101111101111111001111011101111011111111110111111111111111111111111
111111811111111101111111101111111111101110011111111010010111101111011111111111011111111111111111111111
111111811111111101111111101111111111100001101111110111100001101110111111111111011111111111111111111111
111111181111111101111111101111111110001111110111110111110110011101111111111111011111111111111111111111
111111181111111110111111100000000001101111110111110111110111100000000000000000001111111111111111111111
111111181111111110111111101111111111101111110000000111110111110111111101111111101111111111111111111111
111111181111111111011111101111111111101111111111110111110111110111111011111111011111111111111111111111
111111181111111111011111101111111111101111111111110111110111110111110111111111011111111111111111111111
111111118111111111101111101111111111101111111111110111110111101111110111111111011111111111111111111111
111111118111111111110111101111111111101111111111110111110111101111110111111110111111111111111111111111
111111118111111111110111101111111111101111111111110000000000000000010111111110111111111111111111111111
111111118111111111110111101111111100001111111111110111111111111111101111111101111111111111111111111111
111111111811111111110111100000000011111111111111110111111111111111111111111101111111111111111111111111
111111111811111111110111101111111111111111111111110111111111111111111111111011111111111111111111111111
111111111181111111110111101111111111111111111111110111111111111111111111111011111111111111111111111111
111111111181111111110111101111111111111100000000000000111111111111111100000011111111111111111111111111
111111111118111111110111101111111111111101101110110111000000111111100011111011111111111111111111111111
111111111111811111111011110111111111111101101110110111111111000000011111111011111111111111111111111111
111111111111181111111101110000000000111101101110110111111111111111111111111011111111111111111111111111
111111111111118111111100001110111111011101101110110111111111111111111111111011111111111111111111111111
111111111111111811111101111110111100000000000000110111111111111111111111111011111111111111111111111111
111111111111111181111110111110000011111111111000000000000000011111111111111011111111111111111111111111
111111111111111118111111011111111111110000000111111111111111100000000000000011111111111111111111111111
111111111111111111811111101111111111101111111111111111111111111111111111111111111111111111111111111111
111111111111111111181111100000000000011111111111111111111111111111111111111111111111111111111111111111
111111111111111111118111101111111111111111111111111111111111111111111111111111111111111111111111111111
111111111111111111111811111111111111111111111111111111111111111111111111111111111111111111111111111111
144444444444444444444444444444444444444444444444444444444444444444444444444444444444444444444444444441
144444444444444444444444444444444444444444444444444444444444444444444444444444444444444444444444444441
144444444444444444444444444444444444444444444444444444444444444444444444444444444444444444444444444441
144444444444444444444444444444444444444444444444444444444444444444444444444444444444444444444444444441
144444444444444444444444444444444444444444444444444444444444444444444444444444444444444444444444444441
144444444444444444444444444444444444444444444444444444444444444444444444444444444444444444444444444441
144444444444444444444444444444444444444444444444444444444444444444444444444444444444444444444444444441
144444444444444444444444444444444444444444444444444444444444444444444444444444444444444444444444444441
144444444444444444444444444444444444444444444444444444444444444444444444444444444444444444444444444441
144444444444444444444444444444444444444444444444444444444444444444444444444444444444444444444444444441
111111111111111111111111111111111111111111111111111111111111111111111111111111111111111111111111111111