111111111111111111111111111111111111111111111111111111111111111111111111111111111111111111111111111111
111111111111111111111111111111111118888888888888888888888888888888888888888881111111111111111111111111
111111111111111111111111118888888888888888888888888888888888888888888888888811000111111111111111111111
111111111111111111118888888888888888888888888888888888111111111111111111111110101000000000000000000011
111111111111111188888888888888888888888888888111111111110011111111111111111101110111111111111111100011
111111111111888888888888888888888888888888111111111111101101111111111111111011110111111111111111011011
111111111118888888888888888888888888888811111111111110011110110000001111100111110111111111111110111011
111111111888888888888888888888888888111111111111111110011111001111110111011111111011111111111101111011
111111188888888888888888888888881111111111111111111101011111011111111010111111111011111111111011111011
111111888888888888888888888111111111111111111111111011101111011111111100111111111101111111100111111011
111118888888888888888888811111111111111111111111000011101111011111111011000000110011111111011111111011
111118888888888888888881111111111111111100000000111011101111011111110111111110000000111110111111111011
111188888888888888888111111111111111111011111101111011101111101111001111111101111111011001111111111011
111188888888888888881111111111111110000111111101111011101111100000110111111011111111100111111111111011
111188888888888888811111111111111001111111111101111011101111101111111001110111111111011111111111111011
111888888888888881111111111111110111111111111110110111101111101111111110000011111110111111111111111011
111888888888888811111111111111000111111111111110000000000000001111111110111100111101111111111111111011
118888888888888111111111111110101000111111111110110111101111100111111101111111011011111111111111111011
118888888888811111111111111001101111001111111110110111101111101011111011111111100011111111111111111011
118888888888111111111111100001101111110000000000000000001111101100000111111111110111111111111111111011
188888888881111111111000001110101111111111111111110111101111101111011111111111101111111111111111111011
188888888811111111110111101111001111111111111111110111101111101110111111111111011111111111111111111011
188888888111111111101111101111100000011111111111110111101111101110111111111110111111111111111111111011
188888888111111110011111101111101111100000000000000000000000000000111111111101111111111111111111111011
188888888111111101111111101111101111111111111111111111111111111110011111111101111111111111111111100111
188888888111110011111111101111101111111111111111111111111111111110100001111011111111111111111111011111
188888881111001111111111101111011111111111111111111111111111111110111110110111111111111111100000111111
188888881100111111111111101111011111111111111111111111111111111110111111000111111001111000011111111111
188888881011111111111111101111011111111111111111111111111111111110111111011011111010000111111111111111
188888811101111111111111100001011111111111111111111111111111111111011110111101111010101111111111111111
188888811101111111111111101110011111111111111111111111111111111111101101111110111010101111111111111111
188888811101111111111111101111011111111111111111111111111111111111110011111111011010101111111111111111
188888811101111111111111101111011111111111111111111111111111111111101111111111101010101111111111111111
188888111101111111111111101111011111111111111111111111111111111111011111111111110010101111111111111111
188888111101111111111111100111011111111111111111111111111111111110111111111111111010101111111111111111
188888111101111111111111101000011111111111111111111111111111111101011111111111110000000001111111111111
188881111110111111111111101111011111111111111111111111111111111011101111111111001111111100111111111111
188881111111011111111111101111011111111111111111111111111111111011110011111100111111111101011111111111
188881111111011111110000001111011111111111111111111111111111111011111101100011111111111011101111111111
188881111111000000001111101111011111111111111111111111111111110111111100011111111111110111110111111111
188881111111011111111111101111011000000000111111111111111111101001111010111111111111110111111011111111
188881111111101111111111101111011011111111000000000111111111011110100110111111111111110111111100111111
188881111111101111111111101111011011111111111111011000000000011111011101111111111111101111111111011111
188881111111101111111111011111011011111111111111011111011101101110111101111111111111011111111111101111
188881111111101111111111011111011011111111111111011111011101110101111101111111111111011111111111110111
188881111111101111111111011111000000000000000000011110111011111011111011111111111111011111111111111011
188881111111101111111111011111111111111111111111000000111001110111110111111111111110111111111111111011
188881111111110111111111011111111111111111111110111110110110101111110111111111111110111111111111111011
188881111111111011111111011111111111111111111110111101110111001111101001111111111101111111111111110111
188881111111111101111111011111111111111111111110111011101111110111101110000001111101111111111111110111
188881111111111100000000000000000111111111111110111011101111111011011111111100000001111111111111101111
188881111111111001111111011111110000111111111110000011101111111011011111111101111100111111111111101111
188881000000000101111111011111110111000011111110110111101111111101011111111101111101000000111111101111
188881011111111101111111101111110111111011111110110111101111111101011111111011111011111111000001101111
188881011111111101111111101111111011111011111110110111101111111110111111111000000011111111111110001111
188881011111111110111111101111111011111000000000010111101111111111011111110111110111111111111111111111
188881011111111110111111101111111011111111111111100000101111111111100000110111110111111111111111111111
188881101111111110111111101111111011101111111111111111011111111111011111000111101111111111111111111111
188881101111111110111111101111100000001111111111111110111111111111011111110111101111111111111111111111
188881101111111110000000000000011111101111111111111110111111111110111111111011011111111111111111111111
188881110111111111111111101111111111101111111111111101111111111101111111111101011111111111111111111111
188888110111111111111111101111111111101111111111111101111111111011111111111101011111111111111111111111
188888111011111111111111101111111111101111111111111101111100010111111111111110011111111111111111111111
188888111101111111111111101111111111101111111111110011111101100111000000000000111111111111111111111111
188888811110111111111111101111111111101111111100001001111011101110111111111111011111111111111111111111
188888811111011111111111101111111111101111000011110110000111101101111111111111101111111111111111111111
188888811111101111111111101111111111101000101111110111110000011101111111111111101111111111111111111111
188888881111101111111111101111111110000111110111110111110111001101111111111111101111111111111111111111
188888881111101111111111100000000001101111110111110111110111110000000000000000001111111111111111111111
188888881111101111111111101111111111101111110000000111110111110111111011111111011111111111111111111111
188888881111101111111111101111111111101111111111110111110111110111111011111111011111111111111111111111
188888881111110111111111101111111111101111111111110111110111110111110111111111011111111111111111111111
188888888111110111111111101111111111101111111111110111110111110111110111111111011111111111111111111111
188888888111111011111111101111111111101111111111110111110111101111110111111111011111111111111111111111
188888888111111011111111101111111111101111111111110000000000000011101111111111011111111111111111111111
188888888111111101111111101111111100001111111111110111111111111100001111111111011111111111111111111111
188888888811111110111111100000000011111111111111110111111111111111111111111111011111111111111111111111
188888888811111110111111101111111111111111111111110111111111111111111111111110111111111111111111111111
188888888881111111011111101111111111111111111111110111111111111111111111111101111111111111111111111111
188888888881111111011111101111111111111100000000000011111111111111111100000011111111111111111111111111
188888888888111111101111101111111111111101101110110100000000111100000011111011111111111111111111111111
188888888888811111110111110111111111111101101110110111111111000011111111111011111111111111111111111111
188888888888881111110111110000000000111101101110110111111111111111111111111011111111111111111111111111
188888888888888111111011101110111111011101101110110111111111111111111111111011111111111111111111111111
188888888888888811111100011110110000000000000000110111111111111111111111111011111111111111111111111111
188888888888888881111110111110001111111111111111100000000000000011111111111011111111111111111111111111
188888888888888888111111011111111111100000000000011111111111111100000000000011111111111111111111111111
188888888888888888811111011111100000011111111111111111111111111111111111111111111111111111111111111111
188888888888888888881111010000011111111111111111111111111111111111111111111111111111111111111111111111
188888888888888888888111101111111111111111111111111111111111111111111111111111111111111111111111111111
188888888888888888888811111111111111111111111111111111111111111111111111111111111111111111111111111111
144444444444444444444444444444444444444444444444444444444444444444444444444444444444444444444444444441
144444444444444444444444444444444444444444444444444444444444444444444444444444444444444444444444444441
144444444444444444444444444444444444444444444444444444444444444444444444444444444444444444444444444441
144444444444444444444444444444444444444444444444444444444444444444444444444444444444444444444444444441
144444444444444444444444444444444444444444444444444444444444444444444444444444444444444444444444444441
144444444444444444444444444444444444444444444444444444444444444444444444444444444444444444444444444441
144444444444444444444444444444444444444444444444444444444444444444444444444444444444444444444444444441
144444444444444444444444444444444444444444444444444444444444444444444444444444444444444444444444444441
144444444444444444444444444444444444444444444444444444444444444444444444444444444444444444444444444441
144444444444444444444444444444444444444444444444444444444444444444444444444444444444444444444444444441
111111111111111111111111111111111111111111111111111111111111111111111111111111111111111111111111111111