111111111111111111111111111111111111111111111111111111111111111111111111111111111111111111111111111111
111111111111111111111111111111111111111111111111111111111111111111111111111181111111111111111111111111
111111111111111111111111111111111111111111111111111111888888888888888888888811011111111111111111111111
111111111111111111111111111111111111111111111888888888111111111111111111111110100000000000000000000011
111111111111111111111111111111111111111111888111111111111011111111111111111101110111111111111111110011
111111111111111111111111111111111111111188111111111111100101111111111111110011111011111111111111001011
111111111111111111111111111111111111888811111111111110011110111111001111101111111011111111111110111011
111111111111111111111111111111118888111111111111111110011111000000110111011111111011111111111101111011
111111111111111111111111111888881111111111111111111110101111011111111010111111111101111111111011111011
111111111111111111111111118111111111111111111111111101101111101111111100000011111101111111110111111011
111111111111111111111111811111111111111111111111100011101111101111111011111100100011111111001111111011
111111111111111111111181111111111111111110000000011011101111101111110111111111000111111110111111111011
111111111111111111118111111111111111111001111101111011101111100000000011111110111001110001111111111011
111111111111111111181111111111111111110111111101111011101111101111111101111101111110001111111111111011
111111111111111111811111111111111000001111111101111011101111101111111110110011111111101111111111111011
111111111111111181111111111111110111111111111101111011101111101111111111001111111111011111111111111011
111111111111111811111111111111101111111111111110000000000000001111111110010111111110111111111111111011
111111111111118111111111111111000001111111111110110111101111100111111101111000001101111111111111111011
111111111111811111111111111100101110011111111110110111101111101001111011111111110011111111111111111011
111111111118111111111111100011101111100000000000000000001111101110000111111111110111111111111111111011
111111111181111111111111001000101111111111111111110111101111101111101111111111101111111111111111111011
111111111811111111111110101111001111111111111111110111101111101111011111111111011111111111111111111011
111111118111111111000001101111100000001111111111110111101111101111011111111110111111111111111111111011
111111118111110000111111101111101111110000000000000000000000000000111111111101111111111111111111111011
111111118111101111111111101111101111111111111111111111111111111110111111111101111111111111111111100111
111111118111011111111111101111101111111111111111111111111111111110011111111011111111111111111111011111
111111181110111111111111101111011111111111111111111111111111111110100000110111111111111111100000111111
111111181101111111111111101111011111111111111111111111111111111110111111001111111001111100011111111111
111111181011111111111111101111011111111111111111111111111111111110111111010111111010000011111111111111
111111811011111111111111100001011111111111111111111111111111111111011110111011111010101111111111111111
111111811011111111111111101110011111111111111111111111111111111111101001111101111010101111111111111111
111111811101111111111111101111011111111111111111111111111111111111110111111110011010101111111111111111
111111811101111111111111101111011111111111111111111111111111111111101111111111101010101111111111111111
111118111110111111111111101111011111111111111111111111111111111111011111111111110010101111111111111111
111118111110111111111111100000011111111111111111111111111111111110011111111111111000101111111111111111
111118111110111111111111101111011111111111111111111111111111111101101111111111111000000001111111111111
111181111110111111111111101111011111111111111111111111111111111011110111111111110111111010111111111111
111181111110111111111111101111011111111111111111111111111111111011111011111110001111110111011111111111
111181111111011111111100001111011111111111111111111111111111110111111101000001111111110111101111111111
111181111111000000000011101111011111111111111111111111111111110111111110111111111111101111110111111111
111181111111011111111111101111011000001111111111111111111111101011111100111111111111101111111011111111
111181111111011111111111101111011011110000000000011111111111011100111010111111111111101111111101111111
111181111111011111111111101111011011111111111111000000000000011111000110111111111111101111111110111111
111181111111101111111111101111011011111111111111011111011110101110111101111111111111011111111111011111
111181111111101111111111101111011011111111111111011111011101110101111011111111111110111111111111100111
111181111111110111111111101111000000000000000000001110111101111011111011111111111110111111111111111011
111181111111111011111111101111111111111111111111010000111000110111111011111111111110111111111111111011
111181111111111011111111101111111111111111111111011101110111010111110011111111111110111111111111111011
111181111111111011111111101111111111111111111111011101110111101111101100111111111110111111111111111011
111181111111111101111111011111111111111111111111011011110111101111101111000001111101111111111111111011
111181111111110000000000000000000001111111111110000011101111110111011111111010000001111111111111111011
111181111111101101111111011111111010111111111110111011101111111011011111111011111010011111111111111011
111181000000011110111111101111111011000011111110111011101111111011011111111011111011100000000000111011
111181011111111110111111101111111011111011111110111011101111111100111111111011111011111111111111010111
111181101111111110111111101111111011111011111110111011101111111110111111111000000011111111111111101111
111181110111111110111111101111111011111000000000010111101111111111011111111011111011111111111111111111
111181111011111110111111101111111011111111111111100000101111111111100000011011111011111111111111111111
111181111101111110111111101111111000001111111111111111011111111111011111100111111011111111111111111111
111181111110111110111111101111111011101111111111111110111111111111011111110111110111111111111111111111
111181111110111110000000000000000111101111111111111101111111111110111111110111110111111111111111111111
111181111110111111111111101111111111101111111111111101111111111101111111111011101111111111111111111111
111118111111011111111111101111111111101111111111111101111111111101111111111101011111111111111111111111
111118111111011111111111101111111111101111111111111101111100011011111111111101011111111111111111111111
111118111111101111111111101111111111101111111111111001111101100111000000000000111111111111111111111111
111111811111101111111111101111111111101111111111110010011011110111011111111111011111111111111111111111
111111811111110111111111101111111111101110000000001011100111101111011111111111101111111111111111111111
111111811111111011111111101111111111101001011111111011110011101110111111111111101111111111111111111111
111111181111111101111111101111110000000111101111111011110100000101111111111111101111111111111111111111
111111181111111101111111100000001111101111101111110111110111111000000000000000001111111111111111111111
111111181111111110111111101111111111101111110000000111110111110111111101111111011111111111111111111111
111111181111111110111111101111111111101111111111110111110111110111111011111110111111111111111111111111
111111181111111110111111101111111111101111111111110111110111101111110111111101111111111111111111111111
111111118111111110111111101111111111101111111111110111110111011111110111111101111111111111111111111111
111111118111111111011111101111111111101111111111110111110111011111110111111101111111111111111111111111
111111118111111111011111101111111111101111111111110000000000000111110111111101111111111111111111111111
111111118111111111011111101110000000001111111111110111111111111000001111111101111111111111111111111111
111111111811111111011111100001111111111111111111110111111111111111111111111011111111111111111111111111
111111111811111111101111101111111111111111111111110111111111111111111111111011111111111111111111111111
111111111181111111101111101111111111111111111111110111111111111111111111111011111111111111111111111111
111111111181111111101111101111111111111100000000000000111111111111111111100011111111111111111111111111
111111111118111111101111110111111111111101101110110111000011111000000000011011111111111111111111111111
111111111111811111101111110111111111111101101110110111111100000111111111111011111111111111111111111111
111111111111181111110111100000000000111101101110110111111111111111111111111011111111111111111111111111
111111111111118111111010011110111110111101101110110111111111111111111111111011111111111111111111111111
111111111111111811111101111110100000000000000000110111111111111111111111111011111111111111111111111111
111111111111111181111110111110011111111111111100000000000001111111111111111011111111111111111111111111
111111111111111118111110111111111100000000000011111111111110000000000000000011111111111111111111111111
111111111111111111811111011111111011111111111111111111111111111111111111111111111111111111111111111111
111111111111111111181111011111000111111111111111111111111111111111111111111111111111111111111111111111
111111111111111111118111100000111111111111111111111111111111111111111111111111111111111111111111111111
111111111111111111111811111111111111111111111111111111111111111111111111111111111111111111111111111111
144444444444444444444444444444444444444444444444444444444444444444444444444444444444444444444444444441
144444444444444444444444444444444444444444444444444444444444444444444444444444444444444444444444444441
144444444444444444444444444444444444444444444444444444444444444444444444444444444444444444444444444441
144444444444444444444444444444444444444444444444444444444444444444444444444444444444444444444444444441
144444444444444444444444444444444444444444444444444444444444444444444444444444444444444444444444444441
144444444444444444444444444444444444444444444444444444444444444444444444444444444444444444444444444441
144444444444444444444444444444444444444444444444444444444444444444444444444444444444444444444444444441
144444444444444444444444444444444444444444444444444444444444444444444444444444444444444444444444444441
144444444444444444444444444444444444444444444444444444444444444444444444444444444444444444444444444441
144444444444444444444444444444444444444444444444444444444444444444444444444444444444444444444444444441
111111111111111111111111111111111111111111111111111111111111111111111111111111111111111111111111111111