111111111111111111111111111111111111111111111111111111111111111111111111111111111111111111111111111111
111111111111111111111111111111111111111111111111111111111111111111111111111181111111111111111111111111
111111111111111111111111111111111111111111111111111111888888888888888888888810011111111111111111111111
111111111111111111111111111111111111111111111888888888111111111111111111111101000000000000000000000011
111111111111111111111111111111111111111111888111111111100011111111111111111011101111111111111111110011
111111111111111111111111111111111111111188111111111111011101111111111111110111110111111111111111101011
111111111111111111111111111111111111888811111111111110111110110000001111101111110111111111111111011011
111111111111111111111111111111118888111111111111111110011111001111110111011111111011111111111110111011
111111111111111111111111111888881111111111111111111101011111011111111010111111111011111111111101111011
111111111111111111111111118111111111111111111111111011101111011111111100001111110001111111100011111011
111111111111111111111111811111111111111111111111000011101111011111111011110001101111111111011111111011
111111111111111111111181111111111111111100000000111011101111011111110111111110000001111000111111111011
111111111111111111118111111111111111111011111110111011101111101110000011111110111110110111111111111011
111111111111111111181111111111111111110111111110111011101111100001111101111101111111001111111111111011
111111111111111111811111111111111111101111111110110111101111101111111110111011111111011111111111111011
111111111111111181111111111111111110011111111110110111101111101111111111000011111110111111111111111011
111111111111111811111111111111000001111111111110000000000000000111111110011100011101111111111111111011
111111111111118111111111111110101011111111111110110111101111101001111001111111100101111111111111111011
111111111111811111111111111001101100001111111110110111101111101110110111111111111011111111111111111011
111111111118111111111111000111101111110000000000000000001111101111001111111111110111111111111111111011
111111111181111111111110100011101111111111111111110111101111101111101111111111101111111111111111111011
111111111811111111111101101101101111111111111111110111101111101111011111111111011111111111111111111011
111111118111111111111011101110000000000000111111110111101111101110111111111110111111111111111111111011
111111118111111111110111101111101111111111000000000000000000000110111111111101111111111111111111111011
111111118111111111101111101111101111111111111111111111111111111000011111111011111111111111111110000111
111111118111111111011111101111101111111111111111111111111111111110100001110111111111111110000001111111
111111181111111100111111101111101111111111111111111111111111111110111110101111111111111101111111111111
111111181110000011111111101111101111111111111111111111111111111110111111001111111001111011111111111111
111111181001111111111111101111101111111111111111111111111111111110111111010111111010000111111111111111
111111811101111111111111101111011111111111111111111111111111111111011110111011111010101111111111111111
111111811101111111111111100000011111111111111111111111111111111111101001111101111010101111111111111111
111111811101111111111111101111011111111111111111111111111111111111110111111110111010101111111111111111
111111811101111111111111101111011111111111111111111111111111111111101111111111001010101111111111111111
111118111101111111111111101111011111111111111111111111111111111111011111111111110010101111111111111111
111118111110111111111111100000011111111111111111111111111111111110111111111111111010101111111111111111
111118111110111111111111101111011111111111111111111111111111111101011111111111111100000001111111111111
111181111110111111111111101111011111111111111111111111111111111011100111111111110011111010111111111111
111181111110111111111111101111011111111111111111111111111111111011111011111111101111111011011111111111
111181111111011111111000001111011111111111111111111111111111110111111101111111011111111011101111111111
111181111111000000000111101111011111111111111111111111111111110111111000000000111111110111110111111111
111181111111101111111111101111011011111111111111111111111111101011110101111111111111101111111011111111
111181111111110111111111101111011000000000000000000011111111011100101011111111111111101111111101111111
111181111111110111111111011111011011111111111111011100000000111111011011111111111111101111111110111111
111181111111110111111111011111011011111111111111011111011110011110111011111111111111101111111111011111
111181111111110111111111011111011011111111111111011110111110100101110111111111111111011111111111100111
111181111111111011111111011111000000000000000000001110111101111011110111111111111111011111111111111011
111181111111111011111111011111111111111111111111010000111011111011110111111111111110111111111111111011
111181111111111101111111011111111111111111111111011101111000110111110111111111111110111111111111111011
111181111111111101111111011111111111111111111110111101110111001111110000011111111110111111111111110111
111181111111111101111111011111111111111111111110111101101111110111110111100000000101111111111111110111
111181111111100000000000000000000001111111111110011011101111111011101111111101111001111111111111110111
111181100000011101111111011111110110001111111110100011101111111101011111111101111010011111111111110111
111181011111111101111111011111110111110011111110111011101111111101011111111101111011101111111111110111
111181101111111101111111011111110111111011111110110111101111111110111111111011111011110000000001110111
111181110111111110111111011111110111111011111110110111011111111110111111111000000011111111111110001111
111181111011111110111111011111111011111000000000000111011111111111011111111011111011111111111111111111
111181111011111110111111011111111011111111111111110111011111111111100011111011111011111111111111111111
111181111101111110111111101111111011001111111111111000011111111111011100000111110111111111111111111111
111181111101111110111111101111100000101111111111111111011111111111011111110111101111111111111111111111
111181111110111110000000000000011111101111111111111111011111111110111111111011011111111111111111111111
111181111111011111111111101111111111101111111111111110111111111101111111111010111111111111111111111111
111118111111011111111111101111111111101111111111111101111111111011111111111100111111111111111111111111
111118111111011111111111101111111111101111111111111011111100010111111111111100111111111111111111111111
111118111111011111111111101111111111101111111111000011111011100111000000000000111111111111111111111111
111111811111011111111111101111111111101111111000111001111011101111011111111111011111111111111111111111
111111811111011111111111101111111111101100000111111010010111011111011111111111011111111111111111111111
111111811111101111111111101111111111101011011111110111100001011110111111111111011111111111111111111111
111111181111101111111111101110000000000111011111110111110110001101111111111111101111111111111111111111
111111181111110111111111100001111111101111101111110111110111110000000000000000001111111111111111111111
111111181111110111111111101111111111101111110000000111110111111011111011111111101111111111111111111111
111111181111110111111111101111111111101111111111110111110111111011111011111111011111111111111111111111
111111181111110111111111101111111111101111111111110111110111110111111011111111011111111111111111111111
111111118111111011111111101111111111101111111111110111110111101111110111111111011111111111111111111111
111111118111111011111111101111111111101111111111110111110111011111110111111111011111111111111111111111
111111118111111101111111101111111111101111111111110000000000000011110111111110111111111111111111111111
111111118111111110111111101111111110001111111111110111111111111100001111111101111111111111111111111111
111111111811111111011111100000000001111111111111110111111111111111111111111101111111111111111111111111
111111111811111111011111101111111111111111111111110111111111111111111111111011111111111111111111111111
111111111181111111011111101111111111111111111111110111111111111111111111111011111111111111111111111111
111111111181111111011111110111111111111100000000000111111111111111111111000011111111111111111111111111
111111111118111111101111110111111111111101101110110011111111111111110000111011111111111111111111111111
111111111111811111110111110111111111111101101110110100000000000000001111111011111111111111111111111111
111111111111181111111011100000000000111101101110110111111111111111111111111011111111111111111111111111
111111111111118111111101011110111111011101101110110111111111111111111111111011111111111111111111111111
111111111111111811111100111110111000000000000000110111111111111111111111111011111111111111111111111111
111111111111111181111101111110000111111111111111000000000000000011111111111011111111111111111111111111
111111111111111118111101111111111111100000000000111111111111111100000000000011111111111111111111111111
111111111111111111811110111110000000011111111111111111111111111111111111111111111111111111111111111111
111111111111111111181111010001111111111111111111111111111111111111111111111111111111111111111111111111
111111111111111111118111101111111111111111111111111111111111111111111111111111111111111111111111111111
111111111111111111111811111111111111111111111111111111111111111111111111111111111111111111111111111111
144444444444444444444444444444444444444444444444444444444444444444444444444444444444444444444444444441
144444444444444444444444444444444444444444444444444444444444444444444444444444444444444444444444444441
144444444444444444444444444444444444444444444444444444444444444444444444444444444444444444444444444441
144444444444444444444444444444444444444444444444444444444444444444444444444444444444444444444444444441
144444444444444444444444444444444444444444444444444444444444444444444444444444444444444444444444444441
144444444444444444444444444444444444444444444444444444444444444444444444444444444444444444444444444441
144444444444444444444444444444444444444444444444444444444444444444444444444444444444444444444444444441
144444444444444444444444444444444444444444444444444444444444444444444444444444444444444444444444444441
144444444444444444444444444444444444444444444444444444444444444444444444444444444444444444444444444441
144444444444444444444444444444444444444444444444444444444444444444444444444444444444444444444444444441
111111111111111111111111111111111111111111111111111111111111111111111111111111111111111111111111111111