111111111111111111111111111111111111111111111111111111111111111111111111111111111111111111111111111111
111111111111111111111111111111111111111111111111111111111111111111111111111181111111111111111111111111
111111111111111111111111111111111111111111111111111111888888888888888888888811000000000000001111111111
111111111111111111111111111111111111111111111888888888111111111111111111111110011111111111110000000011
111111111111111111111111111111111111111111888111111111110011111111111111111101011111111111111111110011
111111111111111111111111111111111111111188111111111111001101111111111111111011101111111111111111101011
111111111111111111111111111111111111888811111111111110111110111111101111110111110111111111111111011011
111111111111111111111111111111118888111111111111111101011111000000010111001111111011111111111110111011
111111111111111111111111111888881111111111111111111011101111011111111010111111111011111111111101111011
111111111111111111111111118111111111111111111111111011101111011111111100111111111001111111100011111011
111111111111111111111111811111111111111111111110000011101111011111111011000000110111111110011111111011
111111111111111111111181111111111111111111000001111011101111101111110111111110000011111101111111111011
111111111111111111118111111111111111111000111101110111101111101100001111111101111101111011111111111011
111111111111111111181111111111111111000111111101110111101111100011110011111011111110000111111111111011
111111111111111111811111111111111110111111111110110111101111101111111100110111111111011111111111111011
111111111111111181111111111111110001111111111110110111101111101111111111000111111110111111111111111011
111111111111111811111111111111001111111111111110000000000000000011111111011000011110111111111111111011
111111111111118111111111111110100111111111111110110111101111101101111000111111101101111111111111111011
111111111111811111111111111001101000111111111110110111101111101110010111111111110011111111111111111011
111111111118111111111111100111101111000000000000000000001111101111101111111111110111111111111111111011
111111111181111111111111000001101111111111111111110111101111101111011111111111101111111111111111111011
111111111811111111110000101110101111111111111111110111101111101111011111111111011111111111111111111011
111111118111111111101111101111000000000000011111110111101111101110111111111110111111111111111111111011
111111118111111110011111101111011111111111100000000000000000000010111111111101111111111111111111111011
111111118111111101111111101111011111111111111111111111111111111100001111111011111111111111111111110111
111111118111000011111111101111011111111111111111111111111111111110110011110111111111111111111111101111
111111181110111111111111101111011111111111111111111111111111111110111100101111111111111111000000011111
111111181101111111111111101111011111111111111111111111111111111110111111001111111001111100111111111111
111111181011111111111111101111011111111111111111111111111111111110111111010111111010000011111111111111
111111811101111111111111100011011111111111111111111111111111111111011100111011111010101111111111111111
111111811101111111111111101100011111111111111111111111111111111111101011111101111010101111111111111111
111111811101111111111111101111011111111111111111111111111111111111110111111110111010101111111111111111
111111811110111111111111101111011111111111111111111111111111111111101111111111011010101111111111111111
111118111110111111111111101111011111111111111111111111111111111111011111111111101010101111111111111111
111118111110111111111111100111011111111111111111111111111111111110111111111111110010101111111111111111
111118111110111111111111101000011111111111111111111111111111111101001111111111111100000001111111111111
111181111110111111111111101111011111111111111111111111111111111101110111111111111001111010111111111111
111181111111011111111111101111011111111111111111111111111111111011111011111110000111111011011111111111
111181111111011111100000001111011111111111111111111111111111111011111101111101111111111011101111111111
111181111111000000011111101111011111111111111111111111111111110011111110000011111111110111110011111111
111181111111101111111111101111011000000000001111111111111111101101111100111111111111110111111101111111
111181111111110111111111101111011011111111110000000000111111011110111001111111111111101111111110111111
111181111111110111111111101111011011111111111111011111000000111111000011111111111111101111111111011111
111181111111111011111111101111011011111111111111011111011110011110111011111111111111101111111111101111
111181111111111011111111101111011011111111111111011111011110101101110111111111111111011111111111110111
111181111111111011111111101111000000000000000000000000111101110011110111111111111111011111111111111011
111181111111111011111111101111111111111111111111011110111011110111110111111111111111011111111111110111
111181111111111101111111011111111111111111111111011110110100001111110111111111111110111111111111110111
111181111111111101111111011111111111111111111111011110110111101111101011111111111110111111111111110111
111181111111111101111111011111111111111111111111011110101111110111101100000000011110111111111111110111
111181111111100000000000000000000111111111111110111101101111111011101111111101100000011111111111110111
111181111111011101111111011111110000011111111110000011101111111011011111111011111011100000111111110111
111181000000111101111111101111110111100011111110111011011111111101011111111011111011111111000001110111
111181011111111101111111101111110111111011111110111011011111111101011111111011111011111111111110110111
111181011111111101111111101111110111111011111110110111011111111110111111111000000011111111111111001111
111181101111111101111111101111111011111000000000110111011111111111011111111011111011111111111111111111
111181110111111101111111101111111011111111111111000001011111111111101111111011110111111111111111111111
111181111011111110111111101111111010001111111111111110011111111111100000000111110111111111111111111111
111181111101111110111111101111111001101111111111111110111111111111011111111011101111111111111111111111
111181111101111110000000000000000111101111111111111101111111111110111111111101011111111111111111111111
111181111110111111111111101111111111101111111111111101111111111110111111111101011111111111111111111111
111118111110111111111111101111111111101111111111111011111111111101111111111110011111111111111111111111
111118111111011111111111101111111111101111111111111011111101111011111111111110111111111111111111111111
111118111111101111111111101111111111101111111100000001111010000111000000000000111111111111111111111111
111111811111110111111111101111111111101111100011111010111011110110111111111110111111111111111111111111
111111811111110111111111101111111111101111011111111011010111110101111111111111011111111111111111111111
111111811111110111111111101111111111101110011111111011100111101101111111111111011111111111111111111111
111111181111110111111111100000000000000001011111110111110000000011111111111111011111111111111111111111
111111181111111011111111101111111111101111101111110111110111111000000000000000001111111111111111111111
111111181111111011111111101111111111101111110000000111110111111011111011111111011111111111111111111111
111111181111111011111111101111111111101111111111110111110111110111111011111111011111111111111111111111
111111181111111101111111101111111111101111111111110111110111110111111011111110111111111111111111111111
111111118111111101111111101111111111101111111111110111110111110111111011111110111111111111111111111111
111111118111111101111111101111111111101111111111110111110111101111110111111101111111111111111111111111
111111118111111101111111101111111111101111111111110000000000000000110111111101111111111111111111111111
111111118111111101111111101111111111101111111111110111111111111111001111111101111111111111111111111111
111111111811111110111111100000000000011111111111110111111111111111111111111011111111111111111111111111
111111111811111111011111101111111111111111111111110111111111111111111111111011111111111111111111111111
111111111181111111101111101111111111111111111111110111111111111111111111111011111111111111111111111111
111111111181111111110111101111111111111100000000000011111111111111111110000011111111111111111111111111
111111111118111111110111110111111111111101101110110100111111111111111001111011111111111111111111111111
111111111111811111110111110111111111111101101110110111000000000000000111111011111111111111111111111111
111111111111181111111011000000000000111101101110110111111111111111111111111011111111111111111111111111
111111111111118111111100111110111110111101101110110111111111111111111111111011111111111111111111111111
111111111111111811111101111110000000000000000000110111111111111111111111111011111111111111111111111111
111111111111111181111110111110111111111111111110000000000000000000011111111011111111111111111111111111
111111111111111118111111011111111111000000000001111111111111111111100000000011111111111111111111111111
111111111111111111811111011111111000111111111111111111111111111111111111111111111111111111111111111111
111111111111111111181111011111100111111111111111111111111111111111111111111111111111111111111111111111
111111111111111111118111100000011111111111111111111111111111111111111111111111111111111111111111111111
111111111111111111111811111111111111111111111111111111111111111111111111111111111111111111111111111111
144444444444444444444444444444444444444444444444444444444444444444444444444444444444444444444444444441
144444444444444444444444444444444444444444444444444444444444444444444444444444444444444444444444444441
144444444444444444444444444444444444444444444444444444444444444444444444444444444444444444444444444441
144444444444444444444444444444444444444444444444444444444444444444444444444444444444444444444444444441
144444444444444444444444444444444444444444444444444444444444444444444444444444444444444444444444444441
144444444444444444444444444444444444444444444444444444444444444444444444444444444444444444444444444441
144444444444444444444444444444444444444444444444444444444444444444444444444444444444444444444444444441
144444444444444444444444444444444444444444444444444444444444444444444444444444444444444444444444444441
144444444444444444444444444444444444444444444444444444444444444444444444444444444444444444444444444441
144444444444444444444444444444444444444444444444444444444444444444444444444444444444444444444444444441
111111111111111111111111111111111111111111111111111111111111111111111111111111111111111111111111111111