111111111111111111111111111111111111111111111111111111111111111111111111111111111111111111111111111111
111111111111111111111111111111111111111111111111111111111111111111111111111181111111111111111111111111
111111111111111111111111111111111111111111111111111111888888888888888888888811000011111111111111111111
111111111111111111111111111111111111111111111888888888111111111111111111111110101100000000000000000011
111111111111111111111111111111111111111111888111111111100011111111111111111101101111111111111111110011
111111111111111111111111111111111111111188111111111111011101111111111111111011110111111111111111101011
111111111111111111111111111111111111888811111111111110111110111110001111100111110111111111111110011011
111111111111111111111111111111118888111111111111111110011111000001110111011111111011111111111101111011
111111111111111111111111111888881111111111111111111101011111011111111010111111111011111111111011111011
111111111111111111111111118111111111111111111111111011101111011111111101111111111101111111110111111011
111111111111111111111111811111111111111111111111111011101111011111111010111111110011111111101111111011
111111111111111111111181111111111111111111100000000011101111011111110111000000000011111110011111111011
111111111111111111118111111111111111100000011101111011101111011111000111111110111100111001111111111011
111111111111111111181111111111111111011111111101111011101111100000111011111101111111000111111111111011
111111111111111111811111111111111100111111111110111011101111101111111101110011111111011111111111111011
111111111111111181111111111111110011111111111110110111101111101111111110000011111110111111111111111011
111111111111111811111111111111100111111111111110000000000000001111111110111100111101111111111111111011
111111111111118111111111111000001011111111111110110111101111100000111101111111001101111111111111111011
111111111111811111111111110111101101111111111110110111101111101111011011111111110011111111111111111011
111111111118111111111111001111101110000000000000000000001111101111100111111111110111111111111111111011
111111111181111111111100100111101111111111111111110111101111101111101111111111101111111111111111111011
111111111811111111111011101011101111111111111111110111101111101111101111111111011111111111111111111011
111111118111111111110111101100000111111111111111110111101111101111011111111110111111111111111111111011
111111118111111111101111101111101000000000000000000000000000000010111111111101111111111111111111110011
111111118111111110011111101111101111111111111111111111111111111100011111111011111111111111111111001111
111111118111111001111111101111101111111111111111111111111111111110100111110111111111111111111000111111
111111181111000111111111101111101111111111111111111111111111111110111011101111111111111111000111111111
111111181110111111111111101111011111111111111111111111111111111110111100001111111001111100111111111111
111111181001111111111111101111011111111111111111111111111111111110111111010111111010000011111111111111
111111811011111111111111101111011111111111111111111111111111111111011110111001111010101111111111111111
111111811011111111111111100000011111111111111111111111111111111111101101111110111010101111111111111111
111111811101111111111111101111011111111111111111111111111111111111110011111111011010101111111111111111
111111811101111111111111101111011111111111111111111111111111111111101111111111101010101111111111111111
111118111101111111111111101111011111111111111111111111111111111111011111111111110010101111111111111111
111118111101111111111111100111011111111111111111111111111111111110111111111111111010101111111111111111
111118111101111111111111101000011111111111111111111111111111111101011111111111111000000001111111111111
111181111110111111111111101111011111111111111111111111111111111101101111111100000111111010111111111111
111181111110111111111111101111011111111111111111111111111111111101110011111011111111111011011111111111
111181111111011111100000001111011111111111111111111111111111111011111101110111111111110111100111111111
111181111111000000011111101111011111111111111111111111111111110111111110001111111111110111111011111111
111181111111011111111111011111011000001111111111111111111111101011111101111111111111110111111101111111
111181111111011111111111011111011011110000000000000011111111011100100001111111111111110111111110111111
111181111111101111111111011111011011111111111111011100000000111111011101111111111111110111111111011111
111181111111101111111111011111011011111111111111011111011101011110111011111111111111110111111111101111
111181111111110111111111011111011011111111111111011111011101101101111011111111111111110111111111110111
111181111111110111111111011111000000000000000000000011011101110011111011111111111111101111111111111011
111181111111110111111111011111111111111111111110111100111011110111111011111111111111011111111111111011
111181111111110111111111011111111111111111111110111110110100010111110000001111111111011111111111111011
111181111111111011111111011111111111111111111110111110110111101111101111110011111110111111111111110111
111181111111111011111111011111111111111111111110111101101111110111011111111100111101111111111111110111
111181111000000000000000000000000000111111111110011101101111111010111111111101000000011111111111110111
111181100111111101111111011111110111001111111110100011101111111010111111111101111011100001111111110111
111181011111111101111111011111110111110011111110111011101111111100111111111101111011111110000000110111
111181101111111110111111101111110111111011111110111011101111111100111111111101111011111111111111010111
111181110111111110111111101111110111111011111110110111101111111110111111111000000011111111111111101111
111181111011111110111111101111110111111000000000010111011111111111011111111011110111111111111111111111
111181111011111110111111101111110111111111111111100000011111111111101111111011110111111111111111111111
111181111011111110111111101111110111101111111111111111011111111111100000000111110111111111111111111111
111181111101111110111111101111111000001111111111111111011111111111011111111011110111111111111111111111
111181111101111110000000000000000111101111111111111111011111111110111111111101101111111111111111111111
111181111101111111111111101111111111101111111111111110111111111101111111111101011111111111111111111111
111118111101111111111111101111111111101111111111111101111111111101111111111110111111111111111111111111
111118111101111111111111101111111111101111111111111101111100001011111111111110111111111111111111111111
111118111110111111111111101111111111101111111111100011111011110111000000000000111111111111111111111111
111111811111011111111111101111111111101111111111011000111011101111011111111110111111111111111111111111
111111811111101111111111101111111111101110000000110111000111011110111111111110111111111111111111111111
111111811111110111111111101111111111101101011111110111110000011101111111111111011111111111111111111111
111111181111111011111111100000000000000011101111110111110111000101111111111111011111111111111111111111
111111181111111011111111101111111111101111110111110111110111111000000000000000001111111111111111111111
111111181111111011111111101111111111101111110000000111110111111011111101111111101111111111111111111111
111111181111111011111111101111111111101111111111110111110111110111111011111111011111111111111111111111
111111181111111101111111101111111111101111111111110111110111101111111011111110111111111111111111111111
111111118111111110111111101111111111101111111111110111110111011111111011111101111111111111111111111111
111111118111111111011111101111111111101111111111110111110111011111111011111101111111111111111111111111
111111118111111111011111101111111111101111111111110000000000000111110111111101111111111111111111111111
111111118111111111101111101111111111001111111111110111111111111000001111111101111111111111111111111111
111111111811111111101111100000000000111111111111110111111111111111111111111101111111111111111111111111
111111111811111111101111101111111111111111111111110111111111111111111111111101111111111111111111111111
111111111181111111110111110111111111111111111111110111111111111111111111111011111111111111111111111111
111111111181111111111011110111111111111100000000000000011111110000000000000011111111111111111111111111
111111111118111111111011110111111111111101101110110111100111101111111111111011111111111111111111111111
111111111111811111111011110111111111111101101110110111111000011111111111111011111111111111111111111111
111111111111181111111011110000000000111101101110110111111111111111111111111011111111111111111111111111
111111111111118111111101001110111110111101101110110111111111111111111111111011111111111111111111111111
111111111111111811111100111110111000000000000000110111111111111111111111111011111111111111111111111111
111111111111111181111110111110000111111111111100000000000000000001111111111011111111111111111111111111
111111111111111118111111011111111111000000000011111111111111111110000000000011111111111111111111111111
111111111111111111811111011111111100111111111111111111111111111111111111111111111111111111111111111111
111111111111111111181111011111110011111111111111111111111111111111111111111111111111111111111111111111
111111111111111111118111100000001111111111111111111111111111111111111111111111111111111111111111111111
111111111111111111111811111111111111111111111111111111111111111111111111111111111111111111111111111111
144444444444444444444444444444444444444444444444444444444444444444444444444444444444444444444444444441
144444444444444444444444444444444444444444444444444444444444444444444444444444444444444444444444444441
144444444444444444444444444444444444444444444444444444444444444444444444444444444444444444444444444441
144444444444444444444444444444444444444444444444444444444444444444444444444444444444444444444444444441
144444444444444444444444444444444444444444444444444444444444444444444444444444444444444444444444444441
144444444444444444444444444444444444444444444444444444444444444444444444444444444444444444444444444441
144444444444444444444444444444444444444444444444444444444444444444444444444444444444444444444444444441
144444444444444444444444444444444444444444444444444444444444444444444444444444444444444444444444444441
144444444444444444444444444444444444444444444444444444444444444444444444444444444444444444444444444441
144444444444444444444444444444444444444444444444444444444444444444444444444444444444444444444444444441
111111111111111111111111111111111111111111111111111111111111111111111111111111111111111111111111111111