111111111111111111111111111111111111111111111111111111111111111111111111111111111111111111111111111111
111111111111111111111111111111111111111111111111111111111111111111111111111181111111111111111111111111
111111111111111111111111111111111111111111111111111111888888888888888888888811000000000000000000000111
111111111111111111111111111111111111111111111888888888111111111111111111111110101111111111111111111011
111111111111111111111111111111111111111111888111111111100011111111111111111001101111111111111111100011
111111111111111111111111111111111111111188111111111111011101111111111111110111110111111111111111011011
111111111111111111111111111111111111888811111111111110111110111111101111101111111011111111111110111011
111111111111111111111111111111118888111111111111111110111111000000010111011111111011111111111101111011
111111111111111111111111111888881111111111111111111110011111011111111010111111111011111111111011111011
111111111111111111111111118111111111111111111111111101101111011111111101111111111001111111110111111011
111111111111111111111111811111111111111111111111110011101111011111111010000011100111111110001111111011
111111111111111111111181111111111111111110000000001011101111101111110111111100011111111101111111111011
111111111111111111118111111111111111100001111101111011101111101111101111111110100001110011111111111011
111111111111111111181111111111111111011111111101111011101111100000010011111001111110001111111111111011
111111111111111111811111111111111100111111111101111011101111101111111100010111111111011111111111111011
111111111111111181111111111111110011111111111110110111101111101111111111100111111110111111111111111011
111111111111111811111111111111101111111111111110000000000000000111111111011000011101111111111111111011
111111111111118111111111111111000111111111111110110111101111101000111000111111101101111111111111111011
111111111111811111111111111000101011111111111110110111101111101111010111111111110011111111111111111011
111111111118111111111111100111101100000000000000000000001111101111101111111111110111111111111111111011
111111111181111111111111000000101111111111111111110111101111101111101111111111101111111111111111111011
111111111811111111111110101111001111111111111111110111101111101111101111111111011111111111111111111011
111111118111111111111001101111101111111111111111110111101111101111011111111110111111111111111111111011
111111118111111100000111101111010000000000000000000000000000000111011111111101111111111111111111100011
111111118111100011111111101111011111111111111111111111111111111000001111111011111111111111111111011111
111111118111011111111111101111011111111111111111111111111111111110110001110111111111111111111110111111
111111181110111111111111101111011111111111111111111111111111111110111110110111111111111100000001111111
111111181101111111111111101111011111111111111111111111111111111110111111000111111011111011111111111111
111111181011111111111111101111011111111111111111111111111111111110111111011011111000000111111111111111
111111811011111111111111100000011111111111111111111111111111111111011110111101111010101111111111111111
111111811011111111111111101111011111111111111111111111111111111111101001111110111010101111111111111111
111111811011111111111111101111011111111111111111111111111111111111110111111111011010101111111111111111
111111811011111111111111101111011111111111111111111111111111111111101111111111101010101111111111111111
111118111101111111111111101111011111111111111111111111111111111111011111111111110010101111111111111111
111118111110111111111111100111011111111111111111111111111111111110011111111111111000101111111111111111
111118111110111111111111101000011111111111111111111111111111111110101111111111100000000001111111111111
111181111110111111111111101111011111111111111111111111111111111101110111111100011111111100111111111111
111181111110111111111111101111011111111111111111111111111111111011111011111011111111111011011111111111
111181111110111110000000001111011111111111111111111111111111110111111101000111111111111011101111111111
111181111111000001111111101111011111111111111111111111111111110111111110111111111111111011110111111111
111181111111011111111111101111011000000001111111111111111111101001111000111111111111111011111011111111
111181111111101111111111101111011011111110000000011111111111011110100110111111111111111011111101111111
111181111111101111111111101111011011111111111111000000000000011111011101111111111111111011111110011111
111181111111110111111111101111011011111111111111011111011101101110111101111111111111111011111111101111
111181111111110111111111101111011011111111111111011111011011110101111011111111111111110111111111110111
111181111111110111111111101111000000000000000000011111011011111011111011111111111111110111111111111011
111181111111111011111111101111111111111111111110100000111011110111111011111111111111101111111111111011
111181111111111011111111101111111111111111111110111110111000001111110011111111111111011111111111110111
111181111111111101111111011111111111111111111110111101111011101111101100000011111110111111111111101111
111181111111111101111111011111111111111111111110111011110111110111011111111100000110111111111111101111
111181111100000000000000000000000000111111111110001011110111111011011111111101111000111111111111101111
111181110011111101111111011111110111011111111110110011110111111010111111111101111101001111111111101111
111181001111111101111111011111110111100011111110111011110111111100111111111101111101110000111111101111
111181011111111101111111011111110111111011111110110111110111111100111111111101111011111111011111101111
111181011111111101111111011111110111111011111110110111101111111110111111111000000011111111100000001111
111181101111111101111111011111110111111000000000110111011111111111011111110111110111111111111111111111
111181101111111101111111011111110111111111111111000001011111111111100001110111110111111111111111111111
111181101111111110111111101111111011001111111111111110011111111111011110000111110111111111111111111111
111181110111111110111111101000000000101111111111111110111111111110111111111011110111111111111111111111
111181110111111110000000000111111111101111111111111110111111111110111111111101101111111111111111111111
111181110111111111111111101111111111101111111111111110111111111110111111111101011111111111111111111111
111118110111111111111111101111111111101111111111111101111111111101111111111101011111111111111111111111
111118111011111111111111101111111111101111111111111011111100001011111111111110011111111111111111111111
111118111101111111111111101111111111101111111111110001111011110111000000000000111111111111111111111111
111111811101111111111111101111111111101111111111001010111011101111011111111110111111111111111111111111
111111811101111111111111101111111111101111000000111011000111101111011111111111011111111111111111111111
111111811110111111111111101111111111101000101111111011110000011110111111111111011111111111111111111111
111111181111011111111111100000000000000111110111111011110111001101111111111111011111111111111111111111
111111181111101111111111101111111111101111110111110111110111110000000000000000001111111111111111111111
111111181111101111111111101111111111101111110000000111110111111011111101111111101111111111111111111111
111111181111101111111111101111111111101111111111110111110111110111111101111111101111111111111111111111
111111181111101111111111101111111111101111111111110111110111110111111011111111011111111111111111111111
111111118111101111111111101111111111101111111111110111110111101111111011111111011111111111111111111111
111111118111110111111111101111111111101111111111110111110111101111110111111111011111111111111111111111
111111118111111011111111101111111111101111111111110000000000011111101111111111011111111111111111111111
111111118111111101111111101100000000001111111111110111111111100000001111111111011111111111111111111111
111111111811111110111111100011111111111111111111110111111111111111111111111110111111111111111111111111
111111111811111110111111101111111111111111111111110111111111111111111111111110111111111111111111111111
111111111181111111011111101111111111111111111111110111111111111111111111111101111111111111111111111111
111111111181111111011111110111111111111100000000000000011111111111110000000011111111111111111111111111
111111111118111111011111110111111111111101101110110111100001100000001111111011111111111111111111111111
111111111111811111101111110111111111111101101110110111111110011111111111111011111111111111111111111111
111111111111181111110111100000000000111101101110110111111111111111111111111011111111111111111111111111
111111111111118111111011011110111111011101101110110111111111111111111111111011111111111111111111111111
111111111111111811111100111110000000000000000000110111111111111111111111111011111111111111111111111111
111111111111111181111110111110111111111100000000000111111111111111111111111011111111111111111111111111
111111111111111118111111011111111111100011111111111000000000000000000000000011111111111111111111111111
111111111111111111811111011111111100011111111111111111111111111111111111111111111111111111111111111111
111111111111111111181111101000000011111111111111111111111111111111111111111111111111111111111111111111
111111111111111111118111100111111111111111111111111111111111111111111111111111111111111111111111111111
111111111111111111111811111111111111111111111111111111111111111111111111111111111111111111111111111111
144444444444444444444444444444444444444444444444444444444444444444444444444444444444444444444444444441
144444444444444444444444444444444444444444444444444444444444444444444444444444444444444444444444444441
144444444444444444444444444444444444444444444444444444444444444444444444444444444444444444444444444441
144444444444444444444444444444444444444444444444444444444444444444444444444444444444444444444444444441
144444444444444444444444444444444444444444444444444444444444444444444444444444444444444444444444444441
144444444444444444444444444444444444444444444444444444444444444444444444444444444444444444444444444441
144444444444444444444444444444444444444444444444444444444444444444444444444444444444444444444444444441
144444444444444444444444444444444444444444444444444444444444444444444444444444444444444444444444444441
144444444444444444444444444444444444444444444444444444444444444444444444444444444444444444444444444441
144444444444444444444444444444444444444444444444444444444444444444444444444444444444444444444444444441
111111111111111111111111111111111111111111111111111111111111111111111111111111111111111111111111111111