1111111111111111111111111111111111111111111111111111111111111111111111111111111111111111111111111111111111111111111111111111111111111111111111111111111111111111111111111111111111111111111111111111111111
1111111111111111111111111111111111111111111111111111111111111111111111111111111111111111111188888888888888888888811111111111111111111111111111111111111111111111111111111111111111111111111111111111111111
1111111111111111111111111111111111111111111111111111111111111111111111111111111111111888888888888888888888888888888111111111111111111111111111111111111111111111111111111111111111111111111111111111111111
1111111111111111111111111111111111111111111111111111111111111111111111111111118888888888888888888888888888888888888881111111111111111111111111111111111111111111111111111111111111111111111111111111111111
1111111111111111111111111111111111111111111111111111111111111111111111888888888888888888888811111111111111111111118888881111111111111111111111111111111111111111111111111111111111111111111111111111111111
1111111111111111111111111111111111111111111111111111111111111118888888888888888888888111111111111111000000000011111888888811111111111111111111111111111111111111111111111111111111111111111111111111111111
1111111111111111111111111111111111111111111111111111111888888888888888888888881111111111110000000000111111101100001111888888111111111111111111111111111111111111111111111111111111111111111111111111111111
1111111111111111111111111111111111111111111111118888888888888888888888110000000000000000001111111111111111011111110001188888881111111111111111111111111111111111111111111111111111111111111111111111111111
1111111111111111111111111111111111111111188888888888888888888810000000001011111011111111111111111111111111011111111010001188888881111111111111111111111111111111111111111111111111111111111111111111111111
1111111111111111111111111111111111188888888888888888888111111101111111110111111101111111111111111111111111011111110111110111888888811111111111111111111111111111111111111111111111111111111111111111111111
1111111111111111111111111111188888888888888888881111111111100011111111110111111110111111111111111111111110111111110111101011118888888811111111111111111111111111111111111111111111111111111111111111111111
1111111111111111111111118888888888811111111111111111111111010111111111101111111110111111111111111111111110111111110111101101111188888888111111111111111111111111111111111111111111111111111111111111111111
1111111111111111111111888888811111111111111111111111100000101111111111011111111111011111111111111111111110111111110111101110111111888888881111111111111111111111111111111111111111111111111111111111111111
1111111111111111111188881111111111111111111111111110011111011111111110111111111111101111111111111111111110111111110111011111011111118888888811111111111111111111111111111111111111111111111111111111111111
1111111111111111118888111111111111111111110000000001111110111111111101111111111111010111111111111111110000111111110111011111101111111118888888811111111111111111111111111111111111111111111111111111111111
1111111111111111888811111111111111111111101111111111110001111111111011111111111110111011111111111111101110111111101111011111110000000111188888888111111111111111111111111111111111111111111111111111111111
1111111111111188881111111111111111111110011111111110001110111111110111111111111001111101111111111111011110111111101111011111111101111011111888888881111111111111111111111111111111111111111111111111111111
1111111111118888111111111111111111000001111111111001111111011111101111111111110111111110111111111110111110111111101111011111111101111101111118888888811111111111111111111111111111111111111111111111111111
1111111111888811111111111111111110111111111111110111111111101110011111111111101111111111011111111001111110111111101111011111111011111110111111118888888811111111111111111111111111111111111111111111111111
1111111188881111111111111111111000111111111111101111111111110101101111111110011111111111101111110111111101111111011110111111111011111111011111111188888888111111111111111111111111111111111111111111111111
1111118888111111111111111111100110111111111111011111111111110011110111111001111111111111110110001111111101111111011110111111111011111111101111111111188888888111111111111111111111111111111111111111111111
1111888811111111111111111110011111011111111110111111111111101101111011110111111111111111111001111111111101111110111101111111111011111111110111111111111888888881111111111111111111111111111111111111111111
1188881111111111111111111101111111011111111101111111111110011110111101001111111111111111111011111111111101111110111011111111111011111111111011111111111188888888111111111111111111111111111111111111111111
1888111111111111111111100011111111101111111011111111111101111111011000111111111111111111000101111111111000000110111011111111111011111111111101111111111111888888881111111111111111111111111111111111111111
1881111111111111111111010111111111110111110111111111111011111111010111011111111111111110111101111111110111111000111011111111111011111111111110111111111111188888888111111111111111111111111111111111111111
1111111111111111111110111011111111111010001111111111110111111111101111101111111111111101111110111111000111111110000011111111111011111111111111001111111111118888888811111111111111111111111111111111111111
1111111111111111110001111011111111111101111111111111101111111111011111110111111111111011111110111100101111111110110100111111111011111111111111110111111111111888888881111111111111111111111111111111111111
1111111111111111001111111101111111111010111111111110011111111110111111110111111111110111111111000011101111111110110111000000000011111111111111111000111111111188888888111111111111111111111111111111111111
1111111111111110011111111101111111000110111111111101111111111101111111111011111111101111111111011111101111111110101111101111111011111111111111111111000011111111888888881111111111111111111111111111111111
1111111111111101011111111101111110110110111111111011111111111011111111111101111111101111111110011111011111111101101111011111111011111111111111111111101101111111188888888111111111111111111111111111111111
1111111111111011011111111110111101111011011111100101111111110111111111111110111111110111111101101110111111111011101111011111111011111111111111111110001110111111118888888811111111111111111111111111111111
1111111111110111011111111111011011111101011100011110111111101111111111111110111111111011111011110110111111111011011111011111111011111111111111111101101111011111111888888881111111111111111111111111111111
1111111111101111011111111111100111111101101011111111011111011111111111111111011111111101110111111010111111111010111111011111111011111111111111111011011111101111111188888888111111111111111111111111111111
1111111111101111011111111111101111111110110111111111010000111111111111111111011111111100000000111001111111110110111111011111111011111111111111110111011111110111111111888888881111111111111111111111111111
1111111111011111011111111111101111111110101111111111101111111111111111111111101111110011111111000000000000000000000000000000001011111111111100001110111111111011111111188888888111111111111111111111111111
1111111110111111001111111111101111111111011111111111011111111111111111111111110111101111111111111111111111101111111111011111110011111111111011111101111111111101111111118888888811111111111111111111111111
1111111111011000110001111111101111111100111111111110111111111111111111111111110111011111111111111111111111011111111111011111110111111111000111111011111111111110111111111888888881111111111111111111111111
1111111111010111111110011111101111110011111111111101111111111111111111111111111000111111111111111111111111011111111111011111110111111110111111110111111111111111001111111188888888111111111111111111111111
1111111111001111111110101111110111101111111111100011111111111111111111111111111011111111111111111111111111011111111111011111110111111001111111110111111111111111110011111111888888881111111111111111111111
1111111110011111111101110111111010011111111111011111111111111111111111111111111011111111111111111111111111011111111111011111110111110111111111110111111111111111111101111111188888888111111111111111111111
1111111101011111111011111000111101111111111110111111111111111111111111111111111011111111111111111111111111011111111111011111110111101111111111110111111111111111111110111111118888888811111111111111111111
1111110011101111110111111111011001111111111101111111111111111111111111111111111101111111111111111111111111011111111111011111110111011111111111101111111111111111111111011111118888888881111111111111111111
1111101111110100001111111111100101111111110011111111111111111111111111111111111101111111111111111111111111011111111111011111110110111111111111011111111111111111111111101111111888888888111111111111111111
1111011111111011111111111110011110111111101111111111111111111111111111111111111101111111111111111111111111000011111111011111110101111111111110111111111111111111111111110011111188888888881111111111111111
1110111110000101111111111001111111011111011111111111111111111111111111111111111101111111111111111111111110011100011111011111110011111111111101111111111111111111111111111101111118888888888111111111111111
1101111101111110111111100111111111101110111111111111111111111111111111111111111101111111111111111111111101101111100000011111110111111111111101111111111111111111111111111110011111888888888811111111111111
1101111011111110011111011111111111101001111111111111111111111111111111111111111110111111111111111111111011101111111111011111100111111111111011111111111111111111111100000001111111888888888881111111111111
1101000111111101101110111111111111100111111111111111111111111111111111111111111111011111111111111111110111101111111111011111010111111111111011111111111111111111111011111111111111188888888888811111111111
1110111111110011110101111111111111011011111111111111111111111111111111111111111111011111111111111111101111101111111111011100110111111111110111111111111111111110000111111111111111118888888888888111111111
1110111111101111100011111111111110111011111111111111111111111111111111111111111111011111111111111111011111101111111111010011111011111111110111111111111111111101111111111111111111111888888888888811111111
1111011110011110011101111111111101111101111111111111111111111111111111111111111111011111111111111110111111101111111111001111111011111111110111111111111111111011111111111111111111111888888881118888111111
1111011101111101111101111111110011111110111111111111111111111111111111111111111111011111111111111101111111101111111111011111111011111111110111111111111110000111111111111111111111111118888888111888881111
1111011011111011111101111111101111111110111111111111111111111111111111111111111111011111111111111011111111101111111110111111111011111111110111111110000001111111111111111111111111111118888888111118888811
1111000111110111111101111111011111111110111111111111111111111111111111111111111111011111111111110111111111101111111101111111111011111111110111111101111111111111111111111111111111111111188888811111188881
1111110111101111111110111100111111111111011111111111111111111111111111111111111111101111111111101111111111101111000011111111111011111111110111111011111111111111111111111111111111111111188888811111111881
1111111010011111111111011011111111111111011111111111111111111111111111111111111111110111111111011111111111110110111111111111111011110000000000000111111111111111111111111111111111111111118888881111111111
1111111101111111111111100111111111111111101111111111111111111111111111111111111111110111111100111111111111110101111111111111111010001111110111111111111111111111111111111111111111111111111888881111111111
1111111110111111111110001111111111111111101111111111111111111111111111111111111111110111111011111111111111110011111111111111111001111111110111111111111111111111111111111111111111111111111888888111111111
1111111110111111111101110111111111111111101111111111111111111111111111111111111111111011100000000000000000000000000000000000000011111111110111111111111111111111111111111111111111111111111888888111111111
1111111110111111111011111011111111111111101111111111111111111111111111111111111111111011010111111111111111111111111111011111111101111111110111111111111111111111111111111111111111111111111188888811111111
1111111110111111100111111101111111111111110111111111111111111111111111111111111111111100001111111111111111111111111111011111111101111111110111111111111111111111111111111111111111111111111188888811111111
1111111111011100011111111110111111111111110111111111111111111111111111111111111111000001111111111111111111111111111111011111111101111111110111111111111111111111111111111111111111111111111118888881111111
1111111111010011111111111110111111111111110111111111111111111111111111100000000000111101111111111111111111111111111111011111111101111111110111111111111111111111111111111111111111111111111111888881111111
1111111111001111111111111111011111111111111011111111111111111111111110011111111111111101111111111111111111111111111111011111111101111111110111111111111111111111111111111111111111111111111111188888111111
1111111111011111111111111111011111111111111011111111000000000000000001111111111111111101111111111111111111111111111111011111111101111111110111111111111111111111111111111111111111111111111111188888111111
1111111111011111111111111111011111111111111101111000110111111111101111111111111111111110111111111111111111111111111111011111111101111111110111111111111111111111111111111111111111111111111111118888811111
1111111111011111111111111111101111111100000000000011110111111111101111111111111111111110111111111111111111111111111111101111111101111111110111111111111111111111111111111111111111111111111111118888811111
1111111111011111111111111111110111100010111110111011111011111111101111111111111111111111011111111111111111111111111111110111111101111111110111111111111111111111111111111111111111111111111111111888881111
1111111111011111111111111111110111011101111101111011111101111111101111111111111111111111011111111111111111111111111111110111111101111111110111111111111111111111111111111111111111111111111111111888881111
1111111111011111111111111111100000110011111101111011111101111111101111111111111111111111011111111111111111111111111111110111111101111111111011111111111111111111111111111111111111111111111111111188888111
1111111111011111111110000000011111101111111101111011111101111111101111111111111111111111011111111111111111111111111111111011111101111111111011111111111111111111111111111111111111111111111111111188888111
1111111111101111111101111111111111011111111101111011111101111111101111111111111111111111101111111111111111111111111111111011111101111111111011111111111111111111111111111111111111111111111111111118888811
1111111111101110000011111111111110111111111100111011111101111111101111111111111111111111101111111111111111111111111111111011111101111111111011111111111111111111111111111111111111111111111111111118888811
1111111111101101111111111111111101111111111011001011111101111111110111111111111111111111101111111111111111111111111111111011111101111111111011111111111111111111111111111111111111111111111111111111888881
1111111111100011111111111111110011111111111011110000000001111111110111111111111111111111101111111111111111111111111111111011111101111111111011111111111111111111111111111111111111111111111111111111888881
1111111111101111111111111111101111111111111011110111111101111111111011111111111111111111101111111111111111111111111111111011111101111111111011111111111111111111111111111111111111111111111111111111888881
1111111111101111111111111111011111111111110111110111111101111111111011111111111111111111101111111111111111111111111111111011111101111111111011111111111111111111111111111111111111111111111111111111888881
1111111111101111111111111110111111111111110111110111111101111111111011111111111111111111101111111111111111111111111111111011111101111111111101111111111111111111111111111111111111111111111111111111888881
1111111111101111111111111101111111111111110111101111111101111111111011111111111111111111101111111111111111111111111111111011111101111111111101111111111111111111111111111111111111111111111111111111888881
1111111111101111111111111011111111111111110111101111111101111111111011111111111111111111101111111111111111111111111111111011111101111111111101111111111111111111111111111111111111111111111111111111888881
1111111111101111111111110111111111111111110111101111111101111111111011111111111111111111101111111111111111111111111111110111111110111111111101111111111111111111111111111111111111111111111111111111888881
1111111111101111111111101111111111111111110111101111111101111111111011111111111111111111101111111111111111111111111111001111111110111111111101111111111111111111111111111111111111111111111111111111888881
1111111111101111111111011111111111111111110111101111111101111111111011111111111111111111101111111111111111111111100000111111111111011111111101111111111111111111111111111111111111111111111111111111888881
1111111111101111111110111111111111111111101111011111111101111111111011111111111111111111101111111111111111111111101111111111111111011111111101111111111111111111111111111111111111111111111111111111888881
1111111111101111111101111111111111111111101111011111100001111111111011111111111111111111101111111111111111111111011111111111111110000000000001111111111111111111111111111111111111111111111111111111888881
1111111111101111111011111111111111111111000000000000011101111111111011111111111111111111101111111111111111111110111111111111111101111111111101111111111111111111111111111111111111111111111111111111888881
1111111111101111110111111111111111111111111111011111111101111111111011111111111111111111101111111111111111111101111100000000000011111111111101111111111111111111111111111111111111111111111111111111888881
1111111111101111101111111111111111111111111111011111111101111111111011111111111111111111101111111111111111111101110011111111111111111111111101111111111111111111111111111111111111111111111111111111888881
1111111111101111011111111111111111111111111111011111111101111111111011111111111111111111101111111111111111111000001111111111111111111111111101111111111111111111111111111111111111111111111111111118888881
1111111111101110111111111111111111111111111111101111111101111111111011111111111111111111101111111111111111111011111111111111111111111111111101111111111111111111111111111111111111111111111111111118888881
1111111111101101111111111111111111111111111111101111111101111111111011111111111111111111101111111000000000000111111111111111111111111111111101111111111111111111111111111111111111111111111111111118888881
1111111111101011111111111111111111111111111111101111111110111111111011111111111000000000000000000111111111111011111111111111111111111111111101111111111111111111111111111111111111111111111111111188888881
1111111111100111111111111111111111111111111111101111111110111111111000000000000111111111101111111111111111111011111111111111111111111111111101111111111111111111111111111111111111111111111111111188888881
1111111111100000000000000000000000000000000011101111111110111111111101111111111111111111101111111111111111111011111111111111111111111111111011111111111111111111111111111111111111111111111111111888888881
1111111111110111111111111111111111111111111100001111111110111111111101111111111111111111101111111111111111111011111111111111111111111111111011111111111111111111111111111111111111111111111111111888888881
1111111111110111111111111111111111111111111111101111111110111111111101111111111111111111101111111111111111111011111111111111111111111111111011111111111111111111111111111411111111111111111111118888888811
1111111111110111111111111111111111111111111111101111111110111111111101111111111111111111101111111111111111111101111111111111111111111111111011111111111111111111111111114444411111111111111111188888888811
1111111111110111111111111111111111111111111111101111111110111111111101111111111111111111110111111111111111111101111111111111111111111111111011111111111111111111111111144444444441111111111111188888888811
1111111111111011111111111111111111111111111111110111111110111111111101111111111111111111110111111111111111111101111111111111111111111111111011111111111111111111111111144444444444444111111111888888888111
1111111111111011111111111111111111111111111111110111111110111111111101111111111111111111110111111111111111111101111111111111111111111111111011111111111111111111111111144444444444444444411118888888888111
1111111111111011111111111111111111111111111111110111111110111111111101111111111111111111110111111111111111111101111111111111111111111111111011111111111111111111111111144444444444444444411118888888888111
1111111111111101111111111111111111111111111111111011111111011111111101111111111111111111110111111111111111111110111111111110000000000000000011111111111111111111111111444444444444444444111188888888881111
1111111111111110111111111111111111111111111111111011111111011111111101111111111111111111111011111111111111111110111111110001111111111111110111111111111111111111111111444444444444444444111188888888881111
1111111111111111011111111111111111111111111111111011111110011111111101111111111111111111111011111111111111111110111000001111111111111111101111111111111111111111111111444444444444444444111888888888811111
1111111111111111101111111111111111111111111111111010000001011111111101111111111111111111111011111111111100000000000111111111111111111111011111111111111111111111111114444444444444444441111888888888811111
1111111111111111110111111111111111111111111111111001111111011111111101111111111111111111111011111111111011111111111111111111111111111111011111111111111111111111111114444444444444444441118888888888811111
1111111111111111110111111111111111111111111111111111111111011111111101111111111111111111111000000000000111111111111111111111111111111111011111111111111111111111111114444444444444444441188888888888111111
1111111111111111110111111111111111111111111111111111111111011111111101111111111111111111111011111111111111111111111111111111111111111110111111111111111111111111111144444444444444444411188888888888111111
1111111111111111111011111111111111111111111111111111111111011111111101111111111111111111111101111111111111111111111111111111111111111101111111111111111111111111111144444444444444444411888888888881111111
1111111111111111111011111111111111111111111111111111111111011111111101111111111111111111111101111111111111111111111111111111111111111011111111111111111111111111111144444444444444444411888888888881111111
1111111111111111111101111111111111111111111111111111111111011111111101111111111111111111111101111111111111111111111111111111111111110111111111111111111111111111111444444444444444444118888888888811111111
1111111111111111111101111111111111111111111111111111111111011111111101111111111111111111111101111111111111111111111111111111111111101111111111111111111111111111111444444444444444444118888888888811111111
1111111111111111111101111111111111111111111111111111111111011111111101111111111111111111111101111111111111111111111111111111111111011111111111111111111111111111111444444444444444444444444444444411111111
1111111111111111111110111111111111111111111111111111111111011111111101111111111111111111111101111111111111111111111111111111111110111111111111111111111111111111114444444444444444444444444444444111111111
1111111111111111111110111111111111111111111111111111111111101111111101111111111111111111111101111111111111111111111111111111111101111111111111111111111111111111114444444444444444444444444444444111111111
1111111111111111111110111111111111111111111111111111111111101111111110111111111111111111111101111111111111111111111111111111111011111111111111111111111111111111114444444444444444444444444444441111111111
1111111111111111111110111111111111111111111111111111111111101111111110111111111111111111111101111111111111111111111111111111110111111111111111111111111111111111144444444444444444444444444444441111111111
1111111111111111111110111111111111111111111111111111111111101111111111011111111111111111111101111111111111111111111111111111101111111111111111111111111111111111144444444444444444444444444444441111111111
1111111111111111111111011111111111111111111111111111111111101111111111011111111111111111111101111111111111111111111111111111011111111111111111111111111111111111144444444444444444444444444444411111111111
1111111111111111111111101111111111111111111111111111111111101111111111011111111111111111111101111111111111111111111111111110111111111111111111111111111111111111444444444444444444444444444444411111111111
1111111111111111111111110111111111111111111111111111111111101111111111011111111111111111111101111111111111111111111111111101111111111111111111111111111111111111444444444444444444444444444444111111111111
1111111111111111111111110111111111111111111111111111111111101111111111011111111111111111111101111111111111111111111111111011111111111111111111111111111111111111444444444444444444444444444444111111111111
1111111111111111111111111011111111111111111111111111111111110111111111011111111111111111111001111111111111111111111111110111111111111111111111111111111111111114444444444444444444444444444441111111111111
1111111111111111111111111101111111111111111111111111111111110000000000000000000000000000000110111111111111111111111111101111111111111111111111111111111111111114444444444444444444444444444441111111111111
1111111111111111111111111101111111111111111111111111111111110111111111111111111111111111111110111111111111111111111111011111111111111111111111111111111111111114444444444444444444444444444441111111111111
1111111111111111111111111101111111111111111111111111111111110111111111111111111111111111111110111111111111111111111110111111111111111111111111111111111111111144444444444444444444444444444411111111111111
1111111111111111111111111101111111111111111111111111111111110111111111111111111111111111111111011111111111111111111101111111111111111111111111111111111111111144444444444444444444444444444411111111111111
1111111111111111111111111110111111111111111111111111111111111011111111111111111111111111111111101111111111111111111011111111111111111111111111111111111111111144444444444444444444444444444111111111111111
1111111111111111111111111110111111111111111111111111111111111011111111111111111111111111111111101111111111111111110111111111111111111111111111111111111111111444444444444444444444444444444111111111111111
1111111111111111111111111110111111111111111111111111111111111011111111111111111111111111111111101111111111111111101111111111111111111111111111111111111111111444444444444444444444444444444111111111111111
1111111111111111111111111111011111111111111111111111111111111011111111111111111111111111111111101111111111111111011111111111111111111111111111111111111111111444444444444444444444444444441111111111111111
1111111111111111111111111111011111111111111111111111111111111011111111111111111111111111111111101111111111111110111111111111111111111111111111111111111111114444444444444444444444444444441111111111111111
1111111111111111111111111111101111111111111111111111111111111101111111111111111111111111111111101111111111111101111111111111111111111111111111111111111111114444444444444444444444444444411111111111111111
1111111111111111111111111111101111111111111111111111111111111101111111111111111111111111111111101111111111111011111111111111111111111111111111111111111111114444444444444444444444444444411111111111111111
1111111111111111111111111111101111111111111111111111111111111101111111111111111111111111111111101111111111110100111111111111111111111111111111111111111111144444444444444444444444444444111111111111111111
1111111111111111111111111111110111111111111111111111111111111101111111111111111111111111111111101111111111110111011111111111111111111111111111111111111111144444444444444444444444444444111111111111111111
1111111111111111111111111111111011111111111111111111111111111101111111111111111111111111111111101111111111101111100111111111111111111111111111111111111111144444444444444444444444444444111111111111111111
1111111111111111111111111111111011111111111111111111111111111101111111111111111111111111111111110111111111011111111001111111111111111111111111111111111111444444444444444444444444444441111111111111111111
1111111111111111111111111111111011111111111111111111111111111101111111111111111111111111111111110111111110111111111101111111111111111111111111111111111111444444444444444444444444444441111111111111111111
1111111111111111111111111111111011111111111111111111111111111101111111111111111111111111111111110111111110111111111101111111111111111111111111111111111111444444444444444444444444444411111111111111111111
1111111111111111111111111111111011111111111111111111111111111101111111111111111111111111111111110111111101111111111011111111111111111111111111111111111114444444444444444444444444444411111111111111111111
1111111111111111111111111111111011111111111111111111111111111101111111111111111111111111111111110111111011111111111011111111111111111111111111111111111114444444444444444444444444444411111111111111111111
1111111111111111111111111111111011111111111111111111111111111101111111111111111111111111111111110111110111111111111011111111111111111111111111111111111114444444444444444444444444444111111111111111111111
1111111111111111111111111111111011111111111111111111111111111101111111111111111111111111111111111011101111111111111011111111111111111111111111111111111144444444444444444444444444444111111111111111111111
1111111111111111111111111111111101111111111111111111111111111101111111111111111111111111111111111011011111111111111011111111111111111111111111111111111144444444444444444444444444441111111111111111111111
1111111111111111111111111111111101111111111111111111111111111101111111111111111111111111111111111010111111111111110111111111111111111111111111111111111144444444444444444444444444441111111111111111111111
1111111111111111111111111111111101111111111111111111111111111100000000000000001111111111111111111001111111111111101111111111111111111111111111111111111444444444444444444444444444411111111111111111111111
1111111111111111111111111111111101111111111111111111111111111011111111111111110000000000000000000011111111111111101111111111111111111111111111111111111444444444444444444444444444411111111111111111111111
1111111111111111111111111111111101111111111111111111100000000111111111111111111111111111111111110100111111111111011111111111111111111111111111111111111444444444444444444444444444411111111111111111111111
1111111111111111111111111111111110111111111111111100011111111111111111111111111111111111111111101111000001111110111111111111111111111111111111111111114444444444444444444444444444111111111111111111111111
1111000000001111111111111111111111011111111110000011111111111111111111111111111111111111111111011111111110111110111111111111111111111111111111111111114444444444444444444444444444111111111111111111111111
1111011111110000000000001111111111011111111001111111111111111111111111111111111111111111111110111111111111011101111111111111111111111111111111111111114444444444444444444444444441111111111111111111111111
1111011111111111111111110111111111010000000111111111111111111111111111111111111111111111111101111111111111100001111111111111111111111111111111111111144444444444444444444444444441111111111111111111111111
1111011111111111111111111000000000001111111111111111111111111111111111111111111111111111111011111111111111111111111111111111111111111111111111111111144444444444444444444444444441111111111111111111111111
1111011111111111111111111111111111000111111111111111111111111111111111111111111111111111110111111111111111111111111111111111111111111111111111111111144444444444444444444444444411111111111111111111111111
1111011111111111111111111111111111011000000011111111111111111111111111111111111111111111101111111111111111111111111111111111111111111111111111111111144444444444444444444444444411111111111111111111111111
1111011111111111111111111111111111011111111100000000000011111111111111111111111111111111011111111111111111111111111111111111111111111111111111111111144444444444444444444444444411111111111111111111111111
1111011111111111111111111111111111011111111111111101111100000000000000000000000000011110111111111111111111111111111111111111111111111111111111111111144444444444444444444444444411111111111111111111111111
1111011111111111111111111111111111011111111111111101111111111111111101111111111111100000001111111111111111111111111111111111111111111111111111111111144444444444444444444444444411111111111111111111111111
1111011111111111111111111111111110111111111111111101111111111111111101111111111111111101110000001111111111111111111111111111111111111111111111111111144444444444444444444444444411111111111111111111111111
1111011111111111111111111111111110111111111111111101111111111111111101111111111111111101111111110000000001111111111111111111111111111111111111111111444444444444444444444444444411111111111111111111111111
1111011111111111111111111111111110111111111111111101111111111111111101111111111111111101111111111111011110111111111111111111111111111111111111111111444444444444444444444444444411111111111111111111111111
1111011111111111111111111111111110111111111111111101111111111111111101111111111111111101111111111111011111000000000011111111111111111111111111111111444444444444444444444444444411111111111111111111111111
1111011111111111111111111111111110111111111111111101111111111111111101111111111111111101111111111111011111111111111101111111111111111111111111111111444444444444444444444444444411111111111111111111111111
1111011111111111111111111111111110111111111111111101111111111111111011111111111111111101111111111111011111111111111101111111111111111111111111111111444444444444444444444444444411111111111111111111111111
1111011111111111111111111111111101111111111111111101111111111111111011111111111111111101111111111111011111111111111101111111111111111111111111111111444444444444444444444444444441111111111111111111111111
1110111111111111111111111111111101111111111111111101111111111111111011111111111111111101111111111111011111111111111101111111111111111111111111111114444444444444444444444444444444441111111111111111111111
1100000000000001111111111111111101111111111111111101111111111111111011111111111111111101111111111111011111111111111101111111111111111111111111111114444444444444444444444444444444444441111111111111111111
1111111111111110000000001111111101111111111111111101111111111111111011111111111111111011111111111111011111111111111011111111111111111111111111111114444444444444444444444444444444444444441111111111111111
1111111111111111111111110111111011111111111111111101111111111111111011111111111111111011111111111111011111111111111011111111111111111111111111111114444444444444444444444444444444444444444441111111111111
1111111111111111111111111000000000011111111111111101111111111111111011111111111111110111111111111111011111111111111011111111111111111111111111111114444444444444444444444444444444444444444444441111111111
1111111111111111111111111111111111100000001111111101111111111111111011111111111111110111111111111111011111111111111011111111111111111111111111111114444444444444444444444444444444444444444444444441111111
1111111111111111111111111111111111111111110111111011111111111111111011111111111111101111111111111111011111111111111011111111111111111111111111111144444444444444444444444444444444444444444444444444441111
1111111111111111111111111111111111111111111011111011111111111111111011111111111111101111111111111111011111111111111011111111111111111111111111111144444444444444444444444444444444444444444444444444444441
1111111111111111111111111111111111111111111100000000000000001111111011111111111111101111111111111111011111111111111011111111111111111111111111111144444444444444444444444444444444444444444444444444444441
1111111111111111111111111111111111111111111111111111111111110000000000000011111111101111111111111111011111111111111011111111111111111111111111111144444444444444444444444444444444444444444444444444444441
1111111111111111111111111111111111111111111111111111111111111111111111111100000111101111111111111111011111111111111011111111111111111111111111111144444444444444444444444444444444444444444444444444444441
1111111111111111111111111111111111111111111111111111111111111111111111111111111000000000000000001111011111111111111011111111111111111111111111111444444444444444444444444444444444444444444444444444444441
1111111111111111111111111111111111111111111111111111111111111111111111111111111111111111111111110010111111111111111011111111111111111111111111111444444444444444444444444444444444444444444444444444444441
1441111111111111111111111111111111111111111111111111111111111111111111111111111111111111111111111100001111111111111011111111111111111111111111111444444444444444444444444444444444444444444444444444444441
1444111111111111111111111111111111111111111111111111111111111111111111111111111111111111111111111111110001111111111011111111111111111111111111111444444444444444444444444444444444444444444444444444444441
1444444111111111111111111111111111111111111111111111111111111111111111111111111111111111111111111111111110000000000111111111111111111111111111111444444444444444444444444444444444444444444444444444444441
1444444444111111111111111111111111111111111111111111111111111111111111111111111111111111111111111111111111111111111111111111111111111111111111111444444444444444444444444444444444444444444444444444444441
1444444444444111111111111111111111111111111111111111111111111111111111111111111111111111111111111111111111111111111111111111111111111111111111114444444444444444444444444444444444444444444444444444444441
1444444444444444111111111111111111111111111111111111111111111111111111111111111111111111111111111111111111111111111111111111111111111111111111114444444444444444444444444444444444444444444444444444444441
1444444444444444444111111111111111111111111111111111111111111111111111111111111111111111111111111111111111111111111111111111111111111111111111114444444444444444444444444444444444444444444444444444444441
1444444444444444444444444444444444411111111111111111111111111111111111111111111111111111111111111111111111111111111111111111111111111111111111114444444444444444444444444444444444444444444444444444444441
1444444444444444444444444444444444444111111111111111111111111111111111111111111111111111111111111111111111111111111111111111111111111111111111114444444444444444444444444444444444444444444444444444444441
1444444444444444444444444444444444444441111111111111111111111111111111111111111111111111111111111111111111111111111111111111111111111111111111114444444444444444444444444444444444444444444444444444444441
1444444444444444444444444444444444444444411111111111111111111111111111111111111111111111111111111111111111111111111111111111111111111111111111144444444444444444444444444444444444444444444444444444444441
1444444444444444444444444444444444444444444111111111111111111111111111111111111111111111111111111111111111111111111111111111111111111111111111144444444444444444444444444444444444444444444444444444444441
1444444444444444444444444444444444444444444411111111111111111111111111111111111111111111111111111111111111111111111111111111111111111111111111144444444444444444444444444444444444444444444444444444444441
1444444444444444444444444444444444444444444441111111111111111111111111111111111111111111111111111111111111111111111111111111111111111111111111144444444444444444444444444444444444444444444444444444444441
1444444444444444444444444444444444444444444444111111111111111111111111111111111111111111111111111111111111111111111111111111111111111111111111144444444444444444444444444444444444444444444444444444444441
1444444444444444444444444444444444444444444444411111111111111111111111111111111111111111111111111111111111111111111111111111111111111111111111144444444444444444444444444444444444444444444444444444444441
1444444444444444444444444444444444444444444444441111111111111111111111111111111111111111111111111111111111111111111111111111111111111111111111444444444444444444444444444444444444444444444444444444444441
1444444444444444444444444444444444444444444444444444444444111111111111111111111111111111111111111111111111111111111111111111111111111111111111444444444444444444444444444444444444444444444444444444444441
1444444444444444444444444444444444444444444444444444444444444444444411111111111111111111111111111111111111111111111111111111111111111111111111444444444444444444444444444444444444444444444444444444444441
1444444444444444444444444444444444444444444444444444444444444444444444444444411111111111111111111111111111111111111111111111111111111111111111444444444444444444444444444444444444444444444444444444444441
1444444444444444444444444444444444444444444444444444444444444444444444444444444444444411111111111111111111111111111111111111111111111111111111444444444444444444444444444444444444444444444444444444444441
1444444444444444444444444444444444444444444444444444444444444444444444444444444444444444444441111111111111111111111111111111111111111111111111444444444444444444444444444444444444444444444444444444444441
1111111111111111111111111111111111111111111111111111111111111111111111111111111111111111111111111111111111111111111111111111111111111111111111111111111111111111111111111111111111111111111111111111111111