111111111111111111111111111111111111111111111111111111111111111111111111111111111111111111111111111111
111111111111111111111111111111111111111111111111111111111111111111111111111181111111111111111111111111
111111111111111111111111111111111111111111111111111111888888888888888888888811000000000000111111111111
111111111111111111111111111111111111111111111888888888111111111111111111111110101111111111000000000011
111111111111111111111111111111111111111111888111111111100011111111111111111001101111111111111111110011
111111111111111111111111111111111111111188111111111111011101111111111111110111110111111111111111101011
111111111111111111111111111111111111888811111111111110111110111000001111101111111011111111111111011011
111111111111111111111111111111118888111111111111111110011111000111110111011111111011111111111100111011
111111111111111111111111111888881111111111111111111101101111011111111010111111111101111111111011111011
111111111111111111111111118111111111111111111111111101101111011111111100111111111001111111110111111011
111111111111111111111111811111111111111111111111100011101111011111111011000000110111111100001111111011
111111111111111111111181111111111111111100000000011011101111011111110111111110001111111011111111111011
111111111111111111118111111111111111110011111101111011101111011100001111111101100000110111111111111011
111111111111111111181111111111111111101111111101111011101111100011110111111011111111001111111111111011
111111111111111111811111111111111111011111111110110111101111101111111000110111111111011111111111111011
111111111111111181111111111111110000111111111110110111101111101111111111000011111110111111111111111011
111111111111111811111111111111100001111111111110000000000000001111111110011100011101111111111111111011
111111111111118111111111111111001110011111111110110111101111100011111101111111100101111111111111111011
111111111111811111111111111000101111101111111110110111101111101100111011111111111011111111111111111011
111111111118111111111111100011101111110000000000000000001111101111000111111111110111111111111111111011
111111111181111111111100001100101111111111111111110111101111101111101111111111101111111111111111111011
111111111811111111111011101111001111111111111111110111101111101111101111111111011111111111111111111011
111111118111111111110111101111100000011111111111110111101111101111011111111110111111111111111111111011
111111118111111111101111101111101111100000000000000000000000000011011111111101111111111111111111100011
111111118111111111011111101111101111111111111111111111111111111100000011111011111111111111111111011111
111111118111111110111111101111101111111111111111111111111111111110111100110111111111111111100000111111
111111181111111101111111101111101111111111111111111111111111111110111111010111111111111100011111111111
111111181111000011111111101111101111111111111111111111111111111110111111001111111001110011111111111111
111111181000111111111111101111101111111111111111111111111111111110111110110111111010001111111111111111
111111811011111111111111100011011111111111111111111111111111111111011101111011111010101111111111111111
111111811011111111111111101100011111111111111111111111111111111111101011111101111010101111111111111111
111111811101111111111111101111011111111111111111111111111111111111110111111110011010101111111111111111
111111811101111111111111101111011111111111111111111111111111111111101111111111101010101111111111111111
111118111101111111111111101111011111111111111111111111111111111111011111111111110010101111111111111111
111118111101111111111111100001011111111111111111111111111111111110011111111111111000101111111111111111
111118111110111111111111101110011111111111111111111111111111111101101111111111110000000001111111111111
111181111110111111111111101111011111111111111111111111111111111101110111111111101111111100111111111111
111181111111011111111111101111011111111111111111111111111111111011111011110000011111111011011111111111
111181111111011110000000001111011111111111111111111111111111110111111101101111111111110111101111111111
111181111111000001111111101111011111111111111111111111111111110111111100011111111111110111110111111111
111181111111011111111111101111011000111111111111111111111111101011111010111111111111101111111011111111
111181111111011111111111101111011011000000000000000000011111011100100110111111111111101111111101111111
111181111111011111111111101111011011111111111111011111100000111111011101111111111111101111111110111111
111181111111101111111111101111011011111111111111011111101101011110111101111111111111011111111111001111
111181111111110111111111101111011011111111111111011111101101100101111011111111111111011111111111110111
111181111111111011111111101111000000000000000000000001011011111011111011111111111110111111111111111011
111181111111111011111111101111111111111111111111011110111011110111111011111111111110111111111111111011
111181111111111011111111101111111111111111111110111101111000001111110111111111111110111111111111111011
111181111111111011111111101111111111111111111110111101110111101111110000000011111110111111111111110111
111181111111111101111111101111111111111111111110111101101111110111110111111100011110111111111111110111
111181111111100000000000000000000000111111111110001011101111111011101111111101100000111111111111101111
111181110000011101111111011111110111000111111110110011101111111101011111111011111101000111111111101111
111181001111111101111111011111110111111011111110110111101111111100111111111011111101111011111111101111
111181101111111101111111011111110111111011111110110111101111111100111111111011111011111100000000101111
111181101111111101111111011111110111111011111110110111101111111110111111111000000011111111111111001111
111181110111111101111111101111110111111000000000000111101111111111011111110111111011111111111111111111
111181110111111101111111101111111011111111111111110011101111111111101111110111111011111111111111111111
111181110111111101111111101111111011101111111111111100011111111111010000000111111011111111111111111111
111181110111111110111111101110000000001111111111111111011111111110111111111011110111111111111111111111
111181110111111110000000000001111111101111111111111110111111111110111111111011101111111111111111111111
111181111011111111111111101111111111101111111111111110111111111101111111111101011111111111111111111111
111118111101111111111111101111111111101111111111111101111111111011111111111101011111111111111111111111
111118111110111111111111101111111111101111111111111011111100000111111111111110011111111111111111111111
111118111111011111111111101111111111101111111110000000111101110111000000000000111111111111111111111111
111111811111011111111111101111111111101111100001111011011101101111011111111110111111111111111111111111
111111811111011111111111101111111111101111011111111011101011101110111111111111011111111111111111111111
111111811111101111111111101111111111101000101111111011110001101101111111111111011111111111111111111111
111111181111110111111111101111111111100111101111111011110110011101111111111111101111111111111111111111
111111181111110111111111100000000000001111101111110111110111100000000000000000001111111111111111111111
111111181111110111111111101111111111101111110000000111110111111011111011111111101111111111111111111111
111111181111111011111111101111111111101111111111110111110111111011111011111111101111111111111111111111
111111181111111101111111101111111111101111111111110111110111110111111011111111101111111111111111111111
111111118111111101111111101111111111101111111111110111110111101111110111111111101111111111111111111111
111111118111111110111111101111111111101111111111110111110111101111110111111111011111111111111111111111
111111118111111111011111101111111111101111111111110000000000000000101111111110111111111111111111111111
111111118111111111101111101111100000001111111111110111111111111111001111111101111111111111111111111111
111111111811111111110111100000011111111111111111110111111111111111111111111101111111111111111111111111
111111111811111111111011101111111111111111111111110111111111111111111111111011111111111111111111111111
111111111181111111111101110111111111111111111111110111111111111111111111111011111111111111111111111111
111111111181111111111101110111111111111100000000000111111111111100000000000011111111111111111111111111
111111111118111111111101110111111111111101101110110000000011111011111111111011111111111111111111111111
111111111111811111111101110111111111111101101110110111111100000111111111111011111111111111111111111111
111111111111181111111101100000000000111101101110110111111111111111111111111011111111111111111111111111
111111111111118111111101011110111110111101101110110111111111111111111111111011111111111111111111111111
111111111111111811111100111110000000000000000000110111111111111111111111111011111111111111111111111111
111111111111111181111101111110111111111111111000000000000000000011111111111011111111111111111111111111
111111111111111118111110111111111111111000000111111111111111111100000000000011111111111111111111111111
111111111111111111811110111111111100000111111111111111111111111111111111111111111111111111111111111111
111111111111111111181111011111111011111111111111111111111111111111111111111111111111111111111111111111
111111111111111111118111100000000111111111111111111111111111111111111111111111111111111111111111111111
111111111111111111111811111111111111111111111111111111111111111111111111111111111111111111111111111111
144444444444444444444444444444444444444444444444444444444444444444444444444444444444444444444444444441
144444444444444444444444444444444444444444444444444444444444444444444444444444444444444444444444444441
144444444444444444444444444444444444444444444444444444444444444444444444444444444444444444444444444441
144444444444444444444444444444444444444444444444444444444444444444444444444444444444444444444444444441
144444444444444444444444444444444444444444444444444444444444444444444444444444444444444444444444444441
144444444444444444444444444444444444444444444444444444444444444444444444444444444444444444444444444441
144444444444444444444444444444444444444444444444444444444444444444444444444444444444444444444444444441
144444444444444444444444444444444444444444444444444444444444444444444444444444444444444444444444444441
144444444444444444444444444444444444444444444444444444444444444444444444444444444444444444444444444441
144444444444444444444444444444444444444444444444444444444444444444444444444444444444444444444444444441
111111111111111111111111111111111111111111111111111111111111111111111111111111111111111111111111111111