111111111111111111111111111111111111111111111111111111111111111111111111111111111111111111111111111111
111111111111111111111111111111111111111111111111111111111111111111111111111181111111111111111111111111
111111111111111111111111111111111111111111111111111111888888888888888888888811000001111111111111111111
111111111111111111111111111111111111111111111888888888111111111111111111111110101110000000000000000011
111111111111111111111111111111111111111111888111111111111011111111111111111101101111111111111111110011
111111111111111111111111111111111111111188111111111111000101111111111111111011101111111111111111101011
111111111111111111111111111111111111888811111111111110111110100000001111110111101111111111111111011011
111111111111111111111111111111118888111111111111111110011111011111110111001111110111111111111110111011
111111111111111111111111111888881111111111111111111101101111011111111010111111111011111111111001111011
111111111111111111111111118111111111111111111111111011101111011111111101111111111001111111110111111011
111111111111111111111111811111111111111111111110000011101111011111111010000011110111111111101111111011
111111111111111111111181111111111111111111111101111011101111101111110111111100001111111000011111111011
111111111111111111118111111111111111100000000001111011101111101111101111111110101111110111111111111011
111111111111111111181111111111111111011111111101111011101111100000010111111101110000001111111111111011
111111111111111111811111111111111110111111111101111011101111101111111000111011111111011111111111111011
111111111111111181111111111111111001111111111101110111101111101111111111000111111110111111111111111011
111111111111111811111111111110000000111111111110000000000000001111111110010111111101111111111111111011
111111111111118111111111111001101111011111111110110111101111100011111101111000011101111111111111111011
111111111111811111111111110111101111101111111110110111101111101100111011111111100011111111111111111011
111111111118111111111111100111101111110000000000000000001111101111000111111111110111111111111111111011
111111111181111111111111001011101111111111111111110111101111101111101111111111101111111111111111111011
111111111811111111111110101101101111111111111111110111101111101111011111111111011111111111111111111011
111111118111111111111101101110000000000000000000000111101111101111011111111110111111111111111111111011
111111118111111111111011101111101111111111111111110000000000001110111111111101111111111111111111111011
111111118111111111100111101111101111111111111111111111111111110000011111111011111111111111111000000111
111111118111111100011111101111101111111111111111111111111111111110100000110111111111111111110111111111
111111181111110011111111101111011111111111111111111111111111111110111111010111111111111110001111111111
111111181100001111111111101111011111111111111111111111111111111110111111001111111001111101111111111111
111111181011111111111111101111011111111111111111111111111111111110111110110011111010000011111111111111
111111811101111111111111100001011111111111111111111111111111111111011101111101111010101111111111111111
111111811101111111111111101110011111111111111111111111111111111111101011111110111010101111111111111111
111111811110111111111111101111011111111111111111111111111111111111110111111111011010101111111111111111
111111811110111111111111101111011111111111111111111111111111111111101111111111101010101111111111111111
111118111110111111111111101111011111111111111111111111111111111111011111111111110010101111111111111111
111118111110111111111111100000011111111111111111111111111111111110111111111111111010101111111111111111
111118111110111111111111101111011111111111111111111111111111111110011111111111111100000001111111111111
111181111110111111111111101111011111111111111111111111111111111101101111111110000011111100111111111111
111181111110111111111111101111011111111111111111111111111111111101110011110001111111111101011111111111
111181111110111110000000001111011111111111111111111111111111111011111101001111111111111101101111111111
111181111111000001111111101111011111111111111111111111111111110011111110111111111111111011110111111111
111181111111011111111111101111011000000000000000111111111111101101111100111111111111110111111011111111
111181111111101111111111101111011011111111111111001111111111011110100010111111111111110111111100111111
111181111111101111111111011111011011111111111111010000000000111111011110111111111111110111111111011111
111181111111101111111111011111011011111111111111011111011101001110111101111111111111110111111111101111
111181111111110111111111011111011011111111111111011111011101110101111101111111111111101111111111110111
111181111111110111111111011111000000000000000000000111011011111011111101111111111111101111111111111011
111181111111110111111111011111111111111111111111011000111011111011111011111111111111101111111111111011
111181111111111011111111011111111111111111111111011101111001110111110111111111111111011111111111111011
111181111111111011111111011111111111111111111111011101110110001111110011111111111111011111111111111011
111181111111111011111111011111111111111111111110111011110111110111110100000001111110111111111111111011
111181111111111100000000000000000111111111111110000011101111111011101111111100000000000111111111110111
111181111110000001111111011111110000111111111110111011101111111101101111111101111101111000001111110111
111181000001111101111111011111110111000011111110111011101111111101011111111101111101111111110001110111
111181011111111101111111011111110111111011111110111011011111111100111111111101111011111111111110101111
111181011111111101111111011111110111111011111110110111011111111110111111111000000011111111111111001111
111181011111111101111111011111110111111000000000000111011111111111011111110111111011111111111111111111
111181011111111101111111101111110111111111111111110011011111111111100000000111110111111111111111111111
111181011111111101111111101111110111101111111111111100011111111111011111110111101111111111111111111111
111181101111111101111111101111100000001111111111111110111111111111011111110111011111111111111111111111
111181101111111110000000000000011111101111111111111110111111111110111111111011011111111111111111111111
111181101111111111111111101111111111101111111111111110111111111110111111111011011111111111111111111111
111118101111111111111111101111111111101111111111111101111111111101111111111101011111111111111111111111
111118110111111111111111101111111111101111111111111101111100011011111111111110111111111111111111111111
111118111011111111111111101111111111101111111111110011111101100111000000000000111111111111111111111111
111111811101111111111111101111111111101111100000001001111011110110111111111110111111111111111111111111
111111811110111111111111101111111111101111011111110110000111110110111111111111011111111111111111111111
111111811111011111111111101111111111101110101111110111110001101110111111111111011111111111111111111111
111111181111011111111111101110000000000001101111110111110110001101111111111111101111111111111111111111
111111181111011111111111100001111111101111101111110111110111110000000000000000001111111111111111111111
111111181111101111111111101111111111101111110000000111110111111011111101111111101111111111111111111111
111111181111110111111111101111111111101111111111110111110111110111111011111111101111111111111111111111
111111181111110111111111101111111111101111111111110111110111110111111011111111011111111111111111111111
111111118111111011111111101111111111101111111111110111110111110111111011111111011111111111111111111111
111111118111111011111111101111111111101111111111110111110111101111111011111110111111111111111111111111
111111118111111101111111101111111111101111111111110000000000000001110111111110111111111111111111111111
111111118111111110111111101111111111001111111111110111111111111110001111111110111111111111111111111111
111111111811111110111111100000000000111111111111110111111111111111111111111110111111111111111111111111
111111111811111111011111110111111111111111111111110111111111111111111111111110111111111111111111111111
111111111181111111011111110111111111111111111111110111111111111111111111111101111111111111111111111111
111111111181111111101111110111111111111100000000000000111111111111111111111011111111111111111111111111
111111111118111111110111110111111111111101101110110111011111111100000000000011111111111111111111111111
111111111111811111111011110111111111111101101110110111100000000011111111111011111111111111111111111111
111111111111181111111101110000000000111101101110110111111111111111111111111011111111111111111111111111
111111111111118111111101001110111110111101101110110111111111111111111111111011111111111111111111111111
111111111111111811111100111110111110000000000000110111111111111111111111111011111111111111111111111111
111111111111111181111101111110000001111110000000000000000000001111111111111011111111111111111111111111
111111111111111118111110111111111100000001111111111111111111110000000000000011111111111111111111111111
111111111111111111811111011111110011111111111111111111111111111111111111111111111111111111111111111111
111111111111111111181111101110001111111111111111111111111111111111111111111111111111111111111111111111
111111111111111111118111100001111111111111111111111111111111111111111111111111111111111111111111111111
111111111111111111111811111111111111111111111111111111111111111111111111111111111111111111111111111111
144444444444444444444444444444444444444444444444444444444444444444444444444444444444444444444444444441
144444444444444444444444444444444444444444444444444444444444444444444444444444444444444444444444444441
144444444444444444444444444444444444444444444444444444444444444444444444444444444444444444444444444441
144444444444444444444444444444444444444444444444444444444444444444444444444444444444444444444444444441
144444444444444444444444444444444444444444444444444444444444444444444444444444444444444444444444444441
144444444444444444444444444444444444444444444444444444444444444444444444444444444444444444444444444441
144444444444444444444444444444444444444444444444444444444444444444444444444444444444444444444444444441
144444444444444444444444444444444444444444444444444444444444444444444444444444444444444444444444444441
144444444444444444444444444444444444444444444444444444444444444444444444444444444444444444444444444441
144444444444444444444444444444444444444444444444444444444444444444444444444444444444444444444444444441
111111111111111111111111111111111111111111111111111111111111111111111111111111111111111111111111111111