111111111111111111111111111111111111111111111111111111111111111111111111111111111111111111111111111111
111111111111111111111111111111111118888888888888888888888888888888888888888881111111111111111111111111
111111111111111111111111118888888888888888888888888888888888888888888888888811000000000000000011111111
111111111111111111118888888888888888888888888888888888111111111111111111111110011111111111111100000011
111111111111111188888888888888888888888888888111111111111011111111111111111101101111111111111111100011
111111111111888888888888888888888888888888111111111111100101111111111111111011110111111111111111011011
111111111118888888888888888888888888888811111111111110011110111000001111100111110111111111111110111011
111111111888888888888888888888888888111111111111111100111111000111110111011111111011111111111101111011
111111188888888888888888888888881111111111111111111011011111101111111010111111111101111111111011111011
111111888888888888888888888111111111111111111111111011101111101111111100000011110001111111110111111011
111118888888888888888888811111111111111111111111100011101111101111111011111101101111111111101111111011
111118888888888888888881111111111111111111111000010111101111101111110111111110011111111100011111111011
111188888888888888888111111111111111111000000110110111101111101000001111111110101111110011111111111011
111188888888888888881111111111111111000111111110110111101111100111110111111101110000001111111111111011
111188888888888888811111111111111110111111111110110111101111101111111000011011111111011111111111111011
111888888888888881111111111111111001111111111110110111101111101111111111100111111110111111111111111011
111888888888888811111111111111100111111111111110000000000000000111111111011011111101111111111111111011
118888888888888111111111111111001000011111111110110111101111101011111100111100011011111111111111111011
118888888888811111111111111100101111101111111110110111101111101100011011111111100011111111111111111011
118888888888111111111111000011101111110000000000000000001111101111100111111111110111111111111111111011
188888888881111111111110100001101111111111111111110111101111101111101111111111101111111111111111111011
188888888811111111111101101110101111111111111111110111101111101111011111111111011111111111111111111011
188888888111111111100011101111000111111111111111110111101111101111011111111110111111111111111111111011
188888888111111110011111101111101000000000000000000000000000001111011111111101111111111111111111110011
188888888111111001111111101111101111111111111111111111111111110000001111111011111111111111111000001111
188888888111110111111111101111101111111111111111111111111111111110110001111011111111111111100111111111
188888881111101111111111101111101111111111111111111111111111111110111110110111111111111110011111111111
188888881110011111111111101111101111111111111111111111111111111110111111001111111011111101111111111111
188888881001111111111111101111101111111111111111111111111111111110111111010111111000000011111111111111
188888811011111111111111100111101111111111111111111111111111111111011110111011111010101111111111111111
188888811101111111111111101000011111111111111111111111111111111111101101111101111010101111111111111111
188888811101111111111111101111011111111111111111111111111111111111110011111110111010101111111111111111
188888811101111111111111101111011111111111111111111111111111111111101111111111011010101111111111111111
188888111101111111111111101111011111111111111111111111111111111111011111111111101010101111111111111111
188888111101111111111111100001011111111111111111111111111111111110011111111111110010101111111111111111
188888111110111111111111101110011111111111111111111111111111111110101111111111111000000001111111111111
188881111110111111111111101111011111111111111111111111111111111101110111111110000111111100111111111111
188881111111011111111111101111011111111111111111111111111111111101111011111101111111111011011111111111
188881111111011000000000001111011111111111111111111111111111111011111101111011111111111011101111111111
188881111111000111111111101111011111111111111111111111111111110111111100000111111111111011110011111111
188881111111101111111111101111011000111111111111111111111111101011111001111111111111110111111101111111
188881111111101111111111011111011011000000000000000011111111011100100101111111111111101111111110111111
188881111111101111111111011111011011111111111111011100000000111111011101111111111111011111111111011111
188881111111110111111111011111011011111111111111011111011101011110111101111111111111011111111111101111
188881111111110111111111011111011011111111111111011111011101100101111011111111111111011111111111110111
188881111111110111111111011111000000000000000000000110111011111011111011111111111111011111111111111011
188881111111110111111111011111111111111111111111011000111001111011111011111111111111011111111111110111
188881111111111011111111011111111111111111111111011101111010110111110000011111111110111111111111110111
188881111111111011111111011111111111111111111111011101111011001111110111101111111110111111111111110111
188881111111111101111111011111111111111111111110111101111011110111110111110001111110111111111111101111
188881111111111100000000000000000000001111111110111011111011111011101111111100000000001111111111101111
188881111111110001111111011111110111110111111110000011110111111101011111111101111101110001111111101111
188881000000001101111111011111110111111011111110111011110111111100111111111101111101111110001111101111
188881011111111101111111011111110111111011111110111011101111111100111111111011111101111111110000001111
188881011111111101111111011111111011111011111110111011101111111110111111111000000011111111111111101111
188881011111111101111111011111111011111000000000010111101111111111011111110111111011111111111111111111
188881101111111101111111101111111011111111111111100001011111111111100000010111111011111111111111111111
188881101111111110111111101111111011001111111111111110011111111111011111100111111011111111111111111111
188881101111111110111111101100000000101111111111111110111111111110111111110111110111111111111111111111
188881101111111110000000000011111111101111111111111101111111111101111111110111110111111111111111111111
188881110111111111111111101111111111101111111111111011111111111101111111111011101111111111111111111111
188888111011111111111111101111111111101111111111111011111111111011111111111101011111111111111111111111
188888111101111111111111101111111111101111111111111011111100111011111111111101011111111111111111111111
188888111110111111111111101111111111101111111110000011111101000111000000000000111111111111111111111111
188888811110111111111111101111111111101111111001110100011011110111011111111111011111111111111111111111
188888811111011111111111101111111111101111000111110111100111101110111111111111011111111111111111111111
188888811111011111111111101111111111101110101111110111110011011101111111111111101111111111111111111111
188888881111011111111111101100000000000001110111110111110100001101111111111111101111111111111111111111
188888881111101111111111100011111111101111110111110111110111110000000000000000001111111111111111111111
188888881111101111111111101111111111101111110000000111110111110111111101111111101111111111111111111111
188888881111101111111111101111111111101111111111110111110111101111111101111111011111111111111111111111
188888881111110111111111101111111111101111111111110111110111101111111011111110111111111111111111111111
188888888111111011111111101111111111101111111111110111110111101111110111111110111111111111111111111111
188888888111111101111111101111111111101111111111110111110111101111110111111110111111111111111111111111
188888888111111110111111101111111111101111111111110000000000001111101111111101111111111111111111111111
188888888111111111011111101111111100001111111111110111111111110000001111111101111111111111111111111111
188888888811111111011111100000000011111111111111110111111111111111111111111011111111111111111111111111
188888888811111111101111101111111111111111111111110111111111111111111111111011111111111111111111111111
188888888881111111110111101111111111111111111111110111111111111111111111111011111111111111111111111111
188888888881111111111011101111111111111100000000000011111111111111111100000011111111111111111111111111
188888888888111111111011101111111111111101101110110100000111111000000011111011111111111111111111111111
188888888888811111111011110111111111111101101110110111111000000111111111111011111111111111111111111111
188888888888881111111101110000000000111101101110110111111111111111111111111011111111111111111111111111
188888888888888111111101001110111111011101101110110111111111111111111111111011111111111111111111111111
188888888888888811111100111110111000000000000000110111111111111111111111111011111111111111111111111111
188888888888888881111110111110000111111110000000000000001111111111111111111011111111111111111111111111
188888888888888888111110111111111111110001111111111111110000000000000000000011111111111111111111111111
188888888888888888811111011111111110001111111111111111111111111111111111111111111111111111111111111111
188888888888888888881111101111111101111111111111111111111111111111111111111111111111111111111111111111
188888888888888888888111100000000011111111111111111111111111111111111111111111111111111111111111111111
188888888888888888888811111111111111111111111111111111111111111111111111111111111111111111111111111111
144444444444444444444444444444444444444444444444444444444444444444444444444444444444444444444444444441
144444444444444444444444444444444444444444444444444444444444444444444444444444444444444444444444444441
144444444444444444444444444444444444444444444444444444444444444444444444444444444444444444444444444441
144444444444444444444444444444444444444444444444444444444444444444444444444444444444444444444444444441
144444444444444444444444444444444444444444444444444444444444444444444444444444444444444444444444444441
144444444444444444444444444444444444444444444444444444444444444444444444444444444444444444444444444441
144444444444444444444444444444444444444444444444444444444444444444444444444444444444444444444444444441
144444444444444444444444444444444444444444444444444444444444444444444444444444444444444444444444444441
144444444444444444444444444444444444444444444444444444444444444444444444444444444444444444444444444441
144444444444444444444444444444444444444444444444444444444444444444444444444444444444444444444444444441
111111111111111111111111111111111111111111111111111111111111111111111111111111111111111111111111111111