111111111111111111111111111111111111111111111111111111111111111111111111111111111111111111111111111111
111111111111111111111111111111111111111111111111111111111111111111111111111181111111111111111111111111
111111111111111111111111111111111111111111111111111111888888888888888888888811000000000000011111111111
111111111111111111111111111111111111111111111888888888111111111111111111111110101111111111100000000011
111111111111111111111111111111111111111111888111111111111011111111111111111101101111111111111111110011
111111111111111111111111111111111111111188111111111111100101111111111111111011110111111111111111101011
111111111111111111111111111111111111888811111111111110011110111111101111100111111011111111111111011011
111111111111111111111111111111118888111111111111111110111111000000010111011111111011111111111110111011
111111111111111111111111111888881111111111111111111101011111011111111010111111111101111111111101111011
111111111111111111111111118111111111111111111111111011101111011111111101111111111101111111110011111011
111111111111111111111111811111111111111111111111100011101111101111111010000001111011111111101111111011
111111111111111111111181111111111111111100000000011011101111101111110111111110000111111110011111111011
111111111111111111118111111111111111110011111101110111101111101110001111111100100011110001111111111011
111111111111111111181111111111111110001111111101110111101111100001110011111011111100001111111111111011
111111111111111111811111111111111101111111111110110111101111101111111101110111111111011111111111111011
111111111111111181111111111111110011111111111110110111101111101111111110000001111110111111111111111011
111111111111111811111111111111100111111111111110000000000000000111111101111110111101111111111111111011
111111111111118111111111111110001011111111111110110111101111101000111011111111001011111111111111111011
111111111111811111111111111101101100011111111110110111101111101111010111111111110011111111111111111011
111111111118111111111111100011101111100000000000000000001111101111101111111111110111111111111111111011
111111111181111111111110000011101111111111111111110111101111101111101111111111101111111111111111111011
111111111811111111111101101100001111111111111111110111101111101111101111111111011111111111111111111011
111111118111111111111011101111100000000001111111110111101111101111101111111110111111111111111111111011
111111118111111100000111101111101111111110000000000000000000000111011111111101111111111111111111000011
111111118111111011111111101111101111111111111111111111111111111000011111111011111111111111111000111111
111111118111000111111111101111011111111111111111111111111111111110100001111011111111111111000111111111
111111181110111111111111101111011111111111111111111111111111111110111110110111111111111110111111111111
111111181101111111111111101111011111111111111111111111111111111110111111000111111011111101111111111111
111111181011111111111111101111011111111111111111111111111111111110111111011011111000000011111111111111
111111811011111111111111100001011111111111111111111111111111111111011110111101111010101111111111111111
111111811011111111111111101110011111111111111111111111111111111111101101111110111010101111111111111111
111111811101111111111111101111011111111111111111111111111111111111110011111111011010101111111111111111
111111811101111111111111101111011111111111111111111111111111111111101111111111101010101111111111111111
111118111110111111111111101111011111111111111111111111111111111111011111111111110010101111111111111111
111118111110111111111111101111011111111111111111111111111111111110111111111111111010101111111111111111
111118111110111111111111100000011111111111111111111111111111111101011111111111110000000001111111111111
111181111110111111111111101111011111111111111111111111111111111011101111110000001111111010111111111111
111181111111011111111111101111011111111111111111111111111111111011110111101111111111111011011111111111
111181111111000000000000001111011111111111111111111111111111110111111001011111111111110111101111111111
111181111111011111111111101111011111111111111111111111111111110011111000111111111111110111110111111111
111181111111101111111111101111011000000111111111111111111111101101110101111111111111110111111011111111
111181111111110111111111011111011011111000000000000001111111011110101101111111111111110111111101111111
111181111111110111111111011111011011111111111111011110000000111111011101111111111111110111111110111111
111181111111111011111111011111011011111111111111011111011101011110111101111111111111101111111111001111
111181111111111011111111011111011011111111111111011111011011101101111101111111111111101111111111110111
111181111111111011111111011111000000000000000000011110111011110011111101111111111111011111111111111011
111181111111111011111111011111111111111111111110100000111011111011111011111111111111011111111111111011
111181111111111011111111011111111111111111111110111101110101110111110001111111111110111111111111111011
111181111111111011111111011111111111111111111110111101110110001111110110111111111101111111111111111011
111181111111111011111111011111111111111111111110111011110111110111101111000000111101111111111111110111
111181111111111000000000000000000111111111111110000011101111111011011111111101000000011111111111110111
111181100000000101111111011111110000001111111110111011101111111101011111111101111101100011111111110111
111181011111111101111111011111110111110011111110111011101111111101011111111011111011111100000011101111
111181101111111101111111011111110111111011111110111011101111111110111111111011111011111111111100001111
111181101111111101111111011111110111111011111110110111101111111110111111111000000011111111111111101111
111181101111111101111111011111110111111000000000010111101111111111011111111011111011111111111111111111
111181110111111101111111011111111011111111111111100011101111111111100001110111111011111111111111111111
111181111011111101111111011111111000001111111111111100011111111111011110000111111011111111111111111111
111181111101111101111111101111100011101111111111111111011111111110111111110111111011111111111111111111
111181111110111110000000000000011111101111111111111110111111111101111111111011110111111111111111111111
111181111110111111111111101111111111101111111111111110111111111011111111111011101111111111111111111111
111118111111011111111111101111111111101111111111111110111111111011111111111011101111111111111111111111
111118111111101111111111101111111111101111111111111101111100110111111111111101011111111111111111111111
111118111111110111111111101111111111101111111111100011111011000111000000000000111111111111111111111111
111111811111110111111111101111111111101111100000011001110111101110111111111110111111111111111111111111
111111811111110111111111101111111111101110011111110110110111011110111111111111011111111111111111111111
111111811111111011111111101111111111101101101111110111000011011101111111111111011111111111111111111111
111111181111111011111111101111111110000011101111110111110100001011111111111111011111111111111111111111
111111181111111101111111100000000001101111101111110111110111110000000000000000001111111111111111111111
111111181111111110111111101111111111101111110000000111110111111011111101111111101111111111111111111111
111111181111111111011111101111111111101111111111110111110111110111111101111111101111111111111111111111
111111181111111111101111101111111111101111111111110111110111101111111101111111101111111111111111111111
111111118111111111101111101111111111101111111111110111110111011111111101111111101111111111111111111111
111111118111111111101111101111111111101111111111110111110111011111111011111111011111111111111111111111
111111118111111111101111101111111111101111111111110000000000001111110111111110111111111111111111111111
111111118111111111101111101111111100001111111111110111111111110000001111111110111111111111111111111111
111111111811111111101111100000000011111111111111110111111111111111111111111110111111111111111111111111
111111111811111111101111101111111111111111111111110111111111111111111111111101111111111111111111111111
111111111181111111110111101111111111111111111111110111111111111111111111111101111111111111111111111111
111111111181111111110111101111111111111100000000000000111111111111111100000011111111111111111111111111
111111111118111111111011101111111111111101101110110111000001111111110011111011111111111111111111111111
111111111111811111111011110111111111111101101110110111111110000000001111111011111111111111111111111111
111111111111181111111011110000000000111101101110110111111111111111111111111011111111111111111111111111
111111111111118111111101101110111111011101101110110111111111111111111111111011111111111111111111111111
111111111111111811111100011110000000000000000000110111111111111111111111111011111111111111111111111111
111111111111111181111101111110111111111111111110000000000000000000000111111011111111111111111111111111
111111111111111118111110111111111111100000000001111111111111111111111000000011111111111111111111111111
111111111111111111811111011111111111011111111111111111111111111111111111111111111111111111111111111111
111111111111111111181111101111111100111111111111111111111111111111111111111111111111111111111111111111
111111111111111111118111100000000011111111111111111111111111111111111111111111111111111111111111111111
111111111111111111111811111111111111111111111111111111111111111111111111111111111111111111111111111111
144444444444444444444444444444444444444444444444444444444444444444444444444444444444444444444444444441
144444444444444444444444444444444444444444444444444444444444444444444444444444444444444444444444444441
144444444444444444444444444444444444444444444444444444444444444444444444444444444444444444444444444441
144444444444444444444444444444444444444444444444444444444444444444444444444444444444444444444444444441
144444444444444444444444444444444444444444444444444444444444444444444444444444444444444444444444444441
144444444444444444444444444444444444444444444444444444444444444444444444444444444444444444444444444441
144444444444444444444444444444444444444444444444444444444444444444444444444444444444444444444444444441
144444444444444444444444444444444444444444444444444444444444444444444444444444444444444444444444444441
144444444444444444444444444444444444444444444444444444444444444444444444444444444444444444444444444441
144444444444444444444444444444444444444444444444444444444444444444444444444444444444444444444444444441
111111111111111111111111111111111111111111111111111111111111111111111111111111111111111111111111111111