111111111111111111111111111111111111111111111111111111111111111111111111111111111111111111111111111111
111111111111111111111111111111111111111111111111111111111111111111111111111181111111111111111111111111
111111111111111111111111111111111111111111111111111111888888888888888888888811000000011111111111111111
111111111111111111111111111111111111111111111888888888111111111111111111111110011111100000000000000011
111111111111111111111111111111111111111111888111111111100011111111111111111101101111111111111111100011
111111111111111111111111111111111111111188111111111111011101111111111111111011101111111111111111011011
111111111111111111111111111111111111888811111111111110111110111111001111100111101111111111111110111011
111111111111111111111111111111118888111111111111111101011111000000110111011111110111111111111101111011
111111111111111111111111111888881111111111111111111101011111011111111010111111111011111111111011111011
111111111111111111111111118111111111111111111111111101101111011111111100000001111101111111110111111011
111111111111111111111111811111111111111111111111100011101111011111111011111110110011111111101111111011
111111111111111111111181111111111111111111000000011011101111011111110111111111000001111111011111111011
111111111111111111118111111111111111111000111101111011101111011110000011111110111110010000111111111011
111111111111111111181111111111111111110111111101111011101111100001111100111001111111101111111111111011
111111111111111111811111111111111111101111111110111011101111101111111111010111111111101111111111111011
111111111111111181111111111111111100011111111110111011101111101111111111100001111111011111111111111011
111111111111111811111111111111100011111111111110000000000000001111111111011110111110111111111111111011
111111111111118111111111111000001011111111111110110111101111100111111110111111011101111111111111111011
111111111111811111111111110111101100011111111110110111101111101001111001111111100011111111111111111011
111111111118111111111111100111101111100000000000000000001111101110000111111111110111111111111111111011
111111111181111111111110001000101111111111111111110111101111101111011111111111101111111111111111111011
111111111811111111110001101111001111111111111111110111101111101111011111111111011111111111111111111011
111111118111111111001111101111100000000000011111110111101111101111011111111110111111111111111111111011
111111118111111110111111101111101111111111100000000000000000001111011111111101111111111111111111100011
111111118111111101111111101111101111111111111111111111111111110000001111111011111111111111111100011111
111111118111111011111111101111101111111111111111111111111111111110110001111011111111111111100011111111
111111181111100111111111101111101111111111111111111111111111111110111110010111111111111110011111111111
111111181111011111111111101111011111111111111111111111111111111110111111101111111011111101111111111111
111111181000111111111111101111011111111111111111111111111111111110111111010111111000000011111111111111
111111811101111111111111101111011111111111111111111111111111111111011110111001111010101111111111111111
111111811101111111111111100000011111111111111111111111111111111111101001111110111010101111111111111111
111111811101111111111111101111011111111111111111111111111111111111110111111111011010101111111111111111
111111811110111111111111101111011111111111111111111111111111111111101111111111101010101111111111111111
111118111110111111111111101111011111111111111111111111111111111111011111111111110010101111111111111111
111118111110111111111111100111011111111111111111111111111111111110111111111111111010101111111111111111
111118111110111111111111101000011111111111111111111111111111111101011111111111111100000001111111111111
111181111110111111111111101111011111111111111111111111111111111011101111110000000001111010111111111111
111181111111011111111111101111011111111111111111111111111111110111110111101111111111110111011111111111
111181111111011111000000001111011111111111111111111111111111110111111011011111111111110111101111111111
111181111111000000111111101111011111111111111111111111111111110011111100111111111111101111110111111111
111181111111011111111111101111011000000000111111111111111111101101111001111111111111101111111001111111
111181111111011111111111101111011011111111000000000111111111011110110101111111111111101111111110111111
111181111111101111111111101111011011111111111111011000000000011111001101111111111111101111111111011111
111181111111101111111111101111011011111111111111011111101101101110111011111111111111101111111111101111
111181111111110111111111101111011011111111111111011111101011110101110111111111111111011111111111110111
111181111111111011111111101111000000000000000000000001011011111011110111111111111111011111111111111011
111181111111111101111111011111111111111111111111011110111001110111110111111111111111011111111111111011
111181111111111101111111011111111111111111111111011110111010110111110000111111111111011111111111110111
111181111111111101111111011111111111111111111111011101110111001111101111001111111111011111111111110111
111181111111111101111111011111111111111111111110111101110111110111101111110000111110111111111111110111
111181111111111100000000000000000111111111111110011011110111111011011111111101000001111111111111101111
111181111110000001111111011111110000001111111110100011110111111010111111111101111100111111111111101111
111181000001111101111111011111110111110011111110110111110111111010111111111101111101000111111111101111
111181101111111101111111011111110111111011111110110111110111111100111111111011111011111000111111101111
111181101111111101111111011111110111111011111110110111110111111110111111111000000011111111000000001111
111181101111111101111111011111110111111000000000110111101111111111011111111011110111111111111111111111
111181110111111101111111101111110111111111111111000001101111111111100000010111101111111111111111111111
111181110111111110111111101111110111101111111111111110011111111111101111100111011111111111111111111111
111181111011111110111111101110000000001111111111111111011111111111011111110111011111111111111111111111
111181111011111110000000000001111111101111111111111110111111111110111111111010111111111111111111111111
111181111101111111111111101111111111101111111111111101111111111101111111111010111111111111111111111111
111118111101111111111111101111111111101111111111111101111111111011111111111100111111111111111111111111
111118111110111111111111101111111111101111111111111101111101110111111111111100111111111111111111111111
111118111110111111111111101111111111101111111110000011111010000111000000000000111111111111111111111111
111111811111011111111111101111111111101111110001111000111011110111011111111111011111111111111111111111
111111811111011111111111101111111111101111001111110111010111101110111111111111011111111111111111111111
111111811111101111111111101111111111101100101111110111100011011110111111111111011111111111111111111111
111111181111101111111111101111111000000011101111110111110100001101111111111111101111111111111111111111
111111181111110111111111100000000111101111101111110111110111110000000000000000001111111111111111111111
111111181111111011111111101111111111101111110000000111110111110111111101111111101111111111111111111111
111111181111111011111111101111111111101111111111110111110111101111111101111111011111111111111111111111
111111181111111011111111101111111111101111111111110111110111101111111101111110111111111111111111111111
111111118111111101111111101111111111101111111111110111110111101111111011111101111111111111111111111111
111111118111111110111111101111111111101111111111110111110111101111111011111101111111111111111111111111
111111118111111111011111101111111111101111111111110000000000001111110111111101111111111111111111111111
111111118111111111011111101111111111001111111111110111111111110000001111111101111111111111111111111111
111111111811111111011111100000000000111111111111110111111111111111111111111101111111111111111111111111
111111111811111111011111101111111111111111111111110111111111111111111111111101111111111111111111111111
111111111181111111101111101111111111111111111111110111111111111111111111111101111111111111111111111111
111111111181111111101111101111111111111100000000000000011111111110000000000011111111111111111111111111
111111111118111111110111101111111111111101101110110111100001111001111111111011111111111111111111111111
111111111111811111110111110111111111111101101110110111111110000111111111111011111111111111111111111111
111111111111181111111011100000000000111101101110110111111111111111111111111011111111111111111111111111
111111111111118111111100011110111110111101101110110111111111111111111111111011111111111111111111111111
111111111111111811111101111110111110000000000000110111111111111111111111111011111111111111111111111111
111111111111111181111101111110000001111111000000000000000000000000000111111011111111111111111111111111
111111111111111118111110111100000000000000111111111111111111111111111000000011111111111111111111111111
111111111111111111811111011011111111111111111111111111111111111111111111111111111111111111111111111111
111111111111111111181111010111111111111111111111111111111111111111111111111111111111111111111111111111
111111111111111111118111101111111111111111111111111111111111111111111111111111111111111111111111111111
111111111111111111111811111111111111111111111111111111111111111111111111111111111111111111111111111111
144444444444444444444444444444444444444444444444444444444444444444444444444444444444444444444444444441
144444444444444444444444444444444444444444444444444444444444444444444444444444444444444444444444444441
144444444444444444444444444444444444444444444444444444444444444444444444444444444444444444444444444441
144444444444444444444444444444444444444444444444444444444444444444444444444444444444444444444444444441
144444444444444444444444444444444444444444444444444444444444444444444444444444444444444444444444444441
144444444444444444444444444444444444444444444444444444444444444444444444444444444444444444444444444441
144444444444444444444444444444444444444444444444444444444444444444444444444444444444444444444444444441
144444444444444444444444444444444444444444444444444444444444444444444444444444444444444444444444444441
144444444444444444444444444444444444444444444444444444444444444444444444444444444444444444444444444441
144444444444444444444444444444444444444444444444444444444444444444444444444444444444444444444444444441
111111111111111111111111111111111111111111111111111111111111111111111111111111111111111111111111111111