111111111111111111111111111111111111111111111111111111111111111111111111111111111111111111111111111111
111111111111111111111111111111111111111111111111111111111111111111111111111111111111111111111111111111
111111111111111111111111111111111111111111111111111111111111111111111111111111000000000001111111111111
111111111111111111111111111111111111111111111111111111111111111111111111111110101111111110000000000011
111111111111111111111111111111111111111111111111111111111011111111111111111101101111111111111111100011
111111111111111111111111111111111111111111111111111111100101111111111111111011110111111111111111011011
111111111111111111111111111111111111111111111111111110011110111000001111110111111011111111111110111011
111111111111111111111111111111111111111111111111111101011111000111110111101111111011111111111101111011
111111111111111111111111111111111111111111111111111011101111011111111011011111111011111111111011111011
111111111111111111111111111111111111111111111111111011101111011111111100111111111001111111100111111011
111111111111111111111111111111111111111111111111100011101111011111111011000011100111111111011111111011
111111111111111111111111111111111111111111100000011011101111011111110111111100000111111110111111111011
111111111111111111111111111111111111100000011101111011101111011110001111111100111011111101111111111011
111111111111111111111111111111111111011111111101111011101111100001110011111011111100000011111111111011
111111111111111111111111111111111000111111111101110111101111101111111101110111111111011111111111111011
111111111111111111111111111111110111111111111101110111101111101111111110001111111110111111111111111011
111111111111111111111111111111001111111111111110000000000000000111111100010011111101111111111111111011
111111111111111111111111111110100111111111111110110111101111101000111011111100000011111111111111111011
111111111111111111111111111001101000011111111110110111101111101111010111111111111011111111111111111011
111111111111111111111110000111101111100000000000000000001111101111101111111111110111111111111111111011
111111111111111111111001100111101111111111111111110111101111101111011111111111101111111111111111111011
111111111111111111000111101011101111111111111111110111101111101111011111111111011111111111111111111011
111111111111111110111111101100000000000000011111110111101111101111011111111110111111111111111111111011
111111111111111101111111101111101111111111100000000000000000001111011111111101111111111111111111111011
111111111111111011111111101111011111111111111111111111111111110000111111111011111111111111111111110111
111111111111110111111111101111011111111111111111111111111111111110000111110111111111111111100000001111
111111111111101111111111101111011111111111111111111111111111111110111001101111111111111111011111111111
111111111111011111111111101111011111111111111111111111111111111110111110001111111001111100111111111111
111111111000111111111111101111011111111111111111111111111111111110111111010111111010000011111111111111
111111111011111111111111100000011111111111111111111111111111111111011100111011111010101111111111111111
111111111011111111111111101111011111111111111111111111111111111111101011111100111010101111111111111111
111111111011111111111111101111011111111111111111111111111111111111110111111111011010101111111111111111
111111111011111111111111101111011111111111111111111111111111111111101111111111101010101111111111111111
111111111101111111111111101111011111111111111111111111111111111111011111111111110010101111111111111111
111111111110111111111111100001011111111111111111111111111111111110011111111111111000101111111111111111
111111111110111111111111101110011111111111111111111111111111111101101111111111110000000001111111111111
111111111110111111111111101111011111111111111111111111111111111011110111111100001111111010111111111111
111111111111011111111111101111011111111111111111111111111111111011111011111011111111110111001111111111
111111111111011100000000001111011111111111111111111111111111110111111101000111111111110111110111111111
111111111111000011111111101111011111111111111111111111111111110111111110111111111111110111111011111111
111111111111101111111111101111011000000000000000111111111111101011111100111111111111101111111101111111
111111111111101111111111101111011011111111111111000111111111011101110010111111111111101111111110111111
111111111111101111111111101111011011111111111111011000000000011110001101111111111111101111111111011111
111111111111101111111111101111011011111111111111011111011110101110111101111111111111101111111111101111
111111111111101111111111101111011011111111111111011110111101110101111101111111111111101111111111110111
111111111111110111111111101111000000000000000000000010111011111011111011111111111111101111111111111011
111111111111111011111111011111111111111111111111011100111011111011110111111111111111101111111111111011
111111111111111011111111011111111111111111111111011101111000010111110011111111111111011111111111111011
111111111111111011111111011111111111111111111111011101111011101111110100011111111110111111111111111011
111111111111111101111111011111111111111111111110111101111011110111101111100000000001111111111111111011
111111111111111000000000000000000000011111111110011011111011111011011111111101111100011111111111111011
111111111111000101111111011111110111100111111110100011111011111011011111111101111011100001111111110111
111111000000111101111111011111110111111011111110111011111011111011011111111101111011111110111111101111
111111101111111101111111011111111011111011111110110111110111111100111111111011111011111111000001101111
111111101111111101111111011111111011111011111110110111110111111110111111111000000011111111111110001111
111111101111111101111111011111111011111000000000000111101111111111011111110111110111111111111111111111
111111110111111110111111011111111011111111111111110001101111111111101111110111101111111111111111111111
111111111011111110111111101111111000001111111111111110011111111111100000000111101111111111111111111111
111111111101111110111111101000000011101111111111111110111111111111011111111011101111111111111111111111
111111111110111110000000000111111111101111111111111110111111111110111111111101011111111111111111111111
111111111110111111111111101111111111101111111111111101111111111101111111111100111111111111111111111111
111111111111011111111111101111111111101111111111111011111111111011111111111100111111111111111111111111
111111111111011111111111101111111111101111111111111011111101110111111111111110111111111111111111111111
111111111111101111111111101111111111101111111110000011111100000111000000000000111111111111111111111111
111111111111110111111111101111111111101111110001110100111101101110111111111110111111111111111111111111
111111111111111011111111101111111111101100001111110111011011101110111111111110111111111111111111111111
111111111111111101111111101111111111101011101111110111100000011110111111111110111111111111111111111111
111111111111111101111111101111111111000111110111110111110111000101111111111111011111111111111111111111
111111111111111101111111100000000000101111110111110111110111111000000000000000001111111111111111111111
111111111111111101111111101111111111101111110000000111110111111011111101111111101111111111111111111111
111111111111111110111111101111111111101111111111110111110111111011111011111111101111111111111111111111
111111111111111110111111101111111111101111111111110111110111110111110111111111011111111111111111111111
111111111111111110111111101111111111101111111111110111110111110111110111111110111111111111111111111111
111111111111111111011111101111111111101111111111110111110111101111110111111110111111111111111111111111
111111111111111111101111101111111111101111111111110000000000001111101111111101111111111111111111111111
111111111111111111101111101111111111101111111111110111111111110000001111111101111111111111111111111111
111111111111111111110111100000000000011111111111110111111111111111111111111101111111111111111111111111
111111111111111111110111101111111111111111111111110111111111111111111111111101111111111111111111111111
111111111111111111111011101111111111111111111111110111111111111111111111111101111111111111111111111111
111111111111111111111011101111111111111100000000000111111111111111111111110011111111111111111111111111
111111111111111111111101101111111111111101101110110000011111111111111111101011111111111111111111111111
111111111111111111111101110111111111111101101110110111100000000000000000011011111111111111111111111111
111111111111111111111101100000000000111101101110110111111111111111111111111011111111111111111111111111
111111111111111111111100011110111110111101101110110111111111111111111111111011111111111111111111111111
111111111111111111111101111110100000000000000000110111111111111111111111111011111111111111111111111111
111111111111111111111110111110011111111100000000000000000000001111111111111011111111111111111111111111
111111111111111111111111011111111111111011111111111111111111110000000000000011111111111111111111111111
111111111111111111111111101111111100000111111111111111111111111111111111111111111111111111111111111111
111111111111111111111111101110000011111111111111111111111111111111111111111111111111111111111111111111
111111111111111111111111100001111111111111111111111111111111111111111111111111111111111111111111111111
111111111111111111111111111111111111111111111111111111111111111111111111111111111111111111111111111111
144444444444444444444444444444444444444444444444444444444444444444444444444444444444444444444444444441
144444444444444444444444444444444444444444444444444444444444444444444444444444444444444444444444444441
144444444444444444444444444444444444444444444444444444444444444444444444444444444444444444444444444441
144444444444444444444444444444444444444444444444444444444444444444444444444444444444444444444444444441
144444444444444444444444444444444444444444444444444444444444444444444444444444444444444444444444444441
144444444444444444444444444444444444444444444444444444444444444444444444444444444444444444444444444441
144444444444444444444444444444444444444444444444444444444444444444444444444444444444444444444444444441
144444444444444444444444444444444444444444444444444444444444444444444444444444444444444444444444444441
144444444444444444444444444444444444444444444444444444444444444444444444444444444444444444444444444441
144444444444444444444444444444444444444444444444444444444444444444444444444444444444444444444444444441
111111111111111111111111111111111111111111111111111111111111111111111111111111111111111111111111111111