111111111111111111111111111111111111111111111111111111111111111111111111111111111111111111111111111111
111111111111111111111111111111111111111111111111111111111111111111111111111111111111111111111111111111
111111111111111111111111111111111111111111111111111111111111111111111111111111011111111111111111111111
111111111111111111111111111111111111111111111111111111111111111111111111111110100000000000000000000011
111111111111111111111111111111111111111111111111111111110011111111111111111101110111111111111111101011
111111111111111111111111111111111111111111111111111111001101111111111111111011110111111111111111011011
111111111111111111111111111111111111111111111111111110111110111000001111100111111011111111111110111011
111111111111111111111111111111111111111111111111111110011111000111110111011111111101111111111101111011
111111111111111111111111111111111111111111111111111101011111011111111010111111111101111111111011111011
111111111111111111111111111111111111111111111111111101101111011111111101111111110001111111000111111011
111111111111111111111111111111111111111111111111000011101111101111111010111111101111111110111111111011
111111111111111111111111111111111111111111110000111011101111101111110111000000011111111001111111111011
111111111111111111111111111111111111111000001101111011101111101100001111111110100111110111111111111011
111111111111111111111111111111111111110111111110110111101111100011110011111001111000001111111111111011
111111111111111111111111111111111111001111111110110111101111101111111100010111111111011111111111111011
111111111111111111111111111111111000111111111110110111101111101111111111001111111111011111111111111011
111111111111111111111111111110000111111111111110000000000000000111111100110001111110111111111111111011
111111111111111111111111111001100000111111111110110111101111101001111011111110011101111111111111111011
111111111111111111111111110111101111001111111110110111101111101110110111111111100011111111111111111011
111111111111111111111111001111101111110000000000000000001111101111001111111111110111111111111111111011
111111111111111111111110100111101111111111111111110111101111101111101111111111101111111111111111111011
111111111111111111111001101001101111111111111111110111101111101111101111111111011111111111111111111011
111111111111111111100111101110000000000111111111110111101111101111011111111110111111111111111111111011
111111111111111110011111101111011111111000000000000000000000000110111111111101111111111111111111110011
111111111111110001111111101111011111111111111111111111111111111000000111111011111111111111111110001111
111111111111101111111111101111011111111111111111111111111111111110111000111011111111111111100001111111
111111111110011111111111101111011111111111111111111111111111111110111111010111111111111110011111111111
111111111101111111111111101111011111111111111111111111111111111110111111001111111001111001111111111111
111111111011111111111111101111011111111111111111111111111111111110111110110111111010000111111111111111
111111111011111111111111100001011111111111111111111111111111111111011101111001111010101111111111111111
111111111101111111111111101110011111111111111111111111111111111111101011111110111010101111111111111111
111111111110111111111111101111011111111111111111111111111111111111110111111111011010101111111111111111
111111111111011111111111101111011111111111111111111111111111111111101111111111101010101111111111111111
111111111111011111111111101111011111111111111111111111111111111111011111111111110010101111111111111111
111111111111011111111111100001011111111111111111111111111111111110111111111111111010101111111111111111
111111111111011111111111101110011111111111111111111111111111111101011111111111100000000000111111111111
111111111111011111111111101111011111111111111111111111111111111011100111111111011111111101011111111111
111111111111011111111111101111011111111111111111111111111111110111111011100000111111111101101111111111
111111111111000000000000001111011111111111111111111111111111110111111101011111111111111011110111111111
111111111111011111111111101111011111111111111111111111111111110111111110111111111111110111111011111111
111111111111011111111111101111011000000000011111111111111111101011111101111111111111101111111101111111
111111111111011111111111101111011011111111100000011111111111011101110001111111111111011111111110111111
111111111111101111111111011111011011111111111111000000000000111110001101111111111111011111111111011111
111111111111101111111111011111011011111111111111011111101110001110111011111111111111011111111111101111
111111111111101111111111011111011011111111111111011111011101110101111011111111111111011111111111110111
111111111111110111111111011111000000000000000000000000111101111011111011111111111110111111111111111011
111111111111111011111111011111111111111111111111011110111001111011111011111111111110111111111111111011
111111111111111011111111011111111111111111111110111110111010110111110001111111111110111111111111111011
111111111111111011111111011111111111111111111110111101111011001111101110011111111101111111111111111011
111111111111111011111111011111111111111111111110111101111011110111101111100000011101111111111111111011
111111111110000000000000000000000000001111111110111101111011110111011111111011100000001111111111111011
111111110001111101111111011111110111110111111110000011111011111010111111111011111011110001111111111011
111111001111111101111111011111110111111011111110111011110111111100111111111011111011111110000111111011
111111101111111101111111011111110111111011111110111011110111111100111111111011111011111111111000010111
111111101111111110111111011111110111111011111110111011101111111110111111111000000011111111111111101111
111111101111111110111111011111110111111000000000011011011111111111011111111011111011111111111111111111
111111110111111110111111011111110111111111111111100011011111111111100000111011111011111111111111111111
111111111011111110111111011111111010001111111111111100011111111111011111000111110111111111111111111111
111111111101111110111111101000000001101111111111111110111111111111011111110111110111111111111111111111
111111111110111110000000000111111111101111111111111110111111111111011111111011110111111111111111111111
111111111111011111111111101111111111101111111111111110111111111110111111111101101111111111111111111111
111111111111011111111111101111111111101111111111111101111111111101111111111101101111111111111111111111
111111111111011111111111101111111111101111111111111011111100011011111111111101011111111111111111111111
111111111111011111111111101111111111101111111111110011111011100111000000000000111111111111111111111111
111111111111011111111111101111111111101111111100001001111011101111011111111110111111111111111111111111
111111111111011111111111101111111111101100000011111010000111101110111111111111011111111111111111111111
111111111111011111111111101111111111100011101111111011110000101101111111111111101111111111111111111111
111111111111101111111111101111000000001111110111111011110111000011111111111111101111111111111111111111
111111111111101111111111100000111111101111110111111011110111111000000000000000001111111111111111111111
111111111111110111111111101111111111101111110000000111110111110111111011111111011111111111111111111111
111111111111111011111111101111111111101111111111110111110111101111111011111110111111111111111111111111
111111111111111011111111101111111111101111111111110111110111101111110111111101111111111111111111111111
111111111111111101111111101111111111101111111111110111110111101111101111111011111111111111111111111111
111111111111111110111111101111111111101111111111110111110111011111101111111011111111111111111111111111
111111111111111110111111101111111111101111111111110000000000000001101111111011111111111111111111111111
111111111111111111011111101111111110001111111111110111111111111110001111111011111111111111111111111111
111111111111111111011111100000000001111111111111110111111111111111111111111011111111111111111111111111
111111111111111111101111101111111111111111111111110111111111111111111111111011111111111111111111111111
111111111111111111110111101111111111111111111111110111111111111111111111111011111111111111111111111111
111111111111111111110111101111111111111100000000000000001111111111111111000011111111111111111111111111
111111111111111111111011101111111111111101101110110111110001111111111110111011111111111111111111111111
111111111111111111111011110111111111111101101110110111111110000000000001111011111111111111111111111111
111111111111111111111011100000000000111101101110110111111111111111111111111011111111111111111111111111
111111111111111111111011011110111110111101101110110111111111111111111111111011111111111111111111111111
111111111111111111111100111110100000000000000000110111111111111111111111111011111111111111111111111111
111111111111111111111110111110011111111111110000000000000000111111111111111011111111111111111111111111
111111111111111111111110111111111100000000001111111111111111000000000000000011111111111111111111111111
111111111111111111111111011111110011111111111111111111111111111111111111111111111111111111111111111111
111111111111111111111111101111001111111111111111111111111111111111111111111111111111111111111111111111
111111111111111111111111100000111111111111111111111111111111111111111111111111111111111111111111111111
111111111111111111111111111111111111111111111111111111111111111111111111111111111111111111111111111111
144444444444444444444444444444444444444444444444444444444444444444444444444444444444444444444444444441
144444444444444444444444444444444444444444444444444444444444444444444444444444444444444444444444444441
144444444444444444444444444444444444444444444444444444444444444444444444444444444444444444444444444441
144444444444444444444444444444444444444444444444444444444444444444444444444444444444444444444444444441
144444444444444444444444444444444444444444444444444444444444444444444444444444444444444444444444444441
144444444444444444444444444444444444444444444444444444444444444444444444444444444444444444444444444441
144444444444444444444444444444444444444444444444444444444444444444444444444444444444444444444444444441
144444444444444444444444444444444444444444444444444444444444444444444444444444444444444444444444444441
144444444444444444444444444444444444444444444444444444444444444444444444444444444444444444444444444441
144444444444444444444444444444444444444444444444444444444444444444444444444444444444444444444444444441
111111111111111111111111111111111111111111111111111111111111111111111111111111111111111111111111111111