111111111111111111111111111111111111111111111111111111111111111111111111111111111111111111111111111111
111111111111111111111111111111111111111111111111111111111111111111111111111181111111111111111111111111
111111111111111111111111111111111111111111111111111111888888888888888888888811000000000111111111111111
111111111111111111111111111111111111111111111888888888111111111111111111111100101111111000000000000011
111111111111111111111111111111111111111111888111111111100011111111111111111011110111111111111111110011
111111111111111111111111111111111111111188111111111111011101111111111111110111111011111111111111101011
111111111111111111111111111111111111888811111111111110111110110000001111101111111101111111111111011011
111111111111111111111111111111118888111111111111111110011111001111110111011111111101111111111110111011
111111111111111111111111111888881111111111111111111101011111011111111010111111111101111111111001111011
111111111111111111111111118111111111111111111111111011101111011111111100011111111001111111110111111011
111111111111111111111111811111111111111111111111110011101111101111111011101111110111111110001111111011
111111111111111111111181111111111111111111110000001011101111101111110111110000001111111001111111111011
111111111111111111118111111111111111111000001101110111101111101110001111111110100000110111111111111011
111111111111111111181111111111111111100111111101110111101111100001110011111101111111001111111111111011
111111111111111111811111111111111110011111111101110111101111101111111100111011111111011111111111111011
111111111111111181111111111111111001111111111110110111101111101111111111000111111110111111111111111011
111111111111111811111111111111000111111111111110000000000000001111111111010011111110111111111111111011
111111111111118111111111111110100111111111111110110111101111100111111000111100001101111111111111111011
111111111111811111111111111001101001111111111110110111101111101001110111111111110011111111111111111011
111111111118111111111111100111101110000000000000000000001111101110001111111111110111111111111111111011
111111111181111111111111000111101111111111111111110111101111101111011111111111101111111111111111111011
111111111811111111111110101011101111111111111111110111101111101111011111111111011111111111111111111011
111111118111111111111101101100000111111111111111110111101111101111011111111110111111111111111111111011
111111118111111111110011101111101000000000000000000000000000000011011111111101111111111111111111000011
111111118111111100001111101111101111111111111111111111111111111100111111111011111111111111111000111111
111111118111110011111111101111101111111111111111111111111111111110000111110111111111111111000111111111
111111181111001111111111101111101111111111111111111111111111111110111001110111111111111110111111111111
111111181110111111111111101111011111111111111111111111111111111110111110001111111001110001111111111111
111111181001111111111111101111011111111111111111111111111111111110111110110111111010001111111111111111
111111811011111111111111100000011111111111111111111111111111111111011101111001111010101111111111111111
111111811101111111111111101111011111111111111111111111111111111111101011111110111010101111111111111111
111111811101111111111111101111011111111111111111111111111111111111110111111111011010101111111111111111
111111811101111111111111101111011111111111111111111111111111111111101111111111101010101111111111111111
111118111101111111111111101111011111111111111111111111111111111111011111111111110010101111111111111111
111118111101111111111111101111011111111111111111111111111111111110111111111111111000101111111111111111
111118111101111111111111100000011111111111111111111111111111111110001111111111111100000001111111111111
111181111101111111111111101111011111111111111111111111111111111110110111111000000011111010111111111111
111181111110111111111111101111011111111111111111111111111111111101111011110111111111111011011111111111
111181111111000000000000001111011111111111111111111111111111111011111101101111111111111011101111111111
111181111111011111111111101111011111111111111111111111111111110111111110011111111111110111110011111111
111181111111011111111111101111011000000000000111111111111111101011111100111111111111101111111101111111
111181111111101111111111101111011011111111111000000011111111011100110001111111111111011111111110111111
111181111111101111111111101111011011111111111111011100000000111111001101111111111111011111111111011111
111181111111101111111111101111011011111111111111011111101110001110111011111111111111011111111111101111
111181111111101111111111101111011011111111111111011111011101110101111011111111111111011111111111110111
111181111111101111111111101111000000000000000000000001011101111011110111111111111111011111111111111011
111181111111110111111111011111111111111111111111011110111001111011110111111111111111011111111111111011
111181111111111011111111011111111111111111111110111101111010110111110011111111111110111111111111111011
111181111111111011111111011111111111111111111110111101111011001111101100000011111110111111111111110111
111181111111111101111111011111111111111111111110111101110111101111101111111100000101111111111111110111
111181111111111100000000000000000011111111111110011101110111110111011111111101111000000000011111110111
111181111000000001111111011111110100111111111110100011110111111010111111111101111101111111100011110111
111181000111111101111111011111111011000011111110111011110111111100111111111011111011111111111101101111
111181101111111101111111011111111011111011111110111011101111111110111111111011111011111111111110001111
111181101111111101111111011111111011111011111110111011011111111110111111111000000011111111111111101111
111181101111111101111111101111111011111000000000010111011111111111011111111011110111111111111111111111
111181101111111101111111101111111011111111111111100001011111111111100000001011101111111111111111111111
111181101111111110111111101111111000001111111111111110011111111111011111110111101111111111111111111111
111181110111111110111111101000000011101111111111111111011111111111011111111011101111111111111111111111
111181110111111110000000000111111111101111111111111110111111111111011111111011101111111111111111111111
111181110111111111111111101111111111101111111111111101111111111110111111111011101111111111111111111111
111118110111111111111111101111111111101111111111111011111111111101111111111101101111111111111111111111
111118111011111111111111101111111111101111111111111011111100011011111111111101011111111111111111111111
111118111101111111111111101111111111101111111110000011111101100111000000000000111111111111111111111111
111111811101111111111111101111111111101111111001111000011101110111011111111110111111111111111111111111
111111811110111111111111101111111111101100000111111011101011110110111111111111011111111111111111111111
111111811110111111111111101111111111101011011111111011110000101101111111111111011111111111111111111111
111111181111011111111111101000000000000111101111110111110111001101111111111111101111111111111111111111
111111181111101111111111100111111111101111101111110111110111110000000000000000001111111111111111111111
111111181111110111111111101111111111101111110000000111110111111011111101111111011111111111111111111111
111111181111111011111111101111111111101111111111110111110111110111111101111111011111111111111111111111
111111181111111101111111101111111111101111111111110111110111110111111011111111011111111111111111111111
111111118111111101111111101111111111101111111111110111110111110111110111111111011111111111111111111111
111111118111111101111111101111111111101111111111110111110111101111101111111110111111111111111111111111
111111118111111101111111101111111111101111111111110000000000011111101111111110111111111111111111111111
111111118111111110111111101100000000001111111111110111111111100000001111111110111111111111111111111111
111111111811111111011111100011111111111111111111110111111111111111111111111110111111111111111111111111
111111111811111111101111101111111111111111111111110111111111111111111111111101111111111111111111111111
111111111181111111101111101111111111111111111111110111111111111111111111111101111111111111111111111111
111111111181111111110111101111111111111100000000000111111111111111111111000011111111111111111111111111
111111111118111111110111101111111111111101101110110000011111110000000000111011111111111111111111111111
111111111111811111110111101111111111111101101110110111100000001111111111111011111111111111111111111111
111111111111181111111011000000000000111101101110110111111111111111111111111011111111111111111111111111
111111111111118111111010111110111110111101101110110111111111111111111111111011111111111111111111111111
111111111111111811111101111110111000000000000000110111111111111111111111111011111111111111111111111111
111111111111111181111110111110000111111111111100000000000000000000111111111011111111111111111111111111
111111111111111118111110111110000000000000000011111111111111111111000000000011111111111111111111111111
111111111111111111811111011101111111111111111111111111111111111111111111111111111111111111111111111111
111111111111111111181111010011111111111111111111111111111111111111111111111111111111111111111111111111
111111111111111111118111101111111111111111111111111111111111111111111111111111111111111111111111111111
111111111111111111111811111111111111111111111111111111111111111111111111111111111111111111111111111111
144444444444444444444444444444444444444444444444444444444444444444444444444444444444444444444444444441
144444444444444444444444444444444444444444444444444444444444444444444444444444444444444444444444444441
144444444444444444444444444444444444444444444444444444444444444444444444444444444444444444444444444441
144444444444444444444444444444444444444444444444444444444444444444444444444444444444444444444444444441
144444444444444444444444444444444444444444444444444444444444444444444444444444444444444444444444444441
144444444444444444444444444444444444444444444444444444444444444444444444444444444444444444444444444441
144444444444444444444444444444444444444444444444444444444444444444444444444444444444444444444444444441
144444444444444444444444444444444444444444444444444444444444444444444444444444444444444444444444444441
144444444444444444444444444444444444444444444444444444444444444444444444444444444444444444444444444441
144444444444444444444444444444444444444444444444444444444444444444444444444444444444444444444444444441
111111111111111111111111111111111111111111111111111111111111111111111111111111111111111111111111111111