111111111111111111111111111111111111111111111111111111111111111111111111111111111111111111111111111111
111111111111111111111111111111111111111111111111111111111111111111111111111181111111111111111111111111
111111111111111111111111111111111111111111111111111111888888888888888888888811000000000000000011111111
111111111111111111111111111111111111111111111888888888111111111111111111111110101111111111111100000011
111111111111111111111111111111111111111111888111111111111011111111111111111101101111111111111111101011
111111111111111111111111111111111111111188111111111111100101111111111111111011101111111111111111011011
111111111111111111111111111111111111888811111111111110011110110000001111110111110111111111111110111011
111111111111111111111111111111118888111111111111111101011111001111110111001111111011111111111101111011
111111111111111111111111111888881111111111111111111011011111011111111010111111111011111111111011111011
111111111111111111111111118111111111111111111111111011101111011111111100000111110001111111110111111011
111111111111111111111111811111111111111111111111111011101111011111111011111000101111111111101111111011
111111111111111111111181111111111111111111100000000011101111011111110111111111011111111110011111111011
111111111111111111118111111111111111111000011101110111101111100000000111111110100000111101111111111011
111111111111111111181111111111111111100111111110110111101111101111111001111001111111000011111111111011
111111111111111111811111111111111000011111111110110111101111101111111110010111111111011111111111111011
111111111111111181111111111111110111111111111110110111101111101111111111100001111110111111111111111011
111111111111111811111111111111000111111111111110000000000000001111111110011110011110111111111111111011
111111111111118111111111111110101001111111111110110111101111100011111001111111101101111111111111111011
111111111111811111111111111001101110001111111110110111101111101100110111111111110011111111111111111011
111111111118111111111111000111101111110000000000000000001111101111001111111111110111111111111111111011
111111111181111111111110100011101111111111111111110111101111101111011111111111101111111111111111111011
111111111811111111100001101100101111111111111111110111101111101110111111111111011111111111111111111011
111111118111111111011111101111000000000000000000010111101111101110111111111110111111111111111111111011
111111118111111110111111101111101111111111111111100000000000000010111111111101111111111111111111000011
111111118111111001111111101111101111111111111111111111111111111100011111111011111111111111111110111111
111111118111100111111111101111101111111111111111111111111111111110101111110111111111111111110001111111
111111181110011111111111101111101111111111111111111111111111111110110011101111111111111111101111111111
111111181101111111111111101111011111111111111111111111111111111110111100001111111001110000011111111111
111111181011111111111111101111011111111111111111111111111111111110111111010111111010001111111111111111
111111811011111111111111100000011111111111111111111111111111111111011110111011111010101111111111111111
111111811011111111111111101111011111111111111111111111111111111111101101111100111010101111111111111111
111111811101111111111111101111011111111111111111111111111111111111110011111111011010101111111111111111
111111811101111111111111101111011111111111111111111111111111111111101111111111101010101111111111111111
111118111101111111111111101111011111111111111111111111111111111111011111111111110010101111111111111111
111118111101111111111111100111011111111111111111111111111111111110111111111111111010101111111111111111
111118111110111111111111101000011111111111111111111111111111111101011111111111111100000000111111111111
111181111110111111111111101111011111111111111111111111111111111101101111111111100011111101011111111111
111181111110111111111111101111011111111111111111111111111111111101110111111111011111111011101111111111
111181111111011111000000001111011111111111111111111111111111111011111011111100111111110111110111111111
111181111111000000111111101111011111111111111111111111111111110011111100000011111111110111111011111111
111181111111011111111111101111011000000000000111111111111111101101111001111111111111110111111101111111
111181111111011111111111011111011011111111111000000000111111011110100101111111111111110111111110111111
111181111111101111111111011111011011111111111111011111000000111111011101111111111111110111111111011111
111181111111101111111111011111011011111111111111011111011101001110111101111111111111101111111111101111
111181111111101111111111011111011011111111111111011111011011110101111101111111111111011111111111110111
111181111111101111111111011111000000000000000000000001011011111011111101111111111110111111111111111011
111181111111101111111111011111111111111111111111011110111011110111111011111111111101111111111111111011
111181111111110111111111011111111111111111111111011110111000101111110000011111111101111111111111110111
111181111111111011111111011111111111111111111111011101111011001111101111101111111101111111111111110111
111181111111111101111111011111111111111111111111011101110111101111101111110000111101111111111111101111
111181111000000000000000000000000011111111111110000101110111110111011111111101000000011111111111101111
111181100111111101111111101111111000011111111110111011101111111011011111111101111101100011111111101111
111181011111111101111111101111111011100011111110111011101111111011011111111011111011111100111111101111
111181101111111101111111101111111011111011111110110111101111111101011111111011111011111111000111101111
111181110111111101111111101111111011111011111110110111101111111110111111111000000011111111111000001111
111181110111111101111111101111111011111000000000110111011111111111011111110111111011111111111111111111
111181111011111110111111101111111011111111111111000111011111111111100000000111110111111111111111111111
111181111101111110111111101111111011101111111111111000011111111111011111110111101111111111111111111111
111181111110111110111111101111000000001111111111111110111111111110111111110111011111111111111111111111
111181111111011110000000000000111111101111111111111110111111111101111111111011011111111111111111111111
111181111111101111111111101111111111101111111111111110111111111101111111111011011111111111111111111111
111118111111110111111111101111111111101111111111111110111111111011111111111100111111111111111111111111
111118111111111011111111101111111111101111111111111101111100001011111111111100111111111111111111111111
111118111111111011111111101111111111101111111100000011111101110111000000000000111111111111111111111111
111111811111111011111111101111111111101111100011111001111011101110111111111110111111111111111111111111
111111811111111011111111101111111111101111011111111010110111101101111111111110111111111111111111111111
111111811111111011111111101111111111101100011111111011000000101101111111111111011111111111111111111111
111111181111111011111111101111111110000011101111111011110111011101111111111111011111111111111111111111
111111181111111101111111100000000001101111101111110111110111100000000000000000001111111111111111111111
111111181111111101111111101111111111101111110000000111110111110111111101111111101111111111111111111111
111111181111111101111111101111111111101111111111110111110111110111111101111111011111111111111111111111
111111181111111101111111101111111111101111111111110111110111101111111011111111011111111111111111111111
111111118111111101111111101111111111101111111111110111110111101111111011111110111111111111111111111111
111111118111111110111111101111111111101111111111110111110111011111110111111110111111111111111111111111
111111118111111110111111101111111111101111111111110000000000011111110111111110111111111111111111111111
111111118111111111011111101111000000001111111111110111111111100000001111111110111111111111111111111111
111111111811111111011111100000111111111111111111110111111111111111111111111110111111111111111111111111
111111111811111111011111101111111111111111111111110111111111111111111111111101111111111111111111111111
111111111181111111011111101111111111111111111111110111111111111111111111111101111111111111111111111111
111111111181111111101111101111111111111100000000000111111111111111111111100011111111111111111111111111
111111111118111111110111101111111111111101101110110000000001111000000000011011111111111111111111111111
111111111111811111110111110111111111111101101110110111111110000111111111111011111111111111111111111111
111111111111181111110111110000000000111101101110110111111111111111111111111011111111111111111111111111
111111111111118111111011001110111110111101101110110111111111111111111111111011111111111111111111111111
111111111111111811111100111110111110000000000000110111111111111111111111111011111111111111111111111111
111111111111111181111101111110000001111111111111100000111111111111111111111011111111111111111111111111
111111111111111118111110111111111000000000000000011111000000000000000000000011111111111111111111111111
111111111111111111811110111111100111111111111111111111111111111111111111111111111111111111111111111111
111111111111111111181111011000011111111111111111111111111111111111111111111111111111111111111111111111
111111111111111111118111100111111111111111111111111111111111111111111111111111111111111111111111111111
111111111111111111111811111111111111111111111111111111111111111111111111111111111111111111111111111111
144444444444444444444444444444444444444444444444444444444444444444444444444444444444444444444444444441
144444444444444444444444444444444444444444444444444444444444444444444444444444444444444444444444444441
144444444444444444444444444444444444444444444444444444444444444444444444444444444444444444444444444441
144444444444444444444444444444444444444444444444444444444444444444444444444444444444444444444444444441
144444444444444444444444444444444444444444444444444444444444444444444444444444444444444444444444444441
144444444444444444444444444444444444444444444444444444444444444444444444444444444444444444444444444441
144444444444444444444444444444444444444444444444444444444444444444444444444444444444444444444444444441
144444444444444444444444444444444444444444444444444444444444444444444444444444444444444444444444444441
144444444444444444444444444444444444444444444444444444444444444444444444444444444444444444444444444441
144444444444444444444444444444444444444444444444444444444444444444444444444444444444444444444444444441
111111111111111111111111111111111111111111111111111111111111111111111111111111111111111111111111111111