111111111111111111111111111111111111111111111111111111111111111111111111111111111111111111111111111111
111111111111111111111111111111111111111111111111111111111111111111111111111111111111111111111111111111
111111111111111111111111111111111111111111111111111111111111111111111111111111000011111111111111111111
111111111111111111111111111111111111111111111111111111111111111111111111111110011100000000000000000011
111111111111111111111111111111111111111111111111111111111011111111111111111101101111111111111111110011
111111111111111111111111111111111111111111111111111111100101111111111111111011110111111111111111101011
111111111111111111111111111111111111111111111111111110011110111110001111110111110111111111111111011011
111111111111111111111111111111111111111111111111111101011111000001110111001111111011111111111100111011
111111111111111111111111111111111111111111111111111101101111011111111010111111111101111111111011111011
111111111111111111111111111111111111111111111111111011101111101111111100011111111101111111110111111011
111111111111111111111111111111111111111111111111000011101111101111111011100001111011111111101111111011
111111111111111111111111111111111111111110000000111011101111101111110111111110000000111111011111111011
111111111111111111111111111111111111111001111101111011101111101000000011111100111111011100111111111011
111111111111111111111111111111111111110111111101111011101111100111111101111011111111100011111111111011
111111111111111111111111111111111111001111111110111011101111101111111110110111111111101111111111111011
111111111111111111111111111111110000111111111110111011101111101111111111001111111111011111111111111011
111111111111111111111111111111000111111111111110000000000000000111111111010001111110111111111111111011
111111111111111111111111111100101011111111111110110111101111101011111100111110001101111111111111111011
111111111111111111111111111011101101111111111110110111101111101100010011111111110011111111111111111011
111111111111111111111111000111101110000000000000000000001111101111101111111111110111111111111111111011
111111111111111111111110100111101111111111111111110111101111101111011111111111101111111111111111111011
111111111111111111111101101000001111111111111111110111101111101110111111111111011111111111111111111011
111111111111111111100011101111100000000001111111110111101111101110111111111110111111111111111111111011
111111111111111111011111101111101111111110000000000000000000000010111111111101111111111111111100000011
111111111111110000111111101111101111111111111111111111111111111100111111111011111111111111111011111111
111111111111001111111111101111101111111111111111111111111111111110000111110111111111111111100111111111
111111111110111111111111101111101111111111111111111111111111111110111011101111111111111110011111111111
111111111101111111111111101111101111111111111111111111111111111110111100001111111001111001111111111111
111111111011111111111111101111011111111111111111111111111111111110111110110111111010000111111111111111
111111111011111111111111100001011111111111111111111111111111111111011101111011111010101111111111111111
111111111011111111111111101110011111111111111111111111111111111111101011111101111010101111111111111111
111111111011111111111111101111011111111111111111111111111111111111110111111110111010101111111111111111
111111111011111111111111101111011111111111111111111111111111111111101111111111011010101111111111111111
111111111101111111111111101111011111111111111111111111111111111111011111111111101010101111111111111111
111111111101111111111111100001011111111111111111111111111111111110011111111111110010101111111111111111
111111111110111111111111101110011111111111111111111111111111111110101111111111111100000001111111111111
111111111110111111111111101111011111111111111111111111111111111101110111111111111101111100111111111111
111111111110111111111111101111011111111111111111111111111111111101111011111111111011111011011111111111
111111111111011111111110001111011111111111111111111111111111111011111101100000000111111011101111111111
111111111111000000000001101111011111111111111111111111111111110011111100011111111111110111110111111111
111111111111011111111111101111011000000111111111111111111111101101111001111111111111110111111011111111
111111111111011111111111101111011011111000000000000011111111011110100101111111111111110111111101111111
111111111111101111111111011111011011111111111111011100000000111111011101111111111111110111111110111111
111111111111101111111111011111011011111111111111011111101101001110111101111111111111110111111111001111
111111111111110111111111011111011011111111111111011111011101110101111101111111111111101111111111110111
111111111111110111111111011111000000000000000000000000111011111011111011111111111111011111111111111011
111111111111110111111111011111111111111111111111011110111011111011111011111111111111011111111111111011
111111111111111011111111011111111111111111111110111101111001110111110000001111111111011111111111111011
111111111111111011111111011111111111111111111110111101111010001111101111110111111111011111111111111011
111111111111111101111111011111111111111111111110111101111011101111101111111000111110111111111111111011
111111111000000000000000000000000011111111111110001101111011110111011111111101000001111111111111111011
111111110111111101111111011111110101111111111110110011111011110111011111111101111010011111111111110111
111111001111111101111111011111110110000011111110111011110111111010111111111101111011100000011111101111
111111011111111101111111011111110111111011111110110111101111111100111111111101111011111111100000101111
111111101111111101111111011111111011111011111110110111101111111110111111111000000011111111111111001111
111111101111111101111111101111111011111000000000010111101111111111011111111011110111111111111111111111
111111101111111101111111101111111011111111111111100011101111111111100011110111101111111111111111111111
111111110111111101111111101111111010001111111111111100011111111111011100000111101111111111111111111111
111111111011111110111111101100000001101111111111111110111111111111011111111011101111111111111111111111
111111111101111110000000000011111111101111111111111101111111111110111111111101101111111111111111111111
111111111101111111111111101111111111101111111111111101111111111101111111111101101111111111111111111111
111111111110111111111111101111111111101111111111111011111111111011111111111110101111111111111111111111
111111111110111111111111101111111111101111111111111011111100010111111111111110011111111111111111111111
111111111111011111111111101111111111101111111111110011111101100111000000000000111111111111111111111111
111111111111101111111111101111111111101111110000001001111011101110111111111110111111111111111111111111
111111111111101111111111101111111111101000001111111010111011011101111111111111011111111111111111111111
111111111111101111111111101111111111100111011111111011000011011011111111111111011111111111111111111111
111111111111110111111111101110000000001111101111111011110100000011111111111111011111111111111111111111
111111111111111011111111100001111111101111101111111011110111111000000000000000001111111111111111111111
111111111111111101111111101111111111101111110000000111110111110111111101111111011111111111111111111111
111111111111111110111111101111111111101111111111110111110111110111111101111110111111111111111111111111
111111111111111110111111101111111111101111111111110111110111101111111101111110111111111111111111111111
111111111111111110111111101111111111101111111111110111110111101111111011111110111111111111111111111111
111111111111111110111111101111111111101111111111110111110111011111110111111110111111111111111111111111
111111111111111110111111101111111111101111111111110000000000011111110111111110111111111111111111111111
111111111111111110111111101000000000001111111111110111111111100000001111111110111111111111111111111111
111111111111111111011111100111111111111111111111110111111111111111111111111101111111111111111111111111
111111111111111111011111101111111111111111111111110111111111111111111111111101111111111111111111111111
111111111111111111101111101111111111111111111111110111111111111111111111111011111111111111111111111111
111111111111111111110111101111111111111100000000000000000111111111111110000011111111111111111111111111
111111111111111111111011110111111111111101101110110111111000111111110001111011111111111111111111111111
111111111111111111111011110111111111111101101110110111111111000000001111111011111111111111111111111111
111111111111111111111011100000000000111101101110110111111111111111111111111011111111111111111111111111
111111111111111111111100011110111111011101101110110111111111111111111111111011111111111111111111111111
111111111111111111111101111110100000000000000000110111111111111111111111111011111111111111111111111111
111111111111111111111110111110011111111111111000000000000000000000000000111011111111111111111111111111
111111111111111111111111011111111110000000000111111111111111111111111111000011111111111111111111111111
111111111111111111111111011111110001111111111111111111111111111111111111111111111111111111111111111111
111111111111111111111111101000001111111111111111111111111111111111111111111111111111111111111111111111
111111111111111111111111100111111111111111111111111111111111111111111111111111111111111111111111111111
111111111111111111111111111111111111111111111111111111111111111111111111111111111111111111111111111111
144444444444444444444444444444444444444444444444444444444444444444444444444444444444444444444444444441
144444444444444444444444444444444444444444444444444444444444444444444444444444444444444444444444444441
144444444444444444444444444444444444444444444444444444444444444444444444444444444444444444444444444441
144444444444444444444444444444444444444444444444444444444444444444444444444444444444444444444444444441
144444444444444444444444444444444444444444444444444444444444444444444444444444444444444444444444444441
144444444444444444444444444444444444444444444444444444444444444444444444444444444444444444444444444441
144444444444444444444444444444444444444444444444444444444444444444444444444444444444444444444444444441
144444444444444444444444444444444444444444444444444444444444444444444444444444444444444444444444444441
144444444444444444444444444444444444444444444444444444444444444444444444444444444444444444444444444441
144444444444444444444444444444444444444444444444444444444444444444444444444444444444444444444444444441
111111111111111111111111111111111111111111111111111111111111111111111111111111111111111111111111111111