111111111111111111111111111111111111111111111111111111111111111111111111111111111111111111111111111111
111111111111111111111111111111111111111111111111111111111111111111111111111181111111111111111111111111
111111111111111111111111111111111111111111111111111111888888888888888888888811000000000111111111111111
111111111111111111111111111111111111111111111888888888111111111111111111111110011111111000000000000011
111111111111111111111111111111111111111111888111111111111011111111111111111101011111111111111111110011
111111111111111111111111111111111111111188111111111111100101111111111111111011101111111111111111001011
111111111111111111111111111111111111888811111111111110011110111000001111110111110111111111111110111011
111111111111111111111111111111118888111111111111111101011111000111110111101111110111111111111101111011
111111111111111111111111111888881111111111111111111101101111011111111011011111111011111111111011111011
111111111111111111111111118111111111111111111111111101101111011111111100111111111101111111100111111011
111111111111111111111111811111111111111111111111111011101111011111111011001111100011111100011111111011
111111111111111111111181111111111111111111100000000011101111011111110111110000001111111011111111111011
111111111111111111118111111111111111110000011101110111101111011100000111111100110111110111111111111011
111111111111111111181111111111111111101111111110110111101111100011111000111011111000001111111111111011
111111111111111111811111111111111111011111111110110111101111101111111111010111111111011111111111111011
111111111111111181111111111111111000111111111110110111101111101111111111101111111110111111111111111011
111111111111111811111111111111000001111111111110000000000000000011111111010001111110111111111111111011
111111111111118111111111111110101110111111111110110111101111101100111100111110111101111111111111111011
111111111111811111111111110001101111011111111110110111101111101111010011111111000011111111111111111011
111111111118111111111111000111101111100000000000000000001111101111101111111111110111111111111111111011
111111111181111111111110101001101111111111111111110111101111101111011111111111101111111111111111111011
111111111811111111111101101110101111111111111111110111101111101110111111111111011111111111111111111011
111111118111111111110011101111000000000011111111110111101111101110111111111110111111111111111111111011
111111118111111111001111101111101111111100000000000000000000000010111111111101111111111111111111100011
111111118111111110111111101111011111111111111111111111111111111100111111111011111111111111111110011111
111111118111111001111111101111011111111111111111111111111111111110011111110111111111111111111101111111
111111181111000111111111101111011111111111111111111111111111111110100000001111111111111000000011111111
111111181100111111111111101111011111111111111111111111111111111110111111001111111011110111111111111111
111111181011111111111111101111011111111111111111111111111111111110111110110111111000001111111111111111
111111811011111111111111100000011111111111111111111111111111111111011101111011111010101111111111111111
111111811011111111111111101111011111111111111111111111111111111111101011111101111010101111111111111111
111111811011111111111111101111011111111111111111111111111111111111110111111110111010101111111111111111
111111811101111111111111101111011111111111111111111111111111111111101111111111011010101111111111111111
111118111101111111111111101111011111111111111111111111111111111111011111111111100010101111111111111111
111118111101111111111111101111011111111111111111111111111111111110111111111111111010101111111111111111
111118111110111111111111100000011111111111111111111111111111111110011111111111111100000001111111111111
111181111111011111111111101111011111111111111111111111111111111101101111111111100011111010111111111111
111181111111011111111111101111011111111111111111111111111111111011110111111000011111111011011111111111
111181111111011000000000001111011111111111111111111111111111111011111001000111111111111011101111111111
111181111111000111111111101111011111111111111111111111111111110011111000111111111111110111110111111111
111181111111011111111111101111011000000111111111111111111111101101110110111111111111110111111011111111
111181111111011111111111101111011011111000000000000011111111011110101101111111111111101111111101111111
111181111111011111111111011111011011111111111111011100000000111111011011111111111111101111111110111111
111181111111101111111111011111011011111111111111011111011110001110110111111111111111011111111111011111
111181111111101111111111011111011011111111111111011111011101110101110111111111111111011111111111101111
111181111111101111111111011111000000000000000000001111011011111011110111111111111110111111111111110011
111181111111110111111111011111111111111111111111010000111001110111110111111111111101111111111111110111
111181111111111011111111011111111111111111111111011101111010001111110000011111111101111111111111110111
111181111111111011111111011111111111111111111111011101111011101111110111101111111101111111111111110111
111181111111111101111111011111111111111111111111011101110111110111101111110000001101111111111111110111
111181111110000000000000000000000111111111111110111101110111110111101111111101110000000000001111110111
111181111101111101111111011111110000000111111110000011110111110111011111111101111101111111110111110111
111181000011111101111111011111110111111011111110111011101111111010111111111011111101111111111011101111
111181101111111101111111011111110111111011111110111011101111111100111111111011111011111111111101101111
111181110111111101111111011111110111111011111110110111101111111110111111111000000011111111111110001111
111181110111111101111111101111110111111000000000110111101111111111011111110111111011111111111111111111
111181110111111101111111101111110111111111111111000111101111111111100000010111110111111111111111111111
111181111011111101111111101111111010001111111111111000011111111111011111100111110111111111111111111111
111181111011111110111111100000000001101111111111111111011111111110111111110111101111111111111111111111
111181111101111110000000001111111111101111111111111111011111111101111111111011011111111111111111111111
111181111110111111111111101111111111101111111111111111011111111101111111111101011111111111111111111111
111118111110111111111111101111111111101111111111111110111111111011111111111100111111111111111111111111
111118111111011111111111101111111111101111111111111101111100010111111111111100111111111111111111111111
111118111111101111111111101111111111101111111111111001111101100111000000000000111111111111111111111111
111111811111101111111111101111111111101111111100000010011011110111011111111110111111111111111111111111
111111811111101111111111101111111111101111000011111011101011110110111111111111011111111111111111111111
111111811111101111111111101111111111100000011111110111110001101101111111111111011111111111111111111111
111111181111110111111111101111111000001111101111110111110110000101111111111111011111111111111111111111
111111181111110111111111100000000111101111101111110111110111111000000000000000001111111111111111111111
111111181111111011111111101111111111101111110000000111110111111011111011111111101111111111111111111111
111111181111111101111111101111111111101111111111110111110111110111110111111111101111111111111111111111
111111181111111110111111101111111111101111111111110111110111101111110111111111011111111111111111111111
111111118111111110111111101111111111101111111111110111110111011111101111111111011111111111111111111111
111111118111111110111111101111111111101111111111110111110111011111101111111110111111111111111111111111
111111118111111110111111101111111111101111111111110000000000011111101111111110111111111111111111111111
111111118111111110111111101111111100001111111111110111111111100000001111111110111111111111111111111111
111111111811111111011111100000000011111111111111110111111111111111111111111110111111111111111111111111
111111111811111111101111101111111111111111111111110111111111111111111111111101111111111111111111111111
111111111181111111110111101111111111111111111111110111111111111111111111111101111111111111111111111111
111111111181111111110111101111111111111100000000000111111111111110000000000011111111111111111111111111
111111111118111111111011101111111111111101101110110011111111111101111111111011111111111111111111111111
111111111111811111111011101111111111111101101110110100000000000011111111111011111111111111111111111111
111111111111181111111101110000000000111101101110110111111111111111111111111011111111111111111111111111
111111111111118111111100001110111110111101101110110111111111111111111111111011111111111111111111111111
111111111111111811111101111110000000000000000000110111111111111111111111111011111111111111111111111111
111111111111111181111110111110111111111111100000000000000000000000000001111011111111111111111111111111
111111111111111118111110111111111100000000011111111111111111111111111110000011111111111111111111111111
111111111111111111811110111100000011111111111111111111111111111111111111111111111111111111111111111111
111111111111111111181111010011111111111111111111111111111111111111111111111111111111111111111111111111
111111111111111111118111101111111111111111111111111111111111111111111111111111111111111111111111111111
111111111111111111111811111111111111111111111111111111111111111111111111111111111111111111111111111111
144444444444444444444444444444444444444444444444444444444444444444444444444444444444444444444444444441
144444444444444444444444444444444444444444444444444444444444444444444444444444444444444444444444444441
144444444444444444444444444444444444444444444444444444444444444444444444444444444444444444444444444441
144444444444444444444444444444444444444444444444444444444444444444444444444444444444444444444444444441
144444444444444444444444444444444444444444444444444444444444444444444444444444444444444444444444444441
144444444444444444444444444444444444444444444444444444444444444444444444444444444444444444444444444441
144444444444444444444444444444444444444444444444444444444444444444444444444444444444444444444444444441
144444444444444444444444444444444444444444444444444444444444444444444444444444444444444444444444444441
144444444444444444444444444444444444444444444444444444444444444444444444444444444444444444444444444441
144444444444444444444444444444444444444444444444444444444444444444444444444444444444444444444444444441
111111111111111111111111111111111111111111111111111111111111111111111111111111111111111111111111111111