111111111111111111111111111111111111111111111111111111111111111111111111111111111111111111111111111111
111111111111111111111111111111111111111111111111111111111111111111111111111111111111111111111111111111
111111111111111111111111111111111111111111111111111111111111111111111111111110000001111111111111111111
111111111111111111111111111111111111111111111111111111111111111111111111111101011110000000000000000011
111111111111111111111111111111111111111111111111111111111011111111111111111011101111111111111111110011
111111111111111111111111111111111111111111111111111111000101111111111111110111110111111111111111101011
111111111111111111111111111111111111111111111111111110111110111110001111101111111011111111111111011011
111111111111111111111111111111111111111111111111111110111111000001110111011111111011111111111110111011
111111111111111111111111111111111111111111111111111110011111101111111010111111111101111111111001111011
111111111111111111111111111111111111111111111111111101101111101111111101111111111001111111100111111011
111111111111111111111111111111111111111111111111111011101111101111111010000000100111111110011111111011
111111111111111111111111111111111111111111000000000011101111101111110111111110001111111001111111111011
111111111111111111111111111111111111111000111101110111101111101110001111111101110000010111111111111011
111111111111111111111111111111111111110111111110110111101111100001110011111011111111101111111111111011
111111111111111111111111111111111111001111111110110111101111101111111100010111111111011111111111111011
111111111111111111111111111111110000111111111110110111101111101111111111100001111110111111111111111011
111111111111111111111111111111001111111111111110000000000000001111111111011110001101111111111111111011
111111111111111111111111111110100011111111111110110111101111100011111110111111110101111111111111111011
111111111111111111111111110001101100111111111110110111101111101100011101111111111011111111111111111011
111111111111111111111110000111101111000000000000000000001111101111100011111111110111111111111111111011
111111111111111111111001101000101111111111111111110111101111101111101111111111101111111111111111111011
111111111111111111110111101111001111111111111111110111101111101111011111111111011111111111111111111011
111111111111111111101111101111100000011111111111110111101111101111011111111110111111111111111111111011
111111111111111110011111101111101111100000000000000000000000000001011111111101111111111111111111110011
111111111111111101111111101111101111111111111111111111111111111110111111111011111111111111111100001111
111111111111111011111111101111011111111111111111111111111111111110001111110111111111111111111011111111
111111111111000111111111101111011111111111111111111111111111111110110000110111111111111111100111111111
111111111110111111111111101111011111111111111111111111111111111110111111001111111001111000011111111111
111111111001111111111111101111011111111111111111111111111111111110111110010111111010000111111111111111
111111111011111111111111100011011111111111111111111111111111111111011101111011111010101111111111111111
111111111011111111111111101100011111111111111111111111111111111111101011111101111010101111111111111111
111111111101111111111111101111011111111111111111111111111111111111110111111110011010101111111111111111
111111111101111111111111101111011111111111111111111111111111111111101111111111101010101111111111111111
111111111101111111111111101111011111111111111111111111111111111111011111111111110010101111111111111111
111111111101111111111111100000011111111111111111111111111111111110111111111111111000101111111111111111
111111111110111111111111101111011111111111111111111111111111111101011111111111111000000001111111111111
111111111111011111111111101111011111111111111111111111111111111011101111111111100111111010111111111111
111111111111011111111111101111011111111111111111111111111111111011110011110000011111111011011111111111
111111111111011100000000001111011111111111111111111111111111110111111101001111111111110111101111111111
111111111111000011111111101111011111111111111111111111111111110111111110111111111111110111110111111111
111111111111101111111111101111011011111111111111111111111111101001111000111111111111101111111011111111
111111111111101111111111101111011000000000000000000000011111011110100110111111111111011111111101111111
111111111111110111111111101111011011111111111111011111100000111111011110111111111111011111111110111111
111111111111110111111111101111011011111111111111011111101110001110111101111111111111011111111111011111
111111111111111011111111101111011011111111111111011111011101110101111101111111111111011111111111100111
111111111111111011111111011111000000000000000000001110111101111011111011111111111111011111111111111011
111111111111111011111111011111111111111111111111010000111000111011110111111111111111011111111111111011
111111111111111011111111011111111111111111111111011110111011010111110011111111111110111111111111111011
111111111111111011111111011111111111111111111110111101111011101111101101111111111110111111111111111011
111111111111111011111111011111111111111111111110111101111011101111011110000000111110111111111111111011
111111111110000000000000000000000000111111111110001011111011110111011111111101000000000011111111110111
111111111001111101111111011111110111001111111110110011111011110111011111111101111011111100111111101111
111111000111111101111111011111111011110011111110110111110111111011011111111101111011111111000011101111
111111011111111101111111011111111011111011111110110111110111111100111111111011111011111111111101101111
111111101111111101111111011111111011111011111110110111101111111110111111111000000011111111111110001111
111111101111111101111111011111111011111000000000010111101111111111011111111011110111111111111111111111
111111101111111101111111011111111011111111111111100111011111111111100000110111110111111111111111111111
111111101111111101111111011111111010001111111111111000011111111111011111000111110111111111111111111111
111111101111111101111111101000000001101111111111111110111111111110111111111011101111111111111111111111
111111110111111110000000000111111111101111111111111110111111111110111111111101101111111111111111111111
111111110111111111111111101111111111101111111111111110111111111101111111111101011111111111111111111111
111111110111111111111111101111111111101111111111111110111111111011111111111101011111111111111111111111
111111110111111111111111101111111111101111111111111101111100111011111111111110111111111111111111111111
111111110111111111111111101111111111101111111111110000111011000111000000000000111111111111111111111111
111111111011111111111111101111111111101111110000001011011011110110111111111110111111111111111111111111
111111111101111111111111101111111111101111001111111011101011110101111111111110111111111111111111111111
111111111110111111111111101111111111101000011111111011110011101101111111111110111111111111111111111111
111111111111011111111111101111111111100111011111111011110100000101111111111111011111111111111111111111
111111111111101111111111100000000000001111101111111011110111111000000000000000001111111111111111111111
111111111111110111111111101111111111101111110000000111110111110111111011111111011111111111111111111111
111111111111111011111111101111111111101111111111110111110111110111111011111110111111111111111111111111
111111111111111101111111101111111111101111111111110111110111101111110111111110111111111111111111111111
111111111111111101111111101111111111101111111111110111110111101111101111111101111111111111111111111111
111111111111111110111111101111111111101111111111110111110111101111101111111101111111111111111111111111
111111111111111110111111101111111111101111111111110000000000000111101111111101111111111111111111111111
111111111111111111011111101111111111101111111111110111111111111000001111111101111111111111111111111111
111111111111111111101111100000000000011111111111110111111111111111111111111101111111111111111111111111
111111111111111111110111101111111111111111111111110111111111111111111111111101111111111111111111111111
111111111111111111111011101111111111111111111111110111111111111111111111111011111111111111111111111111
111111111111111111111101101111111111111100000000000001111111111111111111110011111111111111111111111111
111111111111111111111101110111111111111101101110110110011111111111111111001011111111111111111111111111
111111111111111111111101110111111111111101101110110111100000000000000000111011111111111111111111111111
111111111111111111111101110000000000111101101110110111111111111111111111111011111111111111111111111111
111111111111111111111101101110111111011101101110110111111111111111111111111011111111111111111111111111
111111111111111111111100011110111100000000000000110111111111111111111111111011111111111111111111111111
111111111111111111111110111110000011111111111111100000000000000000000011111011111111111111111111111111
111111111111111111111111011111111100000000000000011111111111111111111100000011111111111111111111111111
111111111111111111111111011111000011111111111111111111111111111111111111111111111111111111111111111111
111111111111111111111111011100111111111111111111111111111111111111111111111111111111111111111111111111
111111111111111111111111100011111111111111111111111111111111111111111111111111111111111111111111111111
111111111111111111111111111111111111111111111111111111111111111111111111111111111111111111111111111111
144444444444444444444444444444444444444444444444444444444444444444444444444444444444444444444444444441
144444444444444444444444444444444444444444444444444444444444444444444444444444444444444444444444444441
144444444444444444444444444444444444444444444444444444444444444444444444444444444444444444444444444441
144444444444444444444444444444444444444444444444444444444444444444444444444444444444444444444444444441
144444444444444444444444444444444444444444444444444444444444444444444444444444444444444444444444444441
144444444444444444444444444444444444444444444444444444444444444444444444444444444444444444444444444441
144444444444444444444444444444444444444444444444444444444444444444444444444444444444444444444444444441
144444444444444444444444444444444444444444444444444444444444444444444444444444444444444444444444444441
144444444444444444444444444444444444444444444444444444444444444444444444444444444444444444444444444441
144444444444444444444444444444444444444444444444444444444444444444444444444444444444444444444444444441
111111111111111111111111111111111111111111111111111111111111111111111111111111111111111111111111111111