111111111111111111111111111111111111111111111111111111111111111111111111111111111111111111111111111111
111111111111111111111111111111111111111111111111111111111111111111111111111181111111111111111111111111
111111111111111111111111111111111111111111111111111111888888888888888888888811000000000000111111111111
111111111111111111111111111111111111111111111888888888111111111111111111111100101111111111000000000011
111111111111111111111111111111111111111111888111111111100011111111111111111011101111111111111111110011
111111111111111111111111111111111111111188111111111111011101111111111111110111110111111111111111101011
111111111111111111111111111111111111888811111111111110111110111110001111101111110111111111111111011011
111111111111111111111111111111118888111111111111111110111111000001110111011111110111111111111100111011
111111111111111111111111111888881111111111111111111110011111101111111010111111111011111111111011111011
111111111111111111111111118111111111111111111111111101101111101111111100111111111101111111110111111011
111111111111111111111111811111111111111111111111111011101111101111111011001111111011111111101111111011
111111111111111111111181111111111111111100000000000011101111101111110111110000000001111111011111111011
111111111111111111118111111111111111111011111101111011101111100000000011111110111110111100111111111011
111111111111111111181111111111111111110111111101110111101111101111111101111101111111000011111111111011
111111111111111111811111111111111110001111111101110111101111101111111110011011111111011111111111111011
111111111111111181111111111111110001111111111110110111101111101111111111000111111110111111111111111011
111111111111111811111111111111001111111111111110000000000000001111111110111000111101111111111111111011
111111111111118111111111111000100000111111111110110111101111100011111101111111001011111111111111111011
111111111111811111111111110111101111011111111110110111101111101100110011111111110011111111111111111011
111111111118111111111111100111101111100000000000000000001111101111001111111111110111111111111111111011
111111111181111111111000001001101111111111111111110111101111101111101111111111101111111111111111111011
111111111811111111110111101110001111111111111111110111101111101111011111111111011111111111111111111011
111111118111111111101111101111100000000000000111110111101111101111011111111110111111111111111111111011
111111118111111111011111101111101111111111111000000000000000001111011111111101111111111111111110000011
111111118111111000111111101111101111111111111111111111111111110000011111111011111111111111110001111111
111111118111110111111111101111101111111111111111111111111111111110100011110111111111111111101111111111
111111181110001111111111101111101111111111111111111111111111111110111100010111111111111110011111111111
111111181101111111111111101111011111111111111111111111111111111110111111101111111001111101111111111111
111111181011111111111111101111011111111111111111111111111111111110111111010011111010000011111111111111
111111811011111111111111100011011111111111111111111111111111111111011110111101111010101111111111111111
111111811011111111111111101100011111111111111111111111111111111111101001111110111010101111111111111111
111111811011111111111111101111011111111111111111111111111111111111110111111111011010101111111111111111
111111811011111111111111101111011111111111111111111111111111111111101111111111101010101111111111111111
111118111101111111111111101111011111111111111111111111111111111111011111111111110010101111111111111111
111118111101111111111111101111011111111111111111111111111111111110011111111111111010101111111111111111
111118111110111111111111100000011111111111111111111111111111111110101111111111111100000001111111111111
111181111110111111111111101111011111111111111111111111111111111101110111111111111011111100111111111111
111181111111011111111111101111011111111111111111111111111111111101111011100000000111111101011111111111
111181111111011111100000001111011111111111111111111111111111111011111101011111111111111011101111111111
111181111111000000011111101111011111111111111111111111111111110111111110111111111111110111110111111111
111181111111011111111111101111011000000000000001111111111111101011111000111111111111110111111011111111
111181111111011111111111101111011011111111111110000011111111011100100101111111111111110111111101111111
111181111111011111111111101111011011111111111111011100000000111111011101111111111111110111111110111111
111181111111011111111111101111011011111111111111011111101101001110111101111111111111110111111111011111
111181111111101111111111101111011011111111111111011111011101110101111101111111111111110111111111100111
111181111111101111111111101111000000000000000000000000111011111011111011111111111111110111111111111011
111181111111110111111111101111111111111111111111011110111011110111110111111111111111101111111111111011
111181111111110111111111101111111111111111111110111110111000101111110111111111111111011111111111111011
111181111111110111111111011111111111111111111110111101111011001111110000001111111111011111111111110111
111181111111111011111111011111111111111111111110111011111011110111110111110001111110111111111111110111
111181111110000000000000000000000001111111111110011011111011111011110111111100000000001111111111101111
111181111001111110111111011111111010011111111110100011111011111101110111111011111101110000011111101111
111181000111111110111111011111111011100011111110111011110111111101101111111011111011111111100111101111
111181101111111110111111011111111011111011111110111011110111111101011111111011111011111111111001101111
111181101111111110111111011111111011111011111110111011110111111110111111111000000011111111111110001111
111181101111111110111111011111111011111000000000001011101111111111011111110111110111111111111111111111
111181110111111110111111011111111011111111111111110001101111111111100000000111101111111111111111111111
111181111011111110111111011111111011001111111111111110011111111111011111110111101111111111111111111111
111181111011111110111111011111110000101111111111111110111111111110111111110111101111111111111111111111
111181111101111110000000000000001111101111111111111110111111111110111111110111011111111111111111111111
111181111101111111111111101111111111101111111111111110111111111101111111111011011111111111111111111111
111118111101111111111111101111111111101111111111111101111111111011111111111101011111111111111111111111
111118111101111111111111101111111111101111111111111011111100111011111111111110111111111111111111111111
111118111110111111111111101111111111101111111111100011111011000111000000000000111111111111111111111111
111111811111011111111111101111111111101111111000011000110111110110111111111111011111111111111111111111
111111811111101111111111101111111111101111000111111011000111101101111111111111101111111111111111111111
111111811111101111111111101111111111101000101111110111110111011101111111111111101111111111111111111111
111111181111101111111111101111111110000111110111110111110000001101111111111111101111111111111111111111
111111181111101111111111100000000001101111110111110111110111110000000000000000001111111111111111111111
111111181111110111111111101111111111101111110000000111110111111011111101111111101111111111111111111111
111111181111111011111111101111111111101111111111110111110111111011111011111111011111111111111111111111
111111181111111011111111101111111111101111111111110111110111110111111011111111011111111111111111111111
111111118111111101111111101111111111101111111111110111110111110111110111111110111111111111111111111111
111111118111111101111111101111111111101111111111110111110111101111101111111101111111111111111111111111
111111118111111101111111101111111111101111111111110000000000000001101111111101111111111111111111111111
111111118111111110111111101000000000001111111111110111111111111110001111111101111111111111111111111111
111111111811111110111111100111111111111111111111110111111111111111111111111101111111111111111111111111
111111111811111111011111101111111111111111111111110111111111111111111111111101111111111111111111111111
111111111181111111011111101111111111111111111111110111111111111111111111111011111111111111111111111111
111111111181111111011111110111111111111100000000000000111111111111111111100011111111111111111111111111
111111111118111111101111110111111111111101101110110111000001111000000000011011111111111111111111111111
111111111111811111110111110111111111111101101110110111111110000111111111111011111111111111111111111111
111111111111181111110111100000000000111101101110110111111111111111111111111011111111111111111111111111
111111111111118111111010011110111111011101101110110111111111111111111111111011111111111111111111111111
111111111111111811111101111110111100000000000000110111111111111111111111111011111111111111111111111111
111111111111111181111110111110000011111111111111000000111111111111111111111011111111111111111111111111
111111111111111118111111011111111111110000000000111111000000000000000000000011111111111111111111111111
111111111111111111811111101100000000001111111111111111111111111111111111111111111111111111111111111111
111111111111111111181111100011111111111111111111111111111111111111111111111111111111111111111111111111
111111111111111111118111101111111111111111111111111111111111111111111111111111111111111111111111111111
111111111111111111111811111111111111111111111111111111111111111111111111111111111111111111111111111111
144444444444444444444444444444444444444444444444444444444444444444444444444444444444444444444444444441
144444444444444444444444444444444444444444444444444444444444444444444444444444444444444444444444444441
144444444444444444444444444444444444444444444444444444444444444444444444444444444444444444444444444441
144444444444444444444444444444444444444444444444444444444444444444444444444444444444444444444444444441
144444444444444444444444444444444444444444444444444444444444444444444444444444444444444444444444444441
144444444444444444444444444444444444444444444444444444444444444444444444444444444444444444444444444441
144444444444444444444444444444444444444444444444444444444444444444444444444444444444444444444444444441
144444444444444444444444444444444444444444444444444444444444444444444444444444444444444444444444444441
144444444444444444444444444444444444444444444444444444444444444444444444444444444444444444444444444441
144444444444444444444444444444444444444444444444444444444444444444444444444444444444444444444444444441
111111111111111111111111111111111111111111111111111111111111111111111111111111111111111111111111111111