1111111111111111111111111111111111111111111111111111111111111111111111111111111111111111111111111111111111111111111111111111111111111111111111111111111111111111111111111111111111111111111111111111111111
1111111111111111111111111111111111111111111111111111111111111111111111111111111111111111111111111111111111111111111111111111111111111111111111111111111111111111111111111111111111111111111111111111111111
1111111111111111111111111111111111111111111111111111111111111111111111111111111111111111111111111111111111111111111111111111111111111111111111111111111111111111111111111111111111111111111111111111111111
1111111111111111111111111111111111111111111111111111111111111111111111111111111111111111111188888888888888888888881111111111111111111111111111111111111111111111111111111111111111111111111111111111111111
1111111111111111111111111111111111111111111111111111111111111111111111111111111111111888888811111111111111111111118111111111111111111111111111111111111111111111111111111111111111111111111111111111111111
1111111111111111111111111111111111111111111111111111111111111111111111111111118888888111111111111111111100000001111888111111111111111111111111111111111111111111111111111111111111111111111111111111111111
1111111111111111111111111111111111111111111111111111111111111111111111888888881111111111111000000000000011101110011111811111111111111111111111111111111111111111111111111111111111111111111111111111111111
1111111111111111111111111111111111111111111111111111111111111188888888111100000000000000000111111111111111101111100001188811111111111111111111111111111111111111111111111111111111111111111111111111111111
1111111111111111111111111111111111111111111111111111111888888811111111100011111101111111111111111111111111101111111010111188111111111111111111111111111111111111111111111111111111111111111111111111111111
1111111111111111111111111111111111111111111111118888888111111111111111010111111110111111111111111111111111101111111011000111881111111111111111111111111111111111111111111111111111111111111111111111111111
1111111111111111111111111111111111188888888888881111111111111000000000101111111110111111111111111111111111101111111011101011118811111111111111111111111111111111111111111111111111111111111111111111111111
1111111111111111111111111111188888811111111111111111111111110111111111011111111111011111111111111111111111011111110111101100111188111111111111111111111111111111111111111111111111111111111111111111111111
1111111111111111111111118888811111111111111111111111111111101111111111011111111111101111111111111111111111011111110111011111011111881111111111111111111111111111111111111111111111111111111111111111111111
1111111111111111111118881111111111111111111111111111100000011111111110111111111111101111111111111111111111011111110110111111101111118881111111111111111111111111111111111111111111111111111111111111111111
1111111111111111111188111111111111111111111111111100011110111111111101111111111111010111111111111111111000111111110110111111110011111118811111111111111111111111111111111111111111111111111111111111111111
1111111111111111118811111111111111111111111000000011111101111111111011111111111110111011111111111111110110111111101110111111111101111111188111111111111111111111111111111111111111111111111111111111111111
1111111111111111881111111111111111111111100111111111000010111111110111111111111001111101111111111111101101111111011110111111111100111111111881111111111111111111111111111111111111111111111111111111111111
1111111111111888111111111111111111000000011111111110111111011111101111111111110111111110111111111100011101111111011101111111111101011111111118881111111111111111111111111111111111111111111111111111111111
1111111111111811111111111111111100111111111111111001111111101111011111111111101111111110111111111011111101111111011101111111111101100011111111118811111111111111111111111111111111111111111111111111111111
1111111111881111111111111111111010111111111111110111111111110110101111111110011111111111011111100111111101111111011101111111111101111101111111111188811111111111111111111111111111111111111111111111111111
1111111188111111111111111111110111011111111111001111111111111001110111111001111111111111101111011111111011111110111101111111111101111110111111111111188111111111111111111111111111111111111111111111111111
1111118811111111111111111110001111101111111110111111111111110101111011110111111111111111110110111111111011111110111101111111111011111111001111111111111811111111111111111111111111111111111111111111111111
1111181111111111111111110001111111101111111001111111111111101101111101101111111111111111100001111111111011111110111101111111111011111111110111111111111181111111111111111111111111111111111111111111111111
1118111111111111111111101111111111110111110111111111111110011110111110011111111111111111011011111111111000111110111011111111111011111111111001111111111111811111111111111111111111111111111111111111111111
1181111111111111111100010111111111111011101111111111111101111111011101011111111111111110111011111111110111011110111011111111111011111111111110111111111111181111111111111111111111111111111111111111111111
1111111111111111110011111011111111111010011111111111111011111111100011101111111111111101111101111000000111100000000001111111111011111111111111000011111111118111111111111111111111111111111111111111111111
1111111111111111101111111011111111111101111111111111110111111111011111110111111111111011111110110111110111111110111010111111111011111111111111111101111111111811111111111111111111111111111111111111111111
1111111111111111011111111011111111111010111111111111101111111100111111110111111111110111111110101111101111111110111011000000000011111111111111111110011111111181111111111111111111111111111111111111111111
1111111111111110011111111101111111100110111111111111011111100011111111111011111111101111111110011111011111111101111011101111111011111111111111111111100111111111811111111111111111111111111111111111111111
1111111111111101011111111101111111010110111111111000111111011111111111111101111111110111111001101111011111111011110111101111111011111111111111111111011011111111181111111111111111111111111111111111111111
1111111111111011011111111101111100111011011111110101111110111111111111111110111111111011110111110110111111111011101111101111111011111111111111111110111100111111118111111111111111111111111111111111111111
1111111111110111011111111110111011111101101111101110111101111111111111111111011111111011101111110110111111110111011111101111111011111111111111110001111111011111111811111111111111111111111111111111111111
1111111111101111011111111111010111111110101100011111011011111111111111111111101111111101011111111010111111110111011111101111111011111111111111101111111111101111111181111111111111111111111111111111111111
1111111111101111011111111111101111111110110011111111010111111111111111111111110111111100000001111001111111101110111111101111111011111111111111011111111111110111111111811111111111111111111111111111111111
1111111111011111011111111111101111111110101111111111001111111111111111111111111011111011111110000000000000000000000000000000011011111111111000111111111111111011111111181111111111111111111111111111111111
1111111110111100011111111111110111111111011111111110111111111111111111111111111011100111111111111111111111101111111111011111100011111111110111111111111111111101111111118111111111111111111111111111111111
1111111110111011100000111111110111111100111111111101111111111111111111111111111011011111111111111111111111101111111111011111111011111111001111111111111111111110111111111811111111111111111111111111111111
1111111110110111111111011111110111111011111111111011111111111111111111111111111000111111111111111111111111101111111111011111111011111110111111111111111111111111011111111181111111111111111111111111111111
1111111111001111111100101111111011000111111111110111111111111111111111111111111101111111111111111111111111101111111111011111111011111101111111111111111111111111100111111111811111111111111111111111111111
1111111110101111110011110111111100111111111111101111111111111111111111111111111110111111111111111111111111101111111111011111111011111011111111111111111111111111111001111111181111111111111111111111111111
1111111101110111101111111001111101111111111111011111111111111111111111111111111110111111111111111111111111101111111111011111111011100111111111111111111111111111111110111111118111111111111111111111111111
1111111011110111011111111110001010111111111110111111111111111111111111111111111110111111111111111111111111011111111111011111111011011111111111111111111111111111111111001111118111111111111111111111111111
1111100111110100111111111111110111011111111101111111111111111111111111111111111110111111111111111111111111011111111111011111111010111111111111111111111111111111111111110111111811111111111111111111111111
1111011111111011111111111111101111101111111011111111111111111111111111111111111111011111111111111111111111000000001111011111111001111111111111111111111111111111111111111011111181111111111111111111111111
1110111111000101111111111110011111101110000111111111111111111111111111111111111111101111111111111111111110011111110111011111110011111111111111111111111111111111111111111100111118111111111111111111111111
1101111110111110111111111101111111101101111111111111111111111111111111111111111111101111111111111111111101011111111000011111110111111111111111111111111111111111111111111110011111811111111111111111111111
1101111101111111011111111011111111110011111111111111111111111111111111111111111111101111111111111111111011011111111111011111100111111111111111111111111111111111111111111101111111811111111111111111111111
1110000011111110101111100111111111110111111111111111111111111111111111111111111111101111111111111111110111011111111111011111010111111111111111111111111111111111111111110011111111181111111111111111111111
1110111111110001110110011111111111101011111111111111111111111111111111111111111111101111111111111111101111011111111111011100110111111111111111111111111111111111111111101111111111118111111111111111111111
1111011111001111111001111111111110011011111111111111111111111111111111111111111111101111111111111111011111011111111111010011110111111111111111111111111111111111111111011111111111111811111111111111111111
1111011110111111110101111111111001111011111111111111111111111111111111111111111111101111111111111100111111011111111111001111110111111111111111111111111111111111111100111111111111111811111111111111111111
1111011101111111101110111111110111111011111111111111111111111111111111111111111111101111111111111011111111011111111111011111110111111111111111111111111111111110000011111111111111111118111111111111111111
1111010011111110011110111111101111111101111111111111111111111111111111111111111111110111111111110111111111011111111100111111110111111111111111111111111111110001111111111111111111111118111111111111111111
1111001111100001111111011110011111111110111111111111111111111111111111111111111111110111111111101111111111101111111011111111110111111111111111111111000000001111111111111111111111111111181111111111111111
1111100111011111111111011101111111111110111111111111111111111111111111111111111111110111111110011111111111101111110111111111111011111111111111111100111111111111111111111111111111111111181111111111111111
1111111010111111111111100011111111111111011111111111111111111111111111111111111111110111111101111111111111101111101111111111111011111111110000000011111111111111111111111111111111111111118111111111111111
1111111101111111111111101111111111111111011111111111111111111111111111111111111111110111111011111111111111101111011111111111111011000000000111111111111111111111111111111111111111111111111811111111111111
1111111101111111111111001111111111111111011111111111111111111111111111111111111111110111110111111111111111101100111111110000000000111111110111111111111111111111111111111111111111111111111811111111111111
1111111101111111111100110111111111111111011111111111111111111111111111111111111111111011101111111111111111110000000000001111111011111111110111111111111111111111111111111111111111111111111811111111111111
1111111110111111100011111011111111111111011111111111111111111111111111111111111111111011011111111111100000001111111111011111111011111111110111111111111111111111111111111111111111111111111181111111111111
1111111110111111011111111011111111111111101111111111111111111111111111111111111111111100111111110000011111111111111111101111111011111111110111111111111111111111111111111111111111111111111181111111111111
1111111111011110111111111101111111111111101111111111111111111111111111111111111111111000000000001111111111111111111111101111111011111111110111111111111111111111111111111111111111111111111118111111111111
1111111111010001111111111101111111111111110111111111111111111111111111111110000000000101111111111111111111111111111111101111111011111111110111111111111111111111111111111111111111111111111111811111111111
1111111111001111111111111110111111111111110111111111111111111111111110000001111111111101111111111111111111111111111111101111111011111111110111111111111111111111111111111111111111111111111111181111111111
1111111111011111111111111110111111111111111011111110000000000000000001111111111111111101111111111111111111111111111111101111111011111111110111111111111111111111111111111111111111111111111111181111111111
1111111111011111111111111111011111111111111101000001110111111111011111111111111111111101111111111111111111111111111111101111111011111111110111111111111111111111111111111111111111111111111111118111111111
1111111111011111111111111111101111111100000000111011110111111111011111111111111111111101111111111111111111111111111111101111111011111111110111111111111111111111111111111111111111111111111111118111111111
1111111111011111111111111111101111110000111110111011110111111111101111111111111111111101111111111111111111111111111111101111111101111111110111111111111111111111111111111111111111111111111111111811111111
1111111111011111111111111111110111001011111110111011110111111111101111111111111111111101111111111111111111111111111111101111111101111111110111111111111111111111111111111111111111111111111111111811111111
1111111111011111110000000000000000110111111110111011110111111111101111111111111111111101111111111111111111111111111111101111111101111111110111111111111111111111111111111111111111111111111111111181111111
1111111111011111101111111111111111101111111101111011111011111111101111111111111111111101111111111111111111111111111111101111111101111111110111111111111111111111111111111111111111111111111111111181111111
1111111111011111011111111111111111011111111101111011111011111111101111111111111111111110111111111111111111111111111111101111111101111111110111111111111111111111111111111111111111111111111111111118111111
1111111111011110111111111111111110111111111101111011111101111111101111111111111111111110111111111111111111111111111111101111111101111111111011111111111111111111111111111111111111111111111111111118111111
1111111111011101111111111111111101111111111100111011111101111111101111111111111111111110111111111111111111111111111111101111111101111111111011111111111111111111111111111111111111111111111111111111811111
1111111111100011111111111111111011111111111101000000000001111111101111111111111111111110111111111111111111111111111111101111111101111111111011111111111111111111111111111111111111111111111111111111811111
1111111111101111111111111111110111111111111011111011111101111111101111111111111111111110111111111111111111111111111111101111111101111111111011111111111111111111111111111111111111111111111111111111811111
1111111111101111111111111111101111111111110111110111111101111111101111111111111111111110111111111111111111111111111111101111111110111111111011111111111111111111111111111111111111111111111111111111811111
1111111111101111111111111111011111111111110111110111111101111111101111111111111111111110111111111111111111111111111111110111111110111111111011111111111111111111111111111111111111111111111111111111811111
1111111111101111111111111110111111111111110111110111111101111111110111111111111111111110111111111111111111111111111111110111111111011111111011111111111111111111111111111111111111111111111111111111811111
1111111111101111111111111101111111111111110111110111111101111111110111111111111111111110111111111111111111111111111111111011111111011111111011111111111111111111111111111111111111111111111111111111811111
1111111111101111111111111011111111111111110111110111111101111111110111111111111111111110111111111111111111111111111111000111111111011111111011111111111111111111111111111111111111111111111111111111811111
1111111111101111111111110111111111111111110111101111111101111111110111111111111111111110111111111111111111111111111100111111111111011111111011111111111111111111111111111111111111111111111111111111811111
1111111111101111111111101111111111111111110111101111111101111111110111111111111111111110111111111111111111111111100011111111111111011111111011111111111111111111111111111111111111111111111111111111811111
1111111111101111111111011111111111111111110111101111111101111111110111111111111111111110111111111111111111111111101111111111111111011111111011111111111111111111111111111111111111111111111111111111811111
1111111111101111111110111111111111111111101111101100000001111111110111111111111111111111011111111111111111111111011111111111110000000000000001111111111111111111111111111111111111111111111111111111811111
1111111111101111111101111111111111111111000000000011111101111111111011111111111111111111011111111111111111111110111111111110001111111111111101111111111111111111111111111111111111111111111111111111811111
1111111111101111111011111111111111111111111111011111111101111111111011111111111111111111011111111111111111111101111110000001111111111111111101111111111111111111111111111111111111111111111111111111811111
1111111111101111110111111111111111111111111111011111111101111111111011111111111111111111101111111111111111111101111101111111111111111111111101111111111111111111111111111111111111111111111111111111811111
1111111111101111101111111111111111111111111111011111111110111111111011111111111111111111101111111111111111111011110011111111111111111111111011111111111111111111111111111111111111111111111111111118111111
1111111111101111011111111111111111111111111111011111111110111111111011111111111111111111101111111111111111111011101111111111111111111111111011111111111111111111111111111111111111111111111111111118111111
1111111111101110111111111111111111111111111111011111111110111111111011111111111111111111101100000000000000000000011111111111111111111111111011111111111111111111111111111111111111111111111111111118111111
1111111111101001111111111111111111111111111111011111111110111111111011111111111111110000000011111111111111110111111111111111111111111111111011111111111111111111111111111111111111111111111111111181111111
1111111111100111111111111111111111111111111111011111111110111111111000000000000000001111101111111111111111110111111111111111111111111111111011111111111111111111111111111111111111111111111111111181111111
1111111111100000000000111111111111111111111111011111111110111111111101111111111111111111101111111111111111110111111111111111111111111111111011111111111111111111111111111111111111111111111111111811111111
1111111111101111111111000000000000000000000000001111111110111111111101111111111111111111110111111111111111110111111111111111111111111111111011111111111111111111111111111111111111111111111111111811111111
1111111111101111111111111111111111111111111111101111111111011111111101111111111111111111110111111111111111110111111111111111111111111111111011111111111111111111111111111411111111111111111111118111111111
1111111111110111111111111111111111111111111111101111111111011111111110111111111111111111110111111111111111110111111111111111111111111111111011111111111111111111111111114444411111111111111111181111111111
1111111111110111111111111111111111111111111111110111111111011111111110111111111111111111110111111111111111110111111111111111111111111111111011111111111111111111111111144444444441111111111111181111111111
1111111111110111111111111111111111111111111111110111111111011111111110111111111111111111110111111111111111110111111111111111111111111111111011111111111111111111111111144444444444444111111111811111111111
1111111111110111111111111111111111111111111111110111111111011111111110111111111111111111110111111111111111110111111111111111111111111111111011111111111111111111111111144444444444444444411118111111111111
1111111111110111111111111111111111111111111111110111111111011111111110111111111111111111110111111111111111110111111111111111111111111111111011111111111111111111111111144444444444444444411118111111111111
1111111111111011111111111111111111111111111111110111111111011111111110111111111111111111110111111111111111111011111111111111111111111111100011111111111111111111111111444444444444444444111181111111111111
1111111111111011111111111111111111111111111111110111111111011111111110111111111111111111110111111111111111111101111111000000000000000000010111111111111111111111111111444444444444444444111181111111111111
1111111111111011111111111111111111111111111111111011111100011111111110111111111111111111110111111111111111111101100000111111111111111111101111111111111111111111111111444444444444444444111811111111111111
1111111111111011111111111111111111111111111111111011100011011111111110111111111111111111110111111100000000000000011111111111111111111111011111111111111111111111111114444444444444444441111811111111111111
1111111111111011111111111111111111111111111111111000011111011111111110111111111111111111111010000011111111111111111111111111111111111110111111111111111111111111111114444444444444444441118111111111111111
1111111111111011111111111111111111111111111111111111111111011111111110111111111111111111111001111111111111111111111111111111111111111101111111111111111111111111111114444444444444444441181111111111111111
1111111111111101111111111111111111111111111111111111111111101111111110111111111111111111111011111111111111111111111111111111111111111011111111111111111111111111111144444444444444444411181111111111111111
1111111111111110111111111111111111111111111111111111111111101111111110111111111111111111111011111111111111111111111111111111111111110111111111111111111111111111111144444444444444444411811111111111111111
1111111111111111011111111111111111111111111111111111111111110111111110111111111111111111111011111111111111111111111111111111111111101111111111111111111111111111111144444444444444444411811111111111111111
1111111111111111011111111111111111111111111111111111111111110111111110111111111111111111111011111111111111111111111111111111111111011111111111111111111111111111111444444444444444444118111111111111111111
1111111111111111101111111111111111111111111111111111111111110111111110111111111111111111111011111111111111111111111111111111111111011111111111111111111111111111111444444444444444444118111111111111111111
1111111111111111101111111111111111111111111111111111111111110111111110111111111111111111111011111111111111111111111111111111111110111111111111111111111111111111111444444444444444444444444444444411111111
1111111111111111101111111111111111111111111111111111111111110111111110111111111111111111111011111111111111111111111111111111111101111111111111111111111111111111114444444444444444444444444444444111111111
1111111111111111101111111111111111111111111111111111111111110111111110111111111111111111111011111111111111111111111111111111111011111111111111111111111111111111114444444444444444444444444444444111111111
1111111111111111101111111111111111111111111111111111111111110111111110111111111111111111111011111111111111111111111111111111110111111111111111111111111111111111114444444444444444444444444444441111111111
1111111111111111110111111111111111111111111111111111111111110111111110111111111111111111111101111111111111111111111111111111101111111111111111111111111111111111144444444444444444444444444444441111111111
1111111111111111111011111111111111111111111111111111111111110111111110111111111111111111111101111111111111111111111111111111011111111111111111111111111111111111144444444444444444444444444444441111111111
1111111111111111111101111111111111111111111111111111111111110111111110111111111111111111111101111111111111111111111111111111011111111111111111111111111111111111144444444444444444444444444444411111111111
1111111111111111111110111111111111111111111111111111111111110111111110111111111111111111111101111111111111111111111111111110111111111111111111111111111111111111444444444444444444444444444444411111111111
1111111111111111111111011111111111111111111111111111111111110111111110111111111111111111111101111111111111111111111111111101111111111111111111111111111111111111444444444444444444444444444444111111111111
1111111111111111111111101111111111111111111111111111111111110111111111011111111111111111111101111111111111111111111111111011111111111111111111111111111111111111444444444444444444444444444444111111111111
1111111111111111111111101111111111111111111111111111111111110111111111011111111111111100000001111111111111111111111111110111111111111111111111111111111111111114444444444444444444444444444441111111111111
1111111111111111111111101111111111111111111111111111111111110000000000000000000000000011111101111111111111111111111111101111111111111111111111111111111111111114444444444444444444444444444441111111111111
1111111111111111111111101111111111111111111111111111111111110111111111111111111111111111111101111111111111111111111111011111111111111111111111111111111111111114444444444444444444444444444441111111111111
1111111111111111111111110111111111111111111111111111111111111011111111111111111111111111111110111111111111111111111110111111111111111111111111111111111111111144444444444444444444444444444411111111111111
1111111111111111111111110111111111111111111111111111111111111011111111111111111111111111111110111111111111111111111101111111111111111111111111111111111111111144444444444444444444444444444411111111111111
1111111111111111111111110111111111111111111111111111111111111011111111111111111111111111111110111111111111111111111011111111111111111111111111111111111111111144444444444444444444444444444111111111111111
1111111111111111111111111011111111111111111111111111111111111011111111111111111111111111111110111111111111111111110111111111111111111111111111111111111111111444444444444444444444444444444111111111111111
1111111111111111111111111011111111111111111111111111111111111011111111111111111111111111111110111111111111111111101111111111111111111111111111111111111111111444444444444444444444444444444111111111111111
1111111111111111111111111011111111111111111111111111111111111011111111111111111111111111111110111111111111111111011111111111111111111111111111111111111111111444444444444444444444444444441111111111111111
1111111111111111111111111101111111111111111111111111111111111101111111111111111111111111111110111111111111111110111111111111111111111111111111111111111111114444444444444444444444444444441111111111111111
1111111111111111111111111101111111111111111111111111111111111101111111111111111111111111111110111111111111111101111111111111111111111111111111111111111111114444444444444444444444444444411111111111111111
1111111111111111111111111101111111111111111111111111111111111101111111111111111111111111111111011111111111111011111111111111111111111111111111111111111111114444444444444444444444444444411111111111111111
1111111111111111111111111101111111111111111111111111111111111101111111111111111111111111111111011111111111110100111111111111111111111111111111111111111111144444444444444444444444444444111111111111111111
1111111111111111111111111110111111111111111111111111111111111101111111111111111111111111111111011111111111101111001111111111111111111111111111111111111111144444444444444444444444444444111111111111111111
1111111111111111111111111111011111111111111111111111111111111101111111111111111111111111111111011111111111011111110011111111111111111111111111111111111111144444444444444444444444444444111111111111111111
1111111111111111111111111111011111111111111111111111111111111101111111111111111111111111111111011111111110111111111101111111111111111111111111111111111111444444444444444444444444444441111111111111111111
1111111111111111111111111111011111111111111111111111111111111101111111111111111111111111111111101111111110111111111101111111111111111111111111111111111111444444444444444444444444444441111111111111111111
1111111111111111111111111111011111111111111111111111111111111101111111111111111111111111111111101111111101111111111011111111111111111111111111111111111111444444444444444444444444444411111111111111111111
1111111111111111111111111111101111111111111111111111111111111101111111111111111111111111111111110111111011111111110111111111111111111111111111111111111114444444444444444444444444444411111111111111111111
1111111111111111111111111111110111111111111111111111111111111101111111111111111111111111111111111011111011111111110111111111111111111111111111111111111114444444444444444444444444444411111111111111111111
1111111111111111111111111111111011111111111111111111111111111101111111111111111111111111111111111011110111111111110111111111111111111111111111111111111114444444444444444444444444444111111111111111111111
1111111111111111111111111111111011111111111111111111111111111101111111111111111111111111111111111011101111111111101111111111111111111111111111111111111144444444444444444444444444444111111111111111111111
1111111111111111111111111111111011111111111111111111111111111101111111111111111111111111111111111011011111111111101111111111111111111111111111111111111144444444444444444444444444441111111111111111111111
1111111111111111111111111111111011111111111111111111111111111101111111111111111111111111111111111010111111111111011111111111111111111111111111111111111144444444444444444444444444441111111111111111111111
1111111111111111111111111111111101111111111111111111111111111000000000000000000000000111111111111001111111111111011111111111111111111111111111111111111444444444444444444444444444411111111111111111111111
1111111111111111111111111111111110111111111111111111000000000111111111111111111111111000000000000011111111111111011111111111111111111111111111111111111444444444444444444444444444411111111111111111111111
1111111111111111111111111111111110111111111111111100111111111111111111111111111111111111111111110101111111111110111111111111111111111111111111111111111444444444444444444444444444411111111111111111111111
1111111111111111111111111111111110111111111111000011111111111111111111111111111111111111111111101110000011111110111111111111111111111111111111111111114444444444444444444444444444111111111111111111111111
1111000000000000000001111111111110111111100000111111111111111111111111111111111111111111111111011111111100000110111111111111111111111111111111111111114444444444444444444444444444111111111111111111111111
1111011111111111111110000111111110111100011111111111111111111111111111111111111111111111111110111111111111111001111111111111111111111111111111111111114444444444444444444444444441111111111111111111111111
1111011111111111111111111000011110111011111111111111111111111111111111111111111111111111111101111111111111111101111111111111111111111111111111111111144444444444444444444444444441111111111111111111111111
1111011111111111111111111111100000000000001111111111111111111111111111111111111111111111111011111111111111111111111111111111111111111111111111111111144444444444444444444444444441111111111111111111111111
1111011111111111111111111111111111011111110001111111111111111111111111111111111111111111110111111111111111111111111111111111111111111111111111111111144444444444444444444444444411111111111111111111111111
1110111111111111111111111111111110111111111110111111111111111111111111111111111111111111101111111111111111111111111111111111111111111111111111111111144444444444444444444444444411111111111111111111111111
1110111111111111111111111111111101111111111111000000000000111111111111111111111111111111011111111111111111111111111111111111111111111111111111111111144444444444444444444444444411111111111111111111111111
1110111111111111111111111111111101111111111111111101111111000000000000000000001111111110111111111111111111111111111111111111111111111111111111111111144444444444444444444444444411111111111111111111111111
1110111111111111111111111111111101111111111111111101111111111111111101111111110000000000111111111111111111111111111111111111111111111111111111111111144444444444444444444444444411111111111111111111111111
1110111111111111111111111111111101111111111111111101111111111111111101111111111111111101000111111111111111111111111111111111111111111111111111111111144444444444444444444444444411111111111111111111111111
1110111111111111111111111111111101111111111111111101111111111111111101111111111111111101111000000000001111111111111111111111111111111111111111111111444444444444444444444444444411111111111111111111111111
1110111111111111111111111111111101111111111111111101111111111111111101111111111111111101111111111111010000000111111111111111111111111111111111111111444444444444444444444444444411111111111111111111111111
1110111111111111111111111111111101111111111111111101111111111111111101111111111111111011111111111111011111111000011111111111111111111111111111111111444444444444444444444444444411111111111111111111111111
1110111111111111111111111111111101111111111111111101111111111111111101111111111111111011111111111111011111111111100001111111111111111111111111111111444444444444444444444444444411111111111111111111111111
1110111111111111111111111111111101111111111111111101111111111111111011111111111111111011111111111111011111111111111101111111111111111111111111111111444444444444444444444444444411111111111111111111111111
1110111111111111111111111111111101111111111111111101111111111111111011111111111111111011111111111111011111111111111101111111111111111111111111111111444444444444444444444444444441111111111111111111111111
1101111111111111111111111111111011111111111111111101111111111111111011111111111111111011111111111111011111111111111101111111111111111111111111111114444444444444444444444444444444441111111111111111111111
1100000001111111111111111111111011111111111111111101111111111111111011111111111111111011111111111111011111111111111101111111111111111111111111111114444444444444444444444444444444444441111111111111111111
1111111110000000000000011111111011111111111111111101111111111111111011111111111111111011111111111111011111111111111101111111111111111111111111111114444444444444444444444444444444444444441111111111111111
1111111111111111111111100011111011111111111111111101111111111111111011111111111111111011111111111111011111111111111101111111111111111111111111111114444444444444444444444444444444444444444441111111111111
1111111111111111111111111100000000001111111111111101111111111111111011111111111111111011111111111111011111111111111101111111111111111111111111111114444444444444444444444444444444444444444444441111111111
1111111111111111111111111111111111110000001111111101111111111111111011111111111111111011111111111111011111111111111101111111111111111111111111111114444444444444444444444444444444444444444444444441111111
1111111111111111111111111111111111111111110000111101111111111111111011111111111111111011111111111111011111111111111101111111111111111111111111111144444444444444444444444444444444444444444444444444441111
1111111111111111111111111111111111111111111111000011111111111111111011111111111111111011111111111111011111111111111101111111111111111111111111111144444444444444444444444444444444444444444444444444444441
1111111111111111111111111111111111111111111111111000000011111111111011111111111111110111111111111111011111111111111101111111111111111111111111111144444444444444444444444444444444444444444444444444444441
1111111111111111111111111111111111111111111111111111111100000000000001111111111111110111111111111111011111111111111011111111111111111111111111111144444444444444444444444444444444444444444444444444444441
1111111111111111111111111111111111111111111111111111111111111111111110011111111111101111111111111110111111111111110111111111111111111111111111111144444444444444444444444444444444444444444444444444444441
1111111111111111111111111111111111111111111111111111111111111111111111100000000000000000000001111110111111111111110111111111111111111111111111111444444444444444444444444444444444444444444444444444444441
1111111111111111111111111111111111111111111111111111111111111111111111111111111111111111111110000000111111111111110111111111111111111111111111111444444444444444444444444444444444444444444444444444444441
1441111111111111111111111111111111111111111111111111111111111111111111111111111111111111111111111110000011111111110111111111111111111111111111111444444444444444444444444444444444444444444444444444444441
1444111111111111111111111111111111111111111111111111111111111111111111111111111111111111111111111111111101111111110111111111111111111111111111111444444444444444444444444444444444444444444444444444444441
1444444111111111111111111111111111111111111111111111111111111111111111111111111111111111111111111111111110000000000111111111111111111111111111111444444444444444444444444444444444444444444444444444444441
1444444444111111111111111111111111111111111111111111111111111111111111111111111111111111111111111111111111111111111111111111111111111111111111111444444444444444444444444444444444444444444444444444444441
1444444444444111111111111111111111111111111111111111111111111111111111111111111111111111111111111111111111111111111111111111111111111111111111114444444444444444444444444444444444444444444444444444444441
1444444444444444111111111111111111111111111111111111111111111111111111111111111111111111111111111111111111111111111111111111111111111111111111114444444444444444444444444444444444444444444444444444444441
1444444444444444444111111111111111111111111111111111111111111111111111111111111111111111111111111111111111111111111111111111111111111111111111114444444444444444444444444444444444444444444444444444444441
1444444444444444444444444444444444411111111111111111111111111111111111111111111111111111111111111111111111111111111111111111111111111111111111114444444444444444444444444444444444444444444444444444444441
1444444444444444444444444444444444444111111111111111111111111111111111111111111111111111111111111111111111111111111111111111111111111111111111114444444444444444444444444444444444444444444444444444444441
1444444444444444444444444444444444444441111111111111111111111111111111111111111111111111111111111111111111111111111111111111111111111111111111114444444444444444444444444444444444444444444444444444444441
1444444444444444444444444444444444444444411111111111111111111111111111111111111111111111111111111111111111111111111111111111111111111111111111144444444444444444444444444444444444444444444444444444444441
1444444444444444444444444444444444444444444111111111111111111111111111111111111111111111111111111111111111111111111111111111111111111111111111144444444444444444444444444444444444444444444444444444444441
1444444444444444444444444444444444444444444411111111111111111111111111111111111111111111111111111111111111111111111111111111111111111111111111144444444444444444444444444444444444444444444444444444444441
1444444444444444444444444444444444444444444441111111111111111111111111111111111111111111111111111111111111111111111111111111111111111111111111144444444444444444444444444444444444444444444444444444444441
1444444444444444444444444444444444444444444444111111111111111111111111111111111111111111111111111111111111111111111111111111111111111111111111144444444444444444444444444444444444444444444444444444444441
1444444444444444444444444444444444444444444444411111111111111111111111111111111111111111111111111111111111111111111111111111111111111111111111144444444444444444444444444444444444444444444444444444444441
1444444444444444444444444444444444444444444444441111111111111111111111111111111111111111111111111111111111111111111111111111111111111111111111444444444444444444444444444444444444444444444444444444444441
1444444444444444444444444444444444444444444444444444444444111111111111111111111111111111111111111111111111111111111111111111111111111111111111444444444444444444444444444444444444444444444444444444444441
1444444444444444444444444444444444444444444444444444444444444444444411111111111111111111111111111111111111111111111111111111111111111111111111444444444444444444444444444444444444444444444444444444444441
1444444444444444444444444444444444444444444444444444444444444444444444444444411111111111111111111111111111111111111111111111111111111111111111444444444444444444444444444444444444444444444444444444444441
1444444444444444444444444444444444444444444444444444444444444444444444444444444444444411111111111111111111111111111111111111111111111111111111444444444444444444444444444444444444444444444444444444444441
1444444444444444444444444444444444444444444444444444444444444444444444444444444444444444444441111111111111111111111111111111111111111111111111444444444444444444444444444444444444444444444444444444444441
1111111111111111111111111111111111111111111111111111111111111111111111111111111111111111111111111111111111111111111111111111111111111111111111111111111111111111111111111111111111111111111111111111111111