111111111111111111111111111111111111111111111111111111111111111111111111111111111111111111111111111111
111111111111111111111111111111111111111111111111111111111111111111111111111181111111111111111111111111
111111111111111111111111111111111111111111111111111111888888888888888888888811000000000011111111111111
111111111111111111111111111111111111111111111888888888111111111111111111111110101111111100000000000011
111111111111111111111111111111111111111111888111111111100011111111111111111101101111111111111111100011
111111111111111111111111111111111111111188111111111111011101111111111111111011110111111111111111011011
111111111111111111111111111111111111888811111111111110111110100000001111110111111011111111111110111011
111111111111111111111111111111118888111111111111111100111111011111110111001111111101111111111101111011
111111111111111111111111111888881111111111111111111101011111011111111010111111111101111111111011111011
111111111111111111111111118111111111111111111111111011101111011111111100000001110001111111110111111011
111111111111111111111111811111111111111111111111100011101111101111111011111110101111111111101111111011
111111111111111111111181111111111111111111100000011011101111101111110111111110011111111111011111111011
111111111111111111118111111111111111110000011101110111101111101111101111111101101111111100111111111011
111111111111111111181111111111111111001111111101110111101111100000010111111011110000000011111111111011
111111111111111111811111111111111110111111111101110111101111101111111011110111111111101111111111111011
111111111111111181111111111111110001111111111110110111101111101111111100000011111111011111111111111011
111111111111111811111111111111000011111111111110000000000000000011111110011100011110111111111111111011
111111111111118111111111111100101101111111111110110111101111101100111101111111100101111111111111111011
111111111111811111111111110011101110011111111110110111101111101111011011111111111011111111111111111011
111111111118111111111111100111101111100000000000000000001111101111100111111111110111111111111111111011
111111111181111111111110001011101111111111111111110111101111101111101111111111101111111111111111111011
111111111811111111111001101101101111111111111111110111101111101111011111111111011111111111111111111011
111111118111111111110111101110000000111111111111110111101111101110111111111110111111111111111111111011
111111118111111111101111101111101111000000000000000000000000001110111111111101111111111111111111111011
111111118111111110011111101111101111111111111111111111111111110000000111111011111111111111111111110111
111111118111111001111111101111101111111111111111111111111111111110111011110111111111111111111111101111
111111181111100111111111101111101111111111111111111111111111111110111100010111111111111111111000011111
111111181110011111111111101111101111111111111111111111111111111110111111101111111001111110000111111111
111111181001111111111111101111101111111111111111111111111111111110111111010111111010000001111111111111
111111811011111111111111100000101111111111111111111111111111111111011100111011111010101111111111111111
111111811011111111111111101111011111111111111111111111111111111111101011111101111010101111111111111111
111111811011111111111111101111011111111111111111111111111111111111110111111110111010101111111111111111
111111811011111111111111101111011111111111111111111111111111111111101111111111001010101111111111111111
111118111011111111111111101111011111111111111111111111111111111111011111111111110010101111111111111111
111118111011111111111111100001011111111111111111111111111111111110111111111111111000101111111111111111
111118111101111111111111101110011111111111111111111111111111111101001111111111111100000001111111111111
111181111101111111111111101111011111111111111111111111111111111011110111111111000011111010111111111111
111181111110111111111111101111011111111111111111111111111111110111111011111100111111111011011111111111
111181111111011110000000001111011111111111111111111111111111110111111101000011111111110111101111111111
111181111111000001111111101111011111111111111111111111111111110111111110111111111111101111110111111111
111181111111101111111111101111011000000000000111111111111111101011111101111111111111101111111011111111
111181111111110111111111101111011011111111111000000000111111011100111001111111111111101111111101111111
111181111111110111111111101111011011111111111111011111000000111111000101111111111111101111111110111111
111181111111110111111111101111011011111111111111011111011101001110111101111111111111101111111111011111
111181111111110111111111101111011011111111111111011111011101110101111101111111111111101111111111101111
111181111111111011111111101111000000000000000000001110111011111011111011111111111111101111111111110011
111181111111111011111111011111111111111111111111010000111001111011111011111111111111011111111111110111
111181111111111011111111011111111111111111111110111110111010110111110111111111111111011111111111110111
111181111111111011111111011111111111111111111110111110111011001111101011111111111110111111111111110111
111181111111111101111111011111111111111111111110111101110111101111011100000001111101111111111111110111
111181111111000000000000000000000111111111111110001011110111101111011111111100000000000001111111110111
111181111110111101111111011111110000001111111110110011110111110111011111111101111101111110011111101111
111181000001111101111111011111110111110011111110111011101111111010111111111101111011111111100011101111
111181101111111101111111101111110111111011111110110111101111111100111111111011111011111111111101101111
111181110111111101111111101111110111111011111110110111101111111110111111111000000011111111111110001111
111181111011111101111111101111111011111000000000010111101111111111011111111011110111111111111111111111
111181111101111101111111101111111011111111111111100111011111111111100111110111110111111111111111111111
111181111110111110111111101111111011001111111111111000011111111111011000000111110111111111111111111111
111181111111011110111111101111100000101111111111111111011111111110111111111011110111111111111111111111
111181111111011110000000000000011111101111111111111110111111111101111111111101101111111111111111111111
111181111111101111111111101111111111101111111111111110111111111011111111111101011111111111111111111111
111118111111101111111111101111111111101111111111111110111111111011111111111101011111111111111111111111
111118111111110111111111101111111111101111111111111101111100011011111111111100111111111111111111111111
111118111111110111111111101111111111101111111111110011111101100111000000000000111111111111111111111111
111111811111110111111111101111111111101111111110001001111011101110111111111110111111111111111111111111
111111811111110111111111101111111111101111000001111010111011101110111111111111011111111111111111111111
111111811111110111111111101111111111101100101111111011000001101101111111111111011111111111111111111111
111111181111110111111111101111000000000011110111111011110110000011111111111111101111111111111111111111
111111181111110111111111100000111111101111110111111011110111111000000000000000001111111111111111111111
111111181111110111111111101111111111101111110000000111110111111011111101111111011111111111111111111111
111111181111111011111111101111111111101111111111110111110111111011111011111110111111111111111111111111
111111181111111101111111101111111111101111111111110111110111110111111011111110111111111111111111111111
111111118111111110111111101111111111101111111111110111110111110111111011111101111111111111111111111111
111111118111111110111111101111111111101111111111110111110111101111111011111101111111111111111111111111
111111118111111111011111101111111111101111111111110000000000001111110111111101111111111111111111111111
111111118111111111101111100000000000001111111111110111111111110000001111111011111111111111111111111111
111111111811111111101111101111111111111111111111110111111111111111111111111011111111111111111111111111
111111111811111111101111101111111111111111111111110111111111111111111111111011111111111111111111111111
111111111181111111101111101111111111111111111111110111111111111111111111111011111111111111111111111111
111111111181111111110111101111111111111100000000000011111111111111111100000011111111111111111111111111
111111111118111111110111101111111111111101101110110101111111110000000011111011111111111111111111111111
111111111111811111110111101111111111111101101110110110000000001111111111111011111111111111111111111111
111111111111181111110111100000000000111101101110110111111111111111111111111011111111111111111111111111
111111111111118111111011011110111111011101101110110111111111111111111111111011111111111111111111111111
111111111111111811111100111110110000000000000000110111111111111111111111111011111111111111111111111111
111111111111111181111110111110001111111111111111100111111111111111111111111011111111111111111111111111
111111111111111118111111011111111110000000000000011000000000000000000000000011111111111111111111111111
111111111111111111811111101111111001111111111111111111111111111111111111111111111111111111111111111111
111111111111111111181111101111110111111111111111111111111111111111111111111111111111111111111111111111
111111111111111111118111100000001111111111111111111111111111111111111111111111111111111111111111111111
111111111111111111111811111111111111111111111111111111111111111111111111111111111111111111111111111111
144444444444444444444444444444444444444444444444444444444444444444444444444444444444444444444444444441
144444444444444444444444444444444444444444444444444444444444444444444444444444444444444444444444444441
144444444444444444444444444444444444444444444444444444444444444444444444444444444444444444444444444441
144444444444444444444444444444444444444444444444444444444444444444444444444444444444444444444444444441
144444444444444444444444444444444444444444444444444444444444444444444444444444444444444444444444444441
144444444444444444444444444444444444444444444444444444444444444444444444444444444444444444444444444441
144444444444444444444444444444444444444444444444444444444444444444444444444444444444444444444444444441
144444444444444444444444444444444444444444444444444444444444444444444444444444444444444444444444444441
144444444444444444444444444444444444444444444444444444444444444444444444444444444444444444444444444441
144444444444444444444444444444444444444444444444444444444444444444444444444444444444444444444444444441
111111111111111111111111111111111111111111111111111111111111111111111111111111111111111111111111111111