111111111111111111111111111111111111111111111111111111111111111111111111111111111111111111111111111111
111111111111111111111111111111111111111111111111111111111111111111111111111111111111111111111111111111
111111111111111111111111111111111111111111111111111111111111111111111111111111001111111111111111111111
111111111111111111111111111111111111111111111111111111111111111111111111111110100000000000000000000011
111111111111111111111111111111111111111111111111111111111011111111111111111101110111111111111111110011
111111111111111111111111111111111111111111111111111111100101111111111111111011110111111111111111101011
111111111111111111111111111111111111111111111111111110011110111110001111110111110111111111111110011011
111111111111111111111111111111111111111111111111111100111111000001110111101111111011111111111101111011
111111111111111111111111111111111111111111111111111101011111011111111011011111111011111111111011111011
111111111111111111111111111111111111111111111111111011101111011111111100111111110001111111110111111011
111111111111111111111111111111111111111111111111111011101111101111111010001111101111111100001111111011
111111111111111111111111111111111111111111110000000011101111101111110111110000001111111011111111111011
111111111111111111111111111111111111110000001101110111101111101111000111111101110111110111111111111011
111111111111111111111111111111111111001111111101110111101111100000111000111011111000001111111111111011
111111111111111111111111111111111110111111111110110111101111101111111111010111111111011111111111111011
111111111111111111111111111111110001111111111110110111101111101111111111100111111110111111111111111011
111111111111111111111111111111001111111111111110000000000000001111111100011011111110111111111111111011
111111111111111111111111111110100000111111111110110111101111100011111011111100111101111111111111111011
111111111111111111111111110001101111011111111110110111101111101100010111111111000011111111111111111011
111111111111111111111111000011101111100000000000000000001111101111101111111111110111111111111111111011
111111111111111111111100101101101111111111111111110111101111101111011111111111101111111111111111111011
111111111111111111111011101110001111111111111111110111101111101111011111111111011111111111111111111011
111111111111111111110111101111101111111111111111110111101111101111011111111110111111111111111111111011
111111111111111111101111101111100000000000000000000000000000000001011111111101111111111111111111111011
111111111111111111011111101111101111111111111111111111111111111110011111111011111111111111111111110111
111111111111111000111111101111101111111111111111111111111111111110100111110111111111111111111111001111
111111111111100111111111101111101111111111111111111111111111111110111000110111111111111111100000111111
111111111100011111111111101111101111111111111111111111111111111110111111001111111011110000011111111111
111111111011111111111111101111011111111111111111111111111111111110111111010111111000001111111111111111
111111111011111111111111100001011111111111111111111111111111111111011110111011111010101111111111111111
111111111011111111111111101110011111111111111111111111111111111111101101111101111010101111111111111111
111111111101111111111111101111011111111111111111111111111111111111110011111110111010101111111111111111
111111111101111111111111101111011111111111111111111111111111111111101111111111011010101111111111111111
111111111101111111111111101111011111111111111111111111111111111111011111111111101010101111111111111111
111111111101111111111111100000011111111111111111111111111111111110111111111111110000101111111111111111
111111111101111111111111101111011111111111111111111111111111111101011111111111111000000001111111111111
111111111101111111111111101111011111111111111111111111111111111101100111111100000111111010111111111111
111111111110111111111111101111011111111111111111111111111111111011111011110011111111111011011111111111
111111111111011111111111001111011111111111111111111111111111111011111101101111111111110111101111111111
111111111111000000000000101111011111111111111111111111111111110011111100011111111111110111110111111111
111111111111011111111111101111011000000000111111111111111111101101111001111111111111110111111001111111
111111111111101111111111011111011011111111000000000000111111011110110101111111111111110111111110111111
111111111111101111111111011111011011111111111111011111000000111111001101111111111111110111111111011111
111111111111101111111111011111011011111111111111011111011101001110111011111111111111101111111111101111
111111111111101111111111011111011011111111111111011110111101110101111011111111111111011111111111110111
111111111111110111111111011111000000000000000000000010111011111011110111111111111111011111111111111011
111111111111111011111111011111111111111111111111011100111011111011110111111111111110111111111111110111
111111111111111011111111011111111111111111111111011110110100010111110001111111111101111111111111110111
111111111111111011111111011111111111111111111110111101110111101111101110000011111101111111111111110111
111111111111111011111111011111111111111111111110111101110111101111101111111100111101111111111111110111
111111111111111100000000000000000000111111111110000011110111110111011111111101000000001111111111101111
111111111111100001111111011111111011011111111110111011110111110111011111111101111101110111111111101111
111111000000011101111111011111111011100011111110111011101111111011011111111101111011111000001111101111
111111011111111101111111011111111011111011111110111011101111111100111111111101111011111111110001101111
111111101111111101111111011111111011111011111110111011011111111110111111111000000011111111111110001111
111111101111111101111111011111111011111000000000010111011111111111011111111011111011111111111111111111
111111101111111101111111011111111011111111111111100111011111111111100001110111111011111111111111111111
111111110111111101111111101111111000001111111111111000011111111111101110000111110111111111111111111111
111111111011111101111111101111111011101111111111111111011111111111101111111011101111111111111111111111
111111111011111110000000000000000111101111111111111111011111111111011111111011101111111111111111111111
111111111101111111111111101111111111101111111111111110111111111110111111111011101111111111111111111111
111111111110111111111111101111111111101111111111111101111111111101111111111101011111111111111111111111
111111111111011111111111101111111111101111111111111011111101111011111111111110111111111111111111111111
111111111111101111111111101111111111101111111110000001111010000111000000000000111111111111111111111111
111111111111101111111111101111111111101111100001110110011011110110111111111111011111111111111111111111
111111111111101111111111101111111111101111011111110111101011110110111111111111011111111111111111111111
111111111111101111111111101111111111101100011111110111110011101110111111111111011111111111111111111111
111111111111110111111111101111100000000011101111110111110100000101111111111111011111111111111111111111
111111111111110111111111100000011111101111101111110111110111111000000000000000001111111111111111111111
111111111111111011111111101111111111101111110000000111110111110111111101111111011111111111111111111111
111111111111111101111111101111111111101111111111110111110111110111111101111110111111111111111111111111
111111111111111110111111101111111111101111111111110111110111101111111011111110111111111111111111111111
111111111111111111011111101111111111101111111111110111110111101111110111111110111111111111111111111111
111111111111111111011111101111111111101111111111110111110111101111101111111110111111111111111111111111
111111111111111111011111101111111111101111111111110000000000011111101111111110111111111111111111111111
111111111111111111101111101111111111101111111111110111111111100000001111111101111111111111111111111111
111111111111111111101111100000000000011111111111110111111111111111111111111011111111111111111111111111
111111111111111111110111110111111111111111111111110111111111111111111111111011111111111111111111111111
111111111111111111110111110111111111111111111111110111111111111111111111111011111111111111111111111111
111111111111111111110111110111111111111100000000000000001111111111111111111011111111111111111111111111
111111111111111111110111110111111111111101101110110111110000100000000000000011111111111111111111111111
111111111111111111111011110111111111111101101110110111111111011111111111111011111111111111111111111111
111111111111111111111101110000000000111101101110110111111111111111111111111011111111111111111111111111
111111111111111111111100001110111110111101101110110111111111111111111111111011111111111111111111111111
111111111111111111111101111110111100000000000000110111111111111111111111111011111111111111111111111111
111111111111111111111110111110000011111111111111000000000000011111111111111011111111111111111111111111
111111111111111111111111011111111111000000000000111111111111100000000000000011111111111111111111111111
111111111111111111111111011111100000111111111111111111111111111111111111111111111111111111111111111111
111111111111111111111111011100011111111111111111111111111111111111111111111111111111111111111111111111
111111111111111111111111100011111111111111111111111111111111111111111111111111111111111111111111111111
111111111111111111111111111111111111111111111111111111111111111111111111111111111111111111111111111111
144444444444444444444444444444444444444444444444444444444444444444444444444444444444444444444444444441
144444444444444444444444444444444444444444444444444444444444444444444444444444444444444444444444444441
144444444444444444444444444444444444444444444444444444444444444444444444444444444444444444444444444441
144444444444444444444444444444444444444444444444444444444444444444444444444444444444444444444444444441
144444444444444444444444444444444444444444444444444444444444444444444444444444444444444444444444444441
144444444444444444444444444444444444444444444444444444444444444444444444444444444444444444444444444441
144444444444444444444444444444444444444444444444444444444444444444444444444444444444444444444444444441
144444444444444444444444444444444444444444444444444444444444444444444444444444444444444444444444444441
144444444444444444444444444444444444444444444444444444444444444444444444444444444444444444444444444441
144444444444444444444444444444444444444444444444444444444444444444444444444444444444444444444444444441
111111111111111111111111111111111111111111111111111111111111111111111111111111111111111111111111111111