111111111111111111111111111111111111111111111111111111111111111111111111111111111111111111111111111111
111111111111111111111111111111111111111111111111111111111111111111111111111181111111111111111111111111
111111111111111111111111111111111111111111111111111111888888888888888888888811000000000000001111111111
111111111111111111111111111111111111111111111888888888111111111111111111111110101111111111110000000011
111111111111111111111111111111111111111111888111111111100011111111111111111101110111111111111111110011
111111111111111111111111111111111111111188111111111111011101111111111111111011110111111111111111101011
111111111111111111111111111111111111888811111111111110111110111100001111110111110111111111111111011011
111111111111111111111111111111118888111111111111111101011111000011110111101111110111111111111110111011
111111111111111111111111111888881111111111111111111101101111011111111011011111111011111111111001111011
111111111111111111111111118111111111111111111111111101101111011111111100000111111101111111100111111011
111111111111111111111111811111111111111111111111111011101111011111111011111001100011111110011111111011
111111111111111111111181111111111111111111110000000011101111011111110111111110001111111101111111111011
111111111111111111118111111111111111111000001101111011101111101111101111111110110111111011111111111011
111111111111111111181111111111111111110111111101111011101111100000010011111001111000000111111111111011
111111111111111111811111111111111111101111111110111011101111101111111100110111111111011111111111111011
111111111111111181111111111111111000011111111110110111101111101111111111001111111111011111111111111011
111111111111111811111111111111100001111111111110000000000000000111111111010011111110111111111111111011
111111111111118111111111111110001110111111111110110111101111101001111110111100000101111111111111111011
111111111111811111111111111001101111001111111110110111101111101110111001111111111011111111111111111011
111111111118111111111111100111101111110000000000000000001111101111000111111111110111111111111111111011
111111111181111111111111001011101111111111111111110111101111101111101111111111101111111111111111111011
111111111811111111111110101100001111111111111111110111101111101111101111111111011111111111111111111011
111111118111111111110001101111100000000000000011110111101111101111011111111110111111111111111111111011
111111118111111111001111101111101111111111111100000000000000000001011111111101111111111111111111000011
111111118111110000111111101111101111111111111111111111111111111110111111111011111111111111111110111111
111111118111101111111111101111101111111111111111111111111111111110011111111011111111111111110001111111
111111181111011111111111101111101111111111111111111111111111111110100000110111111111111000001111111111
111111181100111111111111101111101111111111111111111111111111111110111111001111111011110111111111111111
111111181011111111111111101111101111111111111111111111111111111110111110010111111000001111111111111111
111111811011111111111111101111011111111111111111111111111111111111011101111011111010101111111111111111
111111811011111111111111100000011111111111111111111111111111111111101011111101111010101111111111111111
111111811101111111111111101111011111111111111111111111111111111111110111111110111010101111111111111111
111111811101111111111111101111011111111111111111111111111111111111101111111111001010101111111111111111
111118111101111111111111101111011111111111111111111111111111111111011111111111110010101111111111111111
111118111101111111111111100111011111111111111111111111111111111110011111111111111000101111111111111111
111118111101111111111111101000011111111111111111111111111111111101101111111111110000000001111111111111
111181111101111111111111101111011111111111111111111111111111111011110111111110001111111010111111111111
111181111110111111111111101111011111111111111111111111111111111011111011111101111111111011011111111111
111181111111011111110000001111011111111111111111111111111111111011111101100011111111111011101111111111
111181111111000000001111101111011111111111111111111111111111110111111110011111111111110111110111111111
111181111111101111111111011111011000000000000011111111111111101011111101111111111111110111111011111111
111181111111110111111111011111011011111111111100000001111111011101110001111111111111101111111101111111
111181111111110111111111011111011011111111111111011110000000111110001101111111111111101111111110011111
111181111111110111111111011111011011111111111111011111101101011110111101111111111111011111111111101111
111181111111110111111111011111011011111111111111011111011101100101111011111111111111011111111111110111
111181111111110111111111011111000000000000000000000001011101111011110111111111111111011111111111111011
111181111111111011111111011111111111111111111111011110111001110111110111111111111111011111111111111011
111181111111111011111111011111111111111111111111011110111010010111110111111111111111011111111111111011
111181111111111011111111011111111111111111111111011110110111101111101000000111111110111111111111111011
111181111111111101111111011111111111111111111111011101101111110111011111111000011101111111111111111011
111181111111110000000000000000000000111111111110000011011111110111011111111011100001111111111111110111
111181100000001110111111011111111011001111111110111011011111111010111111111011111100001111111111110111
111181011111111110111111011111111011110011111110110111011111111010111111111011111101110001111111101111
111181011111111110111111011111111011111011111110110111011111111100111111111011111011111110000000101111
111181101111111110111111011111111011111011111110110111011111111110111111111000000011111111111111001111
111181101111111110111111011111111011111000000000010111011111111111011111111011110111111111111111111111
111181110111111110111111101111111011111111111111100000011111111111100011111011110111111111111111111111
111181111011111110111111101111111011001111111111111111011111111111011100000111110111111111111111111111
111181111101111110111111101111100000101111111111111111011111111111011111111011101111111111111111111111
111181111101111110000000000000011111101111111111111110111111111110111111111011101111111111111111111111
111181111110111111111111101111111111101111111111111110111111111110111111111101101111111111111111111111
111118111111011111111111101111111111101111111111111110111111111101111111111110011111111111111111111111
111118111111101111111111101111111111101111111111111101111101111011111111111110111111111111111111111111
111118111111101111111111101111111111101111111110000011111100000111000000000000111111111111111111111111
111111811111101111111111101111111111101111100001111001111011110111011111111110111111111111111111111111
111111811111110111111111101111111111101110011111111010011011101110111111111110111111111111111111111111
111111811111110111111111101111111111100001101111111011100000101101111111111111011111111111111111111111
111111181111111011111111101100000000001111101111111011110111011101111111111111011111111111111111111111
111111181111111011111111100011111111101111110111111011110111100000000000000000001111111111111111111111
111111181111111101111111101111111111101111110000000111110111111011111101111111011111111111111111111111
111111181111111101111111101111111111101111111111110111110111111011111011111111011111111111111111111111
111111181111111101111111101111111111101111111111110111110111110111111011111111011111111111111111111111
111111118111111101111111101111111111101111111111110111110111110111111011111111011111111111111111111111
111111118111111101111111101111111111101111111111110111110111101111110111111110111111111111111111111111
111111118111111101111111101111111111101111111111110000000000000000101111111110111111111111111111111111
111111118111111101111111101000000000001111111111110111111111111111001111111101111111111111111111111111
111111111811111101111111100111111111111111111111110111111111111111111111111011111111111111111111111111
111111111811111110111111110111111111111111111111110111111111111111111111111011111111111111111111111111
111111111181111110111111110111111111111111111111110111111111111111111111111011111111111111111111111111
111111111181111111011111110111111111111100000000000111111111111111111000000011111111111111111111111111
111111111118111111101111110111111111111101101110110000000001100000000111111011111111111111111111111111
111111111111811111110111110111111111111101101110110111111110011111111111111011111111111111111111111111
111111111111181111110111100000000000111101101110110111111111111111111111111011111111111111111111111111
111111111111118111111011011110111110111101101110110111111111111111111111111011111111111111111111111111
111111111111111811111100111110100000000000000000110111111111111111111111111011111111111111111111111111
111111111111111181111110111110011111111111111111100000000000000000000011111011111111111111111111111111
111111111111111118111110111111111111111000000000011111111111111111111100000011111111111111111111111111
111111111111111111811110111111111111000111111111111111111111111111111111111111111111111111111111111111
111111111111111111181111011100000000111111111111111111111111111111111111111111111111111111111111111111
111111111111111111118111100011111111111111111111111111111111111111111111111111111111111111111111111111
111111111111111111111811111111111111111111111111111111111111111111111111111111111111111111111111111111
144444444444444444444444444444444444444444444444444444444444444444444444444444444444444444444444444441
144444444444444444444444444444444444444444444444444444444444444444444444444444444444444444444444444441
144444444444444444444444444444444444444444444444444444444444444444444444444444444444444444444444444441
144444444444444444444444444444444444444444444444444444444444444444444444444444444444444444444444444441
144444444444444444444444444444444444444444444444444444444444444444444444444444444444444444444444444441
144444444444444444444444444444444444444444444444444444444444444444444444444444444444444444444444444441
144444444444444444444444444444444444444444444444444444444444444444444444444444444444444444444444444441
144444444444444444444444444444444444444444444444444444444444444444444444444444444444444444444444444441
144444444444444444444444444444444444444444444444444444444444444444444444444444444444444444444444444441
144444444444444444444444444444444444444444444444444444444444444444444444444444444444444444444444444441
111111111111111111111111111111111111111111111111111111111111111111111111111111111111111111111111111111