111111111111111111111111111111111111111111111111111111111111111111111111111111111111111111111111111111
111111111111111111111111111111111111111111111111111111111111111111111111111181111111111111111111111111
111111111111111111111111111111111111111111111111111111888888888888888888888810000000000000111111111111
111111111111111111111111111111111111111111111888888888111111111111111111111101011111111111000000000011
111111111111111111111111111111111111111111888111111111111011111111111111111011101111111111111111101011
111111111111111111111111111111111111111188111111111111000101111111111111110111101111111111111111011011
111111111111111111111111111111111111888811111111111110111110111111001111101111110111111111111110111011
111111111111111111111111111111118888111111111111111101011111000000110111011111111011111111111101111011
111111111111111111111111111888881111111111111111111011011111011111111010111111111011111111111011111011
111111111111111111111111118111111111111111111111111011101111011111111100001111111101111111100111111011
111111111111111111111111811111111111111111111111000011101111011111111011110000111011111111011111111011
111111111111111111111181111111111111111111111100111011101111101111110111111110000000111100111111111011
111111111111111111118111111111111111110000000001111011101111101100001111111101111111010011111111111011
111111111111111111181111111111111111001111111110111011101111100011110000111011111111101111111111111011
111111111111111111811111111111111110111111111110111011101111101111111111010111111111011111111111111011
111111111111111181111111111111111001111111111110110111101111101111111110000001111111011111111111111011
111111111111111811111111111111000111111111111110000000000000001111111101111110011110111111111111111011
111111111111118111111111111100101011111111111110110111101111100001111011111111100101111111111111111011
111111111111811111111111111011101100011111111110110111101111101110010111111111111011111111111111111011
111111111118111111111111100011101111100000000000000000001111101111101111111111110111111111111111111011
111111111181111111111110001101101111111111111111110111101111101111101111111111101111111111111111111011
111111111811111111111101101110101111111111111111110111101111101111011111111111011111111111111111111011
111111118111111111111011101111000000001111111111110111101111101111011111111110111111111111111111111011
111111118111111111100111101111101111110000000000000000000000000000111111111101111111111111111111111011
111111118111111111011111101111101111111111111111111111111111111110000011111011111111111111111000000111
111111118111111110111111101111101111111111111111111111111111111110111100111011111111111111000111111111
111111181111100001111111101111101111111111111111111111111111111110111111010111111111111110111111111111
111111181111011111111111101111011111111111111111111111111111111110111111001111111001111101111111111111
111111181000111111111111101111011111111111111111111111111111111110111110110111111010000011111111111111
111111811101111111111111100111011111111111111111111111111111111111011101111011111010101111111111111111
111111811110111111111111101000011111111111111111111111111111111111101011111101111010101111111111111111
111111811110111111111111101111011111111111111111111111111111111111110111111110011010101111111111111111
111111811110111111111111101111011111111111111111111111111111111111101111111111101010101111111111111111
111118111110111111111111101111011111111111111111111111111111111111011111111111110010101111111111111111
111118111110111111111111100111011111111111111111111111111111111110111111111111111000101111111111111111
111118111110111111111111101000011111111111111111111111111111111101001111111111111110000001111111111111
111181111110111111111111101111011111111111111111111111111111111011110111111111110001111100111111111111
111181111110111111111111101111011111111111111111111111111111110111111011111100001111111101011111111111
111181111111011111111110001111011111111111111111111111111111110111111101100011111111111101100111111111
111181111111000000000001101111011111111111111111111111111111110011111110011111111111111011111011111111
111181111111011111111111101111011000000000000011111111111111101101110001111111111111111011111101111111
111181111111101111111111101111011011111111111100011111111111011110101101111111111111110111111110111111
111181111111101111111111101111011011111111111111000000000000011111011101111111111111110111111111011111
111181111111101111111111101111011011111111111111011111101110101110111011111111111111110111111111101111
111181111111110111111111101111011011111111111111011111011101110101111011111111111111101111111111110111
111181111111111011111111101111000000000000000000000011011101111011110111111111111111101111111111111011
111181111111111101111111101111111111111111111111011100111011111011110111111111111111011111111111111011
111181111111111101111111101111111111111111111111011110111001110111110001111111111111011111111111111011
111181111111111101111111101111111111111111111111011101111010001111110110000111111111011111111111110111
111181111111111101111111101111111111111111111110111101110111110111101111111000001110111111111111110111
111181111111111000000000000000000111111111111110000011110111111011101111111011110001111111111111110111
111181111111000101111111011111110000011111111110111011110111111011101111111011111100111111111111110111
111181000000111101111111011111110111100011111110111011110111111011011111111011111101011111111111110111
111181011111111101111111011111110111111011111110111011110111111100111111111011111101100001111111110111
111181101111111110111111101111110111111011111110111011110111111110111111111000000011111110000000001111
111181101111111110111111101111111011111000000000111011101111111111011111111011111011111111111111111111
111181110111111110111111101111111011111111111111000000011111111111101111111011110111111111111111111111
111181111011111110111111101111111011001111111111111111011111111111010000000111110111111111111111111111
111181111011111110111111101000000000101111111111111111011111111110111111111011110111111111111111111111
111181111011111110000000000111111111101111111111111110111111111110111111111011101111111111111111111111
111181111011111111111111101111111111101111111111111101111111111101111111111101101111111111111111111111
111118111011111111111111101111111111101111111111111101111111111011111111111110011111111111111111111111
111118111101111111111111101111111111101111111111111101111100110111111111111110011111111111111111111111
111118111101111111111111101111111111101111111111000001111011000111000000000000111111111111111111111111
111111811110111111111111101111111111101111111000111010111011101110111111111110111111111111111111111111
111111811110111111111111101111111111101100000111111011001011101101111111111111011111111111111111111111
111111811110111111111111101111111111100011101111111011110011101101111111111111011111111111111111111111
111111181111011111111111100000000000001111101111110111110100000101111111111111101111111111111111111111
111111181111101111111111101111111111101111110111110111110111111000000000000000001111111111111111111111
111111181111110111111111101111111111101111110000000111110111111011111101111111101111111111111111111111
111111181111111011111111101111111111101111111111110111110111110111111101111111101111111111111111111111
111111181111111101111111101111111111101111111111110111110111110111111011111111101111111111111111111111
111111118111111110111111101111111111101111111111110111110111110111110111111111011111111111111111111111
111111118111111110111111101111111111101111111111110111110111101111110111111111011111111111111111111111
111111118111111110111111101111111111101111111111110000000000000000001111111111011111111111111111111111
111111118111111111011111101100000000001111111111110111111111111111101111111111011111111111111111111111
111111111811111111101111100011111111111111111111110111111111111111111111111111011111111111111111111111
111111111811111111110111101111111111111111111111110111111111111111111111111110111111111111111111111111
111111111181111111110111110111111111111111111111110111111111111111111111111101111111111111111111111111
111111111181111111110111110111111111111100000000000000011111111111111110000011111111111111111111111111
111111111118111111110111110111111111111101101110110111101111111111111001111011111111111111111111111111
111111111111811111111011110111111111111101101110110111110000000000000111111011111111111111111111111111
111111111111181111111011000000000000111101101110110111111111111111111111111011111111111111111111111111
111111111111118111111100111110111110111101101110110111111111111111111111111011111111111111111111111111
111111111111111811111101111110111111000000000000110111111111111111111111111011111111111111111111111111
111111111111111181111110111110000000111110000000000001111111111111111111111011111111111111111111111111
111111111111111118111111011111111111111001111111111110000000000000000000000011111111111111111111111111
111111111111111111811111101111111111100111111111111111111111111111111111111111111111111111111111111111
111111111111111111181111101111111110011111111111111111111111111111111111111111111111111111111111111111
111111111111111111118111100000000001111111111111111111111111111111111111111111111111111111111111111111
111111111111111111111811111111111111111111111111111111111111111111111111111111111111111111111111111111
144444444444444444444444444444444444444444444444444444444444444444444444444444444444444444444444444441
144444444444444444444444444444444444444444444444444444444444444444444444444444444444444444444444444441
144444444444444444444444444444444444444444444444444444444444444444444444444444444444444444444444444441
144444444444444444444444444444444444444444444444444444444444444444444444444444444444444444444444444441
144444444444444444444444444444444444444444444444444444444444444444444444444444444444444444444444444441
144444444444444444444444444444444444444444444444444444444444444444444444444444444444444444444444444441
144444444444444444444444444444444444444444444444444444444444444444444444444444444444444444444444444441
144444444444444444444444444444444444444444444444444444444444444444444444444444444444444444444444444441
144444444444444444444444444444444444444444444444444444444444444444444444444444444444444444444444444441
144444444444444444444444444444444444444444444444444444444444444444444444444444444444444444444444444441
111111111111111111111111111111111111111111111111111111111111111111111111111111111111111111111111111111