1111111111111111111111111111111111111111111111111111111111111111111111111111111111111111111111111111111111111111111111111111111111111111111111111111111111111111111111111111111111111111111111111111111111
1111111111111111111111111111111111111111111111111111111111111111111111111111111111111111111111111111111111111111111111111111111111111111111111111111111111111111111111111111111111111111111111111111111111
1111111111111111111111111111111111111111111111111111111111111111111111111111111111111111111111111111111111111111111111111111111111111111111111111111111111111111111111111111111111111111111111111111111111
1111111111111111111111111111111111111111111111111111111111111111111111111111111111111111111188888888888888888888881111111111111111111111111111111111111111111111111111111111111111111111111111111111111111
1111111111111111111111111111111111111111111111111111111111111111111111111111111111111888888811111111111111111111118111111111111111111111111111111111111111111111111111111111111111111111111111111111111111
1111111111111111111111111111111111111111111111111111111111111111111111111111118888888111111111000000000000000000001888111111111111111111111111111111111111111111111111111111111111111111111111111111111111
1111111111111111111111111111111111111111111111111111111111111111111111888888881111111000000000111111111111101111110111811111111111111111111111111111111111111111111111111111111111111111111111111111111111
1111111111111111111111111111111111111111111111111111111111111188888888111100000000000111111111111111111111011111111001188811111111111111111111111111111111111111111111111111111111111111111111111111111111
1111111111111111111111111111111111111111111111111111111888888811111111111001111101111111111111111111111111011111111010111188111111111111111111111111111111111111111111111111111111111111111111111111111111
1111111111111111111111111111111111111111111111118888888111111100000000000011111110111111111111111111111111011111111011000111881111111111111111111111111111111111111111111111111111111111111111111111111111
1111111111111111111111111111111111188888888888881111111111111011111111110111111111011111111111111111111111011111111011110011118811111111111111111111111111111111111111111111111111111111111111111111111111
1111111111111111111111111111188888811111111111111111111111110111111111101111111111011111111111111111111111011111111011110101111188111111111111111111111111111111111111111111111111111111111111111111111111
1111111111111111111111118888811111111111111111111111111111001111111111011111111111101111111111111111111111011111111011110110011111881111111111111111111111111111111111111111111111111111111111111111111111
1111111111111111111118881111111111111111111111111111111100011111111110111111111111101111111111111111111111011111111011110111101111118881111111111111111111111111111111111111111111111111111111111111111111
1111111111111111111188111111111111111111111111111111110010111111111101111111111111010111111111111111111110111111111011110111110111111118811111111111111111111111111111111111111111111111111111111111111111
1111111111111111118811111111111111111111110000000000001001111111111011111111111110111011111111111111111100111111111011110111111001111111188111111111111111111111111111111111111111111111111111111111111111
1111111111111111881111111111111111111111101111111111110110111111110111111111111101111101111111111111000010111111111011101111111100111111111881111111111111111111111111111111111111111111111111111111111111
1111111111111888111111111111111111000000011111111111001111011111101111111111111011111110111111111110111110111111111011101111111101011111111118881111111111111111111111111111111111111111111111111111111111
1111111111111811111111111111111110111111111111111100111111101111011111111111100111111110111111111101111101111111110111011111111101101111111111118811111111111111111111111111111111111111111111111111111111
1111111111881111111111111111100001011111111111111011111111110110101111111111011111111111011111111011111101111111110111011111111101110111111111111188811111111111111111111111111111111111111111111111111111
1111111188111111111111111111011111101111111111100111111111111001110111111100111111111111101111110111111101111111110111011111111101111011111111111111188111111111111111111111111111111111111111111111111111
1111118811111111111111111100111111110111111111011111111111110101111011110011111111111111110110001111111101111111110111011111111101111101111111111111111811111111111111111111111111111111111111111111111111
1111181111111111111111110011111111111011111000111111111111001110111101001111111111111111110001111111111101111111101110111111111101111110111111111111111181111111111111111111111111111111111111111111111111
1118111111111111111111101111111111111101100111111111111100111110111110111111111111111111101011111111111011111111011101111111111101111111000011111111111111811111111111111111111111111111111111111111111111
1181111111111111111111001111111111111101011111111111111011111111011001011111111111111110011011111111110000000111011101111111111101111111111101111111111111181111111111111111111111111111111111111111111111
1111111111111111111100110111111111111100111111111111110111111111100111101111111111111101111011111110000111111000000001111111111101111111111110000111111111118111111111111111111111111111111111111111111111
1111111111111111100011111011111111111101111111111111001111111111011111101111111111111011111101111001101111111110111010011111111101111111111111111000111111111811111111111111111111111111111111111111111111
1111111111111111011111111101111111111001111111111110111111111100111111101111111111110111111110100111101111111101111011100000000011111111111111111111001111111181111111111111111111111111111111111111111111
1111111111111110011111111101111111110110111111111101111111111011111111110111111111101111111111011111101111111101111011101111111011111111111111111111110111111111811111111111111111111111111111111111111111
1111111111111101011111111110111111101010111111000011111111100111111111110111111111110111111100011111011111111101110111101111111011111111111111111110000011111111181111111111111111111111111111111111111111
1111111111111011011111111110111111011101011110111101111111011111111111111011111111110111111011101110111111111011110111011111111011111111111111111101101101111111118111111111111111111111111111111111111111
1111111111110111011111111110111100111110101101111110111110111111111111111101111111111011100111101110111111111011101111011111111011111111111111110011011110011111111811111111111111111111111111111111111111
1111111111101111011111111111011011111111001011111111011001111111111111111110111111111101011111110101111111111011011111011111111011111111111111101111011111101111111181111111111111111111111111111111111111
1111111111011111011111111111100111111111010111111111100111111111111111111111011111111110001111111001111111110111011111011111111011111111111111011111011111110111111111811111111111111111111111111111111111
1111111111011111011111111111101111111111001111111111101111111111111111111111101111110001110000000000000000000000000000000000001011111111110000111111011111111011111111181111111111111111111111111111111111
1111111110111111011111111111110111111111011111111111011111111111111111111111110111101111111111111111111111101111111111011111110011111111101111111111011111111101111111118111111111111111111111111111111111
1111111111011110100011111111110111111110111111111100111111111111111111111111111011011111111111111111111111011111111111011111111011111111011111111111011111111110111111111811111111111111111111111111111111
1111111111010001111100000111110111111101111111111011111111111111111111111111111000111111111111111111111111011111111111011111111011111110111111111111011111111111011111111181111111111111111111111111111111
1111111110001111111100111011111011100011111111110111111111111111111111111111111011111111111111111111111111011111111111011111111011111101111111111111011111111111100111111111811111111111111111111111111111
1111111101101111111011111100111100011111111111101111111111111111111111111111111011111111111111111111111111011111111111011111111011111011111111111110111111111111111011111111181111111111111111111111111111
1111111011101111000111111111011101111111111111011111111111111111111111111111111011111111111111111111111111011111111111011111111011110111111111111101111111111111111101111111118111111111111111111111111111
1111110111110110111111111111101001111111111110111111111111111111111111111111111101111111111111111111111111011111111111011111111011101111111111111011111111111111111110111111118111111111111111111111111111
1111101111111001111111111111110110111111111101111111111111111111111111111111111110111111111111111111111111011111111111011111111011011111111111110111111111111111111111011111111811111111111111111111111111
1111011111110011111111111111101111011111110011111111111111111111111111111111111110111111111111111111111111001111111111011111110110111111111111110111111111111111111111100001111181111111111111111111111111
1110111110001101111111111111011111011111101111111111111111111111111111111111111110111111111111111111111100100000111111011111110001111111111111101111111111111111111111111110111118111111111111111111111111
1101111101111110111111111110111111101110011111111111111111111111111111111111111111011111111111111111111011101111000000011111110111111111111111101111111111111111111111111111011111811111111111111111111111
1110111011111111011111111101111111110001111111111111111111111111111111111111111111011111111111111111100111101111111111011111100111111111111111101111111111111111111111111000111111811111111111111111111111
1110000111111110101110000011111111110111111111111111111111111111111111111111111111011111111111111111011111101111111111011111010111111111111111011111111111111111111111000111111111181111111111111111111111
1110111111110001110101111111111111100111111111111111111111111111111111111111111111101111111111111110111111101111111111011100110111111111111111011111111111111111111110111111111111118111111111111111111111
1110111111101111111011111111111110011011111111111111111111111111111111111111111111101111111111111101111111101111111111010011110111111111111110111111111111111111111101111111111111111811111111111111111111
1110111111011111110011111111111001111101111111111111111111111111111111111111111111101111111111111011111111101111111111001111110111111111111101111111111111111111110011111111111111111811111111111111111111
1110111110111111001101111111110111111110111111111111111111111111111111111111111111101111111111110111111111101111111110011111111011111111111011111111111111111111101111111111111111111118111111111111111111
1110100001111110111110111111101111111111011111111111111111111111111111111111111111110111111111101111111111101111111101111111111011111111111011111111111111100000011111111111111111111118111111111111111111
1111011111111101111110111111011111111111101111111111111111111111111111111111111111110111111111011111111111101111111011111111111011111111110111111111111111011111111111111111111111111111181111111111111111
1111101111110011111110111110111111111111101111111111111111111111111111111111111111110111111110111111111111110111000111111111111011111111110110000000000000111111111111111111111111111111181111111111111111
1111110111101111111111011001111111111111101111111111111111111111111111111111111111110111111101111111111111110110111111111111111011111111000001111111111111111111111111111111111111111111118111111111111111
1111111000011111111111100111111111111111110111111111111111111111111111111111111111110111111011111111111111110101111111111111111011110000110111111111111111111111111111111111111111111111111811111111111111
1111111110111111111110001111111111111111110111111111111111111111111111111111111111111011110111111111111111110011111111111000000000001111110111111111111111111111111111111111111111111111111811111111111111
1111111110111111111101101111111111111111111011111111111111111111111111111111111111111011101111111111110000000000000000000111111011111111110111111111111111111111111111111111111111111111111811111111111111
1111111111011111110011110111111111111111111011111111111111111111111111111111111111111101011111111111001111111111111111011111111101111111110111111111111111111111111111111111111111111111111181111111111111
1111111111011111101111111011111111111111111011111111111111111111111111111111111111111100100000000000111111111111111111011111111101111111110111111111111111111111111111111111111111111111111181111111111111
1111111111011110011111111101111111111111111101111111111111111111111111111111111111100000011111111111111111111111111111011111111101111111110111111111111111111111111111111111111111111111111118111111111111
1111111111011101111111111110111111111111111101111111111111111111111111000000000000011101111111111111111111111111111111011111111101111111110111111111111111111111111111111111111111111111111111811111111111
1111111111000011111111111110111111111111111101111111111111111111111000111111111111111110111111111111111111111111111111011111111101111111111011111111111111111111111111111111111111111111111111181111111111
1111111111011111111111111110111111111111111101111111000000000000000111111111111111111110111111111111111111111111111111011111111101111111111011111111111111111111111111111111111111111111111111181111111111
1111111111011111111111111110111111111111111101000000111011111111011111111111111111111110111111111111111111111111111111011111111101111111111011111111111111111111111111111111111111111111111111118111111111
1111111111011111111111111110111111111111000000111011111011111111011111111111111111111110111111111111111111111111111111101111111110111111111101111111111111111111111111111111111111111111111111118111111111
1111111111011111111111111111011111000000111110111011111011111111011111111111111111111111011111111111111111111111111111101111111110111111111101111111111111111111111111111111111111111111111111111811111111
1111111111011111111111111111101000111011111110111011111101111111101111111111111111111111011111111111111111111111111111101111111110111111111101111111111111111111111111111111111111111111111111111811111111
1111111111011111111111111100000111110111111110111011111101111111101111111111111111111111011111111111111111111111111111101111111110111111111101111111111111111111111111111111111111111111111111111181111111
1111111111011111111111000011111111101111111101111011111101111111101111111111111111111111011111111111111111111111111111101111111110111111111101111111111111111111111111111111111111111111111111111181111111
1111111111011111111000111111111111011111111101111011111101111111101111111111111111111111011111111111111111111111111111101111111110111111111101111111111111111111111111111111111111111111111111111118111111
1111111111011110000111111111111110111111111100001011111101111111101111111111111111111111011111111111111111111111111111101111111110111111111101111111111111111111111111111111111111111111111111111118111111
1111111111011001111111111111111101111111111101110011111101111111101111111111111111111111011111111111111111111111111111101111111110111111111101111111111111111111111111111111111111111111111111111111811111
1111111111010111111111111111111011111111111101111000000001111111101111111111111111111111011111111111111111111111111111101111111110111111111101111111111111111111111111111111111111111111111111111111811111
1111111111101111111111111111110111111111111101111011111101111111101111111111111111111111101111111111111111111111111111101111111110111111111101111111111111111111111111111111111111111111111111111111811111
1111111111101111111111111111101111111111111101111011111101111111101111111111111111111111101111111111111111111111111111110111111110111111111101111111111111111111111111111111111111111111111111111111811111
1111111111101111111111111111011111111111111011111011111101111111101111111111111111111111101111111111111111111111111111110111111110111111111101111111111111111111111111111111111111111111111111111111811111
1111111111101111111111111110111111111111111011111011111101111111101111111111111111111111101111111111111111111111111111110111111110111111111101111111111111111111111111111111111111111111111111111111811111
1111111111101111111111111101111111111111110111110111111101111111101111111111111111111111101111111111111111111111111111111011111110111111111101111111111111111111111111111111111111111111111111111111811111
1111111111101111111111111011111111111111101111110111111101111111101111111111111111111111101111111111111111111111111111110111111110111111111101111111111111111111111111111111111111111111111111111111811111
1111111111101111111111100111111111111111101111110111111101111111110111111111111111111111101111111111111111111111111110001111111110111111111101111111111111111111111111111111111111111111111111111111811111
1111111111101111111111011111111111111111101111101111111101111111110111111111111111111111101111111111111111111111100001111111111110111111111101111111111111111111111111111111111111111111111111111111811111
1111111111101111111110111111111111111111011111011111111101111111110111111111111111111111101111111111111111111111011111111111111110111111111101111111111111111111111111111111111111111111111111111111811111
1111111111101111111101111111111111111111011111011111000001111111110111111111111111111111101111111111111111111110111111111111111110000000000001111111111111111111111111111111111111111111111111111111811111
1111111111101111111011111111111111111111000000000000111110111111110111111111111111111111101111111111111111111110111111111111111101111111111101111111111111111111111111111111111111111111111111111111811111
1111111111101111110111111111111111111111111111011111111110111111110111111111111111111111101111111111111111111110111111111111000011111111111101111111111111111111111111111111111111111111111111111111811111
1111111111101111101111111111111111111111111111011111111110111111110111111111111111111111101111111111111111111110111100000000111111111111111101111111111111111111111111111111111111111111111111111111811111
1111111111101111011111111111111111111111111111011111111110111111110111111111111111111111101111111111111111111101111011111111111111111111111101111111111111111111111111111111111111111111111111111118111111
1111111111101110111111111111111111111111111111011111111110111111111011111111111111111111101111111111111111111011000111111111111111111111111101111111111111111111111111111111111111111111111111111118111111
1111111111101101111111111111111111111111111111101111111110111111111011111111111111111111101111110000000000000000111111111111111111111111111101111111111111111111111111111111111111111111111111111118111111
1111111111101011111111111111111111111111111111101111111110111111111011111111111111111100000000001111111111110111111111111111111111111111111101111111111111111111111111111111111111111111111111111181111111
1111111111100111111111111111111111111111111111101111111110111111111000000000000000000011101111111111111111110111111111111111111111111111111101111111111111111111111111111111111111111111111111111181111111
1111111111101111111111111111111111111111111111101111111110111111111011111111111111111111101111111111111111111011111111111111111111111111111101111111111111111111111111111111111111111111111111111811111111
1111111111100000000000000000000000000000000000001111111110111111111011111111111111111111101111111111111111111011111111111111111111111111111101111111111111111111111111111111111111111111111111111811111111
1111111111101111111111111111111111111111111111110111111110111111111011111111111111111111101111111111111111111011111111111111111111111111111101111111111111111111111111111411111111111111111111118111111111
1111111111110111111111111111111111111111111111110111111110111111111011111111111111111111101111111111111111111011111111111111111111111111111101111111111111111111111111114444411111111111111111181111111111
1111111111111011111111111111111111111111111111110111111110111111111101111111111111111111101111111111111111111101111111111111111111111111111101111111111111111111111111144444444441111111111111181111111111
1111111111111011111111111111111111111111111111110111111110111111111101111111111111111111101111111111111111111101111111111111111111111111111101111111111111111111111111144444444444444111111111811111111111
1111111111111011111111111111111111111111111111110111111110111111111101111111111111111111101111111111111111111101111111111111111111111111111011111111111111111111111111144444444444444444411118111111111111
1111111111111011111111111111111111111111111111110111111111011111111110111111111111111111101111111111111111111101111111111111111111111111111011111111111111111111111111144444444444444444411118111111111111
1111111111111011111111111111111111111111111111110111111111011111111110111111111111111111101111111111111111111101111111111111111111111100000011111111111111111111111111444444444444444444111181111111111111
1111111111111101111111111111111111111111111111111011111111011111111110111111111111111111101111111111111111111101110000000000000000000011110111111111111111111111111111444444444444444444111181111111111111
1111111111111101111111111111111111111111111111111011111100011111111110111111111111111111110111111111111111111101001111111111111111111111101111111111111111111111111111444444444444444444111811111111111111
1111111111111101111111111111111111111111111111111010000011011111111110111111111111111111110111111100000000000000111111111111111111111111011111111111111111111111111114444444444444444441111811111111111111
1111111111111110111111111111111111111111111111111001111111011111111110111111111111111111111000000011111111111111111111111111111111111110111111111111111111111111111114444444444444444441118111111111111111
1111111111111111011111111111111111111111111111111111111111101111111110111111111111111111111011111111111111111111111111111111111111111101111111111111111111111111111114444444444444444441181111111111111111
1111111111111111101111111111111111111111111111111111111111101111111110111111111111111111111011111111111111111111111111111111111111111011111111111111111111111111111144444444444444444411181111111111111111
1111111111111111110111111111111111111111111111111111111111101111111110111111111111111111111011111111111111111111111111111111111111110111111111111111111111111111111144444444444444444411811111111111111111
1111111111111111110111111111111111111111111111111111111111101111111110111111111111111111111011111111111111111111111111111111111111110111111111111111111111111111111144444444444444444411811111111111111111
1111111111111111110111111111111111111111111111111111111111101111111110111111111111111111111011111111111111111111111111111111111111101111111111111111111111111111111444444444444444444118111111111111111111
1111111111111111111011111111111111111111111111111111111111101111111110111111111111111111111011111111111111111111111111111111111111011111111111111111111111111111111444444444444444444118111111111111111111
1111111111111111111011111111111111111111111111111111111111101111111110111111111111111111111011111111111111111111111111111111111110111111111111111111111111111111111444444444444444444444444444444411111111
1111111111111111111101111111111111111111111111111111111111101111111110111111111111111111111011111111111111111111111111111111111101111111111111111111111111111111114444444444444444444444444444444111111111
1111111111111111111101111111111111111111111111111111111111101111111110111111111111111111111011111111111111111111111111111111111011111111111111111111111111111111114444444444444444444444444444444111111111
1111111111111111111101111111111111111111111111111111111111101111111110111111111111111111111011111111111111111111111111111111110111111111111111111111111111111111114444444444444444444444444444441111111111
1111111111111111111110111111111111111111111111111111111111101111111110111111111111111111111011111111111111111111111111111111101111111111111111111111111111111111144444444444444444444444444444441111111111
1111111111111111111111011111111111111111111111111111111111101111111110111111111111111111111011111111111111111111111111111111011111111111111111111111111111111111144444444444444444444444444444441111111111
1111111111111111111111101111111111111111111111111111111111110111111110111111111111111111111011111111111111111111111111111110111111111111111111111111111111111111144444444444444444444444444444411111111111
1111111111111111111111101111111111111111111111111111111111110111111110111111111111111111111011111111111111111111111111111101111111111111111111111111111111111111444444444444444444444444444444411111111111
1111111111111111111111101111111111111111111111111111111111110111111111011111111111111111111101111111111111111111111111111011111111111111111111111111111111111111444444444444444444444444444444111111111111
1111111111111111111111101111111111111111111111111111111111110111111111011111111111111111111101111111111111111111111111110111111111111111111111111111111111111111444444444444444444444444444444111111111111
1111111111111111111111101111111111111111111111111111111111110111111111011111111111111000000001111111111111111111111111101111111111111111111111111111111111111114444444444444444444444444444441111111111111
1111111111111111111111101111111111111111111111111111111111110000000000000000000000000111111101111111111111111111111111011111111111111111111111111111111111111114444444444444444444444444444441111111111111
1111111111111111111111110111111111111111111111111111111111110111111111111111111111111111111101111111111111111111111110111111111111111111111111111111111111111114444444444444444444444444444441111111111111
1111111111111111111111110111111111111111111111111111111111110111111111111111111111111111111101111111111111111111111101111111111111111111111111111111111111111144444444444444444444444444444411111111111111
1111111111111111111111110111111111111111111111111111111111110111111111111111111111111111111101111111111111111111111011111111111111111111111111111111111111111144444444444444444444444444444411111111111111
1111111111111111111111111011111111111111111111111111111111110111111111111111111111111111111110111111111111111111110111111111111111111111111111111111111111111144444444444444444444444444444111111111111111
1111111111111111111111111011111111111111111111111111111111110111111111111111111111111111111110111111111111111111110111111111111111111111111111111111111111111444444444444444444444444444444111111111111111
1111111111111111111111111011111111111111111111111111111111111011111111111111111111111111111110111111111111111111101111111111111111111111111111111111111111111444444444444444444444444444444111111111111111
1111111111111111111111111101111111111111111111111111111111111011111111111111111111111111111111011111111111111111011111111111111111111111111111111111111111111444444444444444444444444444441111111111111111
1111111111111111111111111110111111111111111111111111111111111011111111111111111111111111111111101111111111111110111111111111111111111111111111111111111111114444444444444444444444444444441111111111111111
1111111111111111111111111110111111111111111111111111111111111011111111111111111111111111111111101111111111111101111111111111111111111111111111111111111111114444444444444444444444444444411111111111111111
1111111111111111111111111111011111111111111111111111111111111011111111111111111111111111111111110111111111111011111111111111111111111111111111111111111111114444444444444444444444444444411111111111111111
1111111111111111111111111111101111111111111111111111111111111011111111111111111111111111111111110111111111110100111111111111111111111111111111111111111111144444444444444444444444444444111111111111111111
1111111111111111111111111111101111111111111111111111111111111011111111111111111111111111111111110111111111101111011111111111111111111111111111111111111111144444444444444444444444444444111111111111111111
1111111111111111111111111111101111111111111111111111111111111011111111111111111111111111111111110111111111011111101111111111111111111111111111111111111111144444444444444444444444444444111111111111111111
1111111111111111111111111111101111111111111111111111111111111011111111111111111111111111111111110111111110111111110001111111111111111111111111111111111111444444444444444444444444444441111111111111111111
1111111111111111111111111111101111111111111111111111111111111011111111111111111111111111111111110111111101111111111101111111111111111111111111111111111111444444444444444444444444444441111111111111111111
1111111111111111111111111111101111111111111111111111111111111011111111111111111111111111111111110111111011111111111011111111111111111111111111111111111111444444444444444444444444444411111111111111111111
1111111111111111111111111111110111111111111111111111111111111011111111111111111111111111111111110111110111111111110111111111111111111111111111111111111114444444444444444444444444444411111111111111111111
1111111111111111111111111111110111111111111111111111111111111101111111111111111111111111111111110111101111111111101111111111111111111111111111111111111114444444444444444444444444444411111111111111111111
1111111111111111111111111111111011111111111111111111111111111101111111111111111111111111111111111011101111111111011111111111111111111111111111111111111114444444444444444444444444444111111111111111111111
1111111111111111111111111111111011111111111111111111111111111101111111111111111111111111111111111011011111111111011111111111111111111111111111111111111144444444444444444444444444444111111111111111111111
1111111111111111111111111111111011111111111111111111111111111101111111111111111111111111111111111010111111111110111111111111111111111111111111111111111144444444444444444444444444441111111111111111111111
1111111111111111111111111111111101111111111111111111111111111101111111111111111111111111111111111001111111111110111111111111111111111111111111111111111144444444444444444444444444441111111111111111111111
1111111111111111111111111111111101111111111111111111000000000000000000000000000000011111111111111001111111111110111111111111111111111111111111111111111444444444444444444444444444411111111111111111111111
1111111111111111111111111111111110111111111111111110111111111111111111111111111111100000000000000001111111111101111111111111111111111111111111111111111444444444444444444444444444411111111111111111111111
1111111111111111111111111111111110111111111111000001111111111111111111111111111111111111111111110110111111111101111111111111111111111111111111111111111444444444444444444444444444411111111111111111111111
1111111111111111111111111111111110111111111110111111111111111111111111111111111111111111111111101111001111111101111111111111111111111111111111111111114444444444444444444444444444111111111111111111111111
1111001111111111111111111111111111011111110001111111111111111111111111111111111111111111111111011111110001111101111111111111111111111111111111111111114444444444444444444444444444111111111111111111111111
1111010000000000000000000111111111011111101111111111111111111111111111111111111111111111111110111111111110000101111111111111111111111111111111111111114444444444444444444444444441111111111111111111111111
1110111111111111111111111000000011011000011111111111111111111111111111111111111111111111111101111111111111111001111111111111111111111111111111111111144444444444444444444444444441111111111111111111111111
1110111111111111111111111111111100000000111111111111111111111111111111111111111111111111111011111111111111111111111111111111111111111111111111111111144444444444444444444444444441111111111111111111111111
1110111111111111111111111111111111011111000011111111111111111111111111111111111111111111110111111111111111111111111111111111111111111111111111111111144444444444444444444444444411111111111111111111111111
1110111111111111111111111111111111011111111101111111111111111111111111111111111111111111101111111111111111111111111111111111111111111111111111111111144444444444444444444444444411111111111111111111111111
1110111111111111111111111111111111011111111110000000000000000000011111111111111111111111011111111111111111111111111111111111111111111111111111111111144444444444444444444444444411111111111111111111111111
1101111111111111111111111111111111011111111111111101111111111111100000000111111111111110111111111111111111111111111111111111111111111111111111111111144444444444444444444444444411111111111111111111111111
1101111111111111111111111111111111011111111111111101111111111111111101111000000000000000001111111111111111111111111111111111111111111111111111111111144444444444444444444444444411111111111111111111111111
1101111111111111111111111111111111011111111111111101111111111111111101111111111111111101110000111111111111111111111111111111111111111111111111111111144444444444444444444444444411111111111111111111111111
1101111111111111111111111111111110111111111111111101111111111111111101111111111111111101111111000000000000000011111111111111111111111111111111111111444444444444444444444444444411111111111111111111111111
1101111111111111111111111111111110111111111111111101111111111111111101111111111111111101111111111111011111111101111111111111111111111111111111111111444444444444444444444444444411111111111111111111111111
1101111111111111111111111111111110111111111111111101111111111111111101111111111111111101111111111111011111111110000011111111111111111111111111111111444444444444444444444444444411111111111111111111111111
1101111111111111111111111111111110111111111111111101111111111111111101111111111111111011111111111111011111111111111101111111111111111111111111111111444444444444444444444444444411111111111111111111111111
1101111111111111111111111111111110111111111111111101111111111111111101111111111111111011111111111111011111111111111101111111111111111111111111111111444444444444444444444444444411111111111111111111111111
1101111111111111111111111111111110111111111111111101111111111111111101111111111111111011111111111111011111111111111101111111111111111111111111111111444444444444444444444444444441111111111111111111111111
1101111111111111111111111111111110111111111111111101111111111111111101111111111111111011111111111111011111111111111101111111111111111111111111111114444444444444444444444444444444441111111111111111111111
1100000000000000001111111111111110111111111111111101111111111111111101111111111111111011111111111111011111111111111101111111111111111111111111111114444444444444444444444444444444444441111111111111111111
1111111111111111110111111111111101111111111111111101111111111111111101111111111111111011111111111111011111111111111101111111111111111111111111111114444444444444444444444444444444444444441111111111111111
1111111111111111111000000001111101111111111111111011111111111111111011111111111111111011111111111111011111111111111101111111111111111111111111111114444444444444444444444444444444444444444441111111111111
1111111111111111111111111110000000000000111111111011111111111111111011111111111111110111111111111111011111111111111101111111111111111111111111111114444444444444444444444444444444444444444444441111111111
1111111111111111111111111111111111111111011111111011111111111111111011111111111111110111111111111111011111111111111101111111111111111111111111111114444444444444444444444444444444444444444444444441111111
1111111111111111111111111111111111111111100001111011111111111111111011111111111111110111111111111111011111111111111101111111111111111111111111111144444444444444444444444444444444444444444444444444441111
1111111111111111111111111111111111111111111110001011111111111111111011111111111111110111111111111111011111111111111101111111111111111111111111111144444444444444444444444444444444444444444444444444444441
1111111111111111111111111111111111111111111111110000000000000000001011111111111111110111111111111111011111111111111101111111111111111111111111111144444444444444444444444444444444444444444444444444444441
1111111111111111111111111111111111111111111111111111111111111111110000111111111111110111111111111111011111111111111101111111111111111111111111111144444444444444444444444444444444444444444444444444444441
1111111111111111111111111111111111111111111111111111111111111111111111011111111111101111111111111111011111111111111011111111111111111111111111111144444444444444444444444444444444444444444444444444444441
1111111111111111111111111111111111111111111111111111111111111111111111100000000000000000011111111110111111111111111011111111111111111111111111111444444444444444444444444444444444444444444444444444444441
1111111111111111111111111111111111111111111111111111111111111111111111111111111111111111100000011110111111111111111011111111111111111111111111111444444444444444444444444444444444444444444444444444444441
1441111111111111111111111111111111111111111111111111111111111111111111111111111111111111111111100000000011111111111011111111111111111111111111111444444444444444444444444444444444444444444444444444444441
1444111111111111111111111111111111111111111111111111111111111111111111111111111111111111111111111111111100000001110111111111111111111111111111111444444444444444444444444444444444444444444444444444444441
1444444111111111111111111111111111111111111111111111111111111111111111111111111111111111111111111111111111111110000111111111111111111111111111111444444444444444444444444444444444444444444444444444444441
1444444444111111111111111111111111111111111111111111111111111111111111111111111111111111111111111111111111111111111111111111111111111111111111111444444444444444444444444444444444444444444444444444444441
1444444444444111111111111111111111111111111111111111111111111111111111111111111111111111111111111111111111111111111111111111111111111111111111114444444444444444444444444444444444444444444444444444444441
1444444444444444111111111111111111111111111111111111111111111111111111111111111111111111111111111111111111111111111111111111111111111111111111114444444444444444444444444444444444444444444444444444444441
1444444444444444444111111111111111111111111111111111111111111111111111111111111111111111111111111111111111111111111111111111111111111111111111114444444444444444444444444444444444444444444444444444444441
1444444444444444444444444444444444411111111111111111111111111111111111111111111111111111111111111111111111111111111111111111111111111111111111114444444444444444444444444444444444444444444444444444444441
1444444444444444444444444444444444444111111111111111111111111111111111111111111111111111111111111111111111111111111111111111111111111111111111114444444444444444444444444444444444444444444444444444444441
1444444444444444444444444444444444444441111111111111111111111111111111111111111111111111111111111111111111111111111111111111111111111111111111114444444444444444444444444444444444444444444444444444444441
1444444444444444444444444444444444444444411111111111111111111111111111111111111111111111111111111111111111111111111111111111111111111111111111144444444444444444444444444444444444444444444444444444444441
1444444444444444444444444444444444444444444111111111111111111111111111111111111111111111111111111111111111111111111111111111111111111111111111144444444444444444444444444444444444444444444444444444444441
1444444444444444444444444444444444444444444411111111111111111111111111111111111111111111111111111111111111111111111111111111111111111111111111144444444444444444444444444444444444444444444444444444444441
1444444444444444444444444444444444444444444441111111111111111111111111111111111111111111111111111111111111111111111111111111111111111111111111144444444444444444444444444444444444444444444444444444444441
1444444444444444444444444444444444444444444444111111111111111111111111111111111111111111111111111111111111111111111111111111111111111111111111144444444444444444444444444444444444444444444444444444444441
1444444444444444444444444444444444444444444444411111111111111111111111111111111111111111111111111111111111111111111111111111111111111111111111144444444444444444444444444444444444444444444444444444444441
1444444444444444444444444444444444444444444444441111111111111111111111111111111111111111111111111111111111111111111111111111111111111111111111444444444444444444444444444444444444444444444444444444444441
1444444444444444444444444444444444444444444444444444444444111111111111111111111111111111111111111111111111111111111111111111111111111111111111444444444444444444444444444444444444444444444444444444444441
1444444444444444444444444444444444444444444444444444444444444444444411111111111111111111111111111111111111111111111111111111111111111111111111444444444444444444444444444444444444444444444444444444444441
1444444444444444444444444444444444444444444444444444444444444444444444444444411111111111111111111111111111111111111111111111111111111111111111444444444444444444444444444444444444444444444444444444444441
1444444444444444444444444444444444444444444444444444444444444444444444444444444444444411111111111111111111111111111111111111111111111111111111444444444444444444444444444444444444444444444444444444444441
1444444444444444444444444444444444444444444444444444444444444444444444444444444444444444444441111111111111111111111111111111111111111111111111444444444444444444444444444444444444444444444444444444444441
1111111111111111111111111111111111111111111111111111111111111111111111111111111111111111111111111111111111111111111111111111111111111111111111111111111111111111111111111111111111111111111111111111111111