111111111111111111111111111111111111111111111111111111111111111111111111111111111111111111111111111111
111111111111111111111111111111111111111111111111111111111111111111111111111181111111111111111111111111
111111111111111111111111111111111111111111111111111111888888888888888888888811000000000000011111111111
111111111111111111111111111111111111111111111888888888111111111111111111111110011111111111100000000011
111111111111111111111111111111111111111111888111111111110011111111111111111101101111111111111111101011
111111111111111111111111111111111111111188111111111111101101111111111111111011101111111111111111011011
111111111111111111111111111111111111888811111111111110011110111111001111110111110111111111111110111011
111111111111111111111111111111118888111111111111111110011111000000110111101111111011111111111101111011
111111111111111111111111111888881111111111111111111101011111011111111011011111111011111111111011111011
111111111111111111111111118111111111111111111111111101101111101111111100000111110001111111110111111011
111111111111111111111111811111111111111111111111100011101111101111111011111000101111111111001111111011
111111111111111111111181111111111111111111110000011011101111101111110111111111000011111110111111111011
111111111111111111118111111111111111111000001110111011101111100000001111111110111101110001111111111011
111111111111111111181111111111111111100111111110110111101111101111110111111101111110001111111111111011
111111111111111111811111111111111100011111111110110111101111101111111000111011111111011111111111111011
111111111111111181111111111111111011111111111110110111101111101111111111000111111110111111111111111011
111111111111111811111111111111100111111111111110000000000000001111111111011001111101111111111111111011
111111111111118111111111111100001011111111111110110111101111100111111110111110111011111111111111111011
111111111111811111111111111011101100011111111110110111101111101000011101111111000011111111111111111011
111111111118111111111111100111101111100000000000000000001111101111100011111111110111111111111111111011
111111111181111111111111001001101111111111111111110111101111101111101111111111101111111111111111111011
111111111811111111111100101110001111111111111111110111101111101111101111111111011111111111111111111011
111111118111111111000011101111100000000000000011110111101111101111101111111110111111111111111111111011
111111118111111110111111101111011111111111111100000000000000000011011111111101111111111111111111111011
111111118111111001111111101111011111111111111111111111111111111100111111111011111111111111111111110111
111111118111110111111111101111011111111111111111111111111111111110000111110111111111111111110000001111
111111181111001111111111101111011111111111111111111111111111111110111001101111111111111111001111111111
111111181110111111111111101111011111111111111111111111111111111110111110001111111001111110111111111111
111111181001111111111111101111011111111111111111111111111111111110111111010111111010000001111111111111
111111811011111111111111100111011111111111111111111111111111111111011110111011111010101111111111111111
111111811011111111111111101000011111111111111111111111111111111111101001111101111010101111111111111111
111111811101111111111111101111011111111111111111111111111111111111110111111110111010101111111111111111
111111811101111111111111101111011111111111111111111111111111111111101111111111011010101111111111111111
111118111101111111111111101111011111111111111111111111111111111111011111111111100010101111111111111111
111118111110111111111111101111011111111111111111111111111111111110111111111111111000101111111111111111
111118111110111111111111100000011111111111111111111111111111111110011111111111110000000001111111111111
111181111111011111111111101111011111111111111111111111111111111101101111111111001111111010111111111111
111181111111011111111111101111011111111111111111111111111111111011110111111110111111110111011111111111
111181111111011111111000001111011111111111111111111111111111110111111001000001111111101111101111111111
111181111111000000000111101111011111111111111111111111111111110111111100111111111111101111110111111111
111181111111011111111111101111011000000011111111111111111111101001111001111111111111101111111011111111
111181111111011111111111101111011011111100000000000001111111011110100011111111111111101111111101111111
111181111111101111111111101111011011111111111111011110000000111111011011111111111111101111111110011111
111181111111101111111111101111011011111111111111011111101110011110111011111111111111101111111111101111
111181111111110111111111101111011011111111111111011111011101100101110111111111111111101111111111110111
111181111111110111111111101111000000000000000000000110111101111011110111111111111111101111111111111011
111181111111111011111111011111111111111111111111011000111011111011110111111111111111101111111111110111
111181111111111011111111011111111111111111111111011110111000010111110000111111111111101111111111110111
111181111111111011111111011111111111111111111111011101111011101111101111001111111111011111111111110111
111181111111111101111111011111111111111111111110111101111011110111011111110000001110111111111111110111
111181111111100000000000000000000011111111111110001011111011111011011111111101110000011111111111110111
111181111110011101111111011111110100011111111110110011111011111011011111111101111101100111111111110111
111181000001111101111111101111111011100011111110111011110111111100111111111101111101111000000011101111
111181011111111101111111101111111011111011111110111011110111111100111111111011111101111111111100001111
111181101111111101111111101111111011111011111110111011110111111110111111111000000011111111111111101111
111181110111111110111111101111111011111000000000111011101111111111011111111011111011111111111111111111
111181110111111110111111101111111011111111111111000111101111111111100001110111110111111111111111111111
111181111011111110111111101111111011001111111111111000011111111111011110000111101111111111111111111111
111181111011111110111111101111110000101111111111111111011111111110111111111011011111111111111111111111
111181111101111110000000000000001111101111111111111110111111111110111111111100111111111111111111111111
111181111110111111111111101111111111101111111111111110111111111101111111111100111111111111111111111111
111118111111011111111111101111111111101111111111111101111111111011111111111100111111111111111111111111
111118111111101111111111101111111111101111111111111011111101110111111111111110111111111111111111111111
111118111111101111111111101111111111101111111100000001111010000111000000000000111111111111111111111111
111111811111101111111111101111111111101111110011111010111011110111011111111111011111111111111111111111
111111811111101111111111101111111111101111001111110111000111110110111111111111011111111111111111111111
111111811111110111111111101111111111101000011111110111110011101110111111111111101111111111111111111111
111111181111111011111111101111111111000111011111110111110100001101111111111111101111111111111111111111
111111181111111101111111100000000000101111101111110111110111110000000000000000001111111111111111111111
111111181111111110111111101111111111101111110000000111110111111011111101111111101111111111111111111111
111111181111111110111111101111111111101111111111110111110111111011111101111111011111111111111111111111
111111181111111110111111101111111111101111111111110111110111111011111101111110111111111111111111111111
111111118111111111011111101111111111101111111111110111110111110111111011111101111111111111111111111111
111111118111111111011111101111111111101111111111110111110111101111110111111101111111111111111111111111
111111118111111111011111101111111111101111111111110000000000011111101111111011111111111111111111111111
111111118111111111011111101111000000001111111111110111111111100000001111111011111111111111111111111111
111111111811111111011111100000111111111111111111110111111111111111111111111011111111111111111111111111
111111111811111111101111101111111111111111111111110111111111111111111111111011111111111111111111111111
111111111181111111110111101111111111111111111111110111111111111111111111111011111111111111111111111111
111111111181111111110111110111111111111100000000000000011111111111111100000011111111111111111111111111
111111111118111111110111110111111111111101101110110111100000110000000011111011111111111111111111111111
111111111111811111110111110111111111111101101110110111111111001111111111111011111111111111111111111111
111111111111181111110111110000000000111101101110110111111111111111111111111011111111111111111111111111
111111111111118111111011101110111111011101101110110111111111111111111111111011111111111111111111111111
111111111111111811111100011110000000000000000000110111111111111111111111111011111111111111111111111111
111111111111111181111101111110111111111111000000000000000000000111111111111011111111111111111111111111
111111111111111118111101111111111111000000111111111111111111111000000000000011111111111111111111111111
111111111111111111811110111111110000111111111111111111111111111111111111111111111111111111111111111111
111111111111111111181111010000001111111111111111111111111111111111111111111111111111111111111111111111
111111111111111111118111101111111111111111111111111111111111111111111111111111111111111111111111111111
111111111111111111111811111111111111111111111111111111111111111111111111111111111111111111111111111111
144444444444444444444444444444444444444444444444444444444444444444444444444444444444444444444444444441
144444444444444444444444444444444444444444444444444444444444444444444444444444444444444444444444444441
144444444444444444444444444444444444444444444444444444444444444444444444444444444444444444444444444441
144444444444444444444444444444444444444444444444444444444444444444444444444444444444444444444444444441
144444444444444444444444444444444444444444444444444444444444444444444444444444444444444444444444444441
144444444444444444444444444444444444444444444444444444444444444444444444444444444444444444444444444441
144444444444444444444444444444444444444444444444444444444444444444444444444444444444444444444444444441
144444444444444444444444444444444444444444444444444444444444444444444444444444444444444444444444444441
144444444444444444444444444444444444444444444444444444444444444444444444444444444444444444444444444441
144444444444444444444444444444444444444444444444444444444444444444444444444444444444444444444444444441
111111111111111111111111111111111111111111111111111111111111111111111111111111111111111111111111111111