111111111111111111111111111111111111111111111111111111111111111111111111111111111111111111111111111111
111111111111111111111111111111111111111111111111111111111111111111111111111181111111111111111111111111
111111111111111111111111111111111111111111111111111111888888888888888888888811000000000011111111111111
111111111111111111111111111111111111111111111888888888111111111111111111111110011111111100000000000011
111111111111111111111111111111111111111111888111111111100011111111111111111101011111111111111111110011
111111111111111111111111111111111111111188111111111111011101111111111111111011011111111111111111101011
111111111111111111111111111111111111888811111111111110111110111000001111110111101111111111111111011011
111111111111111111111111111111118888111111111111111101011111000111110111001111110111111111111100111011
111111111111111111111111111888881111111111111111111011101111011111111010111111111011111111111011111011
111111111111111111111111118111111111111111111111111011101111011111111100000001110001111111110111111011
111111111111111111111111811111111111111111111111000011101111011111111011111110101111111111101111111011
111111111111111111111181111111111111111111000000111011101111011111110111111111000001111100011111111011
111111111111111111118111111111111111110000111101111011101111100000000111111100111110010011111111111011
111111111111111111181111111111111111001111111101111011101111101111111000111011111111101111111111111011
111111111111111111811111111111111100111111111101111011101111101111111111010111111111101111111111111011
111111111111111181111111111111110011111111111110111011101111101111111111100111111111011111111111111011
111111111111111811111111111111000111111111111110000000000000000111111111011000111110111111111111111011
111111111111118111111111111000101001111111111110110111101111101011111110111111000101111111111111111011
111111111111811111111111110111101110011111111110110111101111101100110001111111111011111111111111111011
111111111118111111111111000111101111100000000000000000001111101111001111111111110111111111111111111011
111111111181111111111110101001101111111111111111110111101111101111101111111111101111111111111111111011
111111111811111111111001101110001111111111111111110111101111101111101111111111011111111111111111111011
111111118111111111110111101111100000000111111111110111101111101111101111111110111111111111111111111011
111111118111111111101111101111101111111000000000000000000000000011011111111101111111111111111111111011
111111118111111110011111101111101111111111111111111111111111111100000111111011111111111111111111100111
111111118111111001111111101111101111111111111111111111111111111110111011110111111111111111111111011111
111111181111100111111111101111101111111111111111111111111111111110111100101111111111111100000000111111
111111181111011111111111101111101111111111111111111111111111111110111111001111111001111011111111111111
111111181000111111111111101111101111111111111111111111111111111110111111010111111010000111111111111111
111111811011111111111111101111011111111111111111111111111111111111011110111001111010101111111111111111
111111811101111111111111100000011111111111111111111111111111111111101101111110111010101111111111111111
111111811101111111111111101111011111111111111111111111111111111111110011111111011010101111111111111111
111111811101111111111111101111011111111111111111111111111111111111101111111111101010101111111111111111
111118111101111111111111101111011111111111111111111111111111111111011111111111110010101111111111111111
111118111101111111111111101111011111111111111111111111111111111110111111111111111000101111111111111111
111118111101111111111111100000011111111111111111111111111111111110011111111111100000000001111111111111
111181111101111111111111101111011111111111111111111111111111111101101111111100011111111100111111111111
111181111101111111111111101111011111111111111111111111111111111101110111111011111111111101011111111111
111181111110111111111111101111011111111111111111111111111111111011111011100111111111111011101111111111
111181111111000000000000001111011111111111111111111111111111110111111000011111111111111011110111111111
111181111111101111111111101111011000000000011111111111111111101011110110111111111111111011111011111111
111181111111110111111111101111011011111111100000000001111111011101101110111111111111111011111100111111
111181111111111011111111101111011011111111111111011110000000011110011101111111111111111011111111011111
111181111111111101111111101111011011111111111111011111011110101110111011111111111111110111111111101111
111181111111111101111111101111011011111111111111011111011101110101111011111111111111110111111111110111
111181111111111101111111011111000000000000000000000000111101111011111011111111111111101111111111111011
111181111111111101111111011111111111111111111111011110111000110111110111111111111111101111111111110111
111181111111111101111111011111111111111111111111011110111011001111110011111111111111011111111111110111
111181111111111101111111011111111111111111111111011110111011101111110100000011111110111111111111101111
111181111111111101111111011111111111111111111111011101111011110111101111111100001101111111111111101111
111181111111110000000000000000000011111111111110011101111011111011101111111101110000000000011111101111
111181111100001101111111011111110100111111111110100011110111111011101111111011111101111111101111101111
111181000011111110111111011111110111000011111110110111101111111101011111111011111101111111110011101111
111181011111111110111111011111110111111011111110110111011111111101011111111011111011111111111100001111
111181011111111110111111101111110111111011111110110111011111111110111111111000000011111111111111101111
111181011111111110111111101111110111111000000000110111011111111111011111111011111011111111111111111111
111181011111111110111111101111110111111111111111000001011111111111101111111011110111111111111111111111
111181101111111110111111101111110100001111111111111110011111111111010000000111110111111111111111111111
111181110111111110111111100000000011101111111111111110111111111111011111110111101111111111111111111111
111181111011111110000000001111111111101111111111111110111111111110111111111011011111111111111111111111
111181111101111111111111101111111111101111111111111101111111111101111111111010111111111111111111111111
111118111101111111111111101111111111101111111111111101111111111011111111111100111111111111111111111111
111118111101111111111111101111111111101111111111111101111101110111111111111100111111111111111111111111
111118111110111111111111101111111111101111111111100011111010000111000000000000111111111111111111111111
111111811111011111111111101111111111101111111100010101110111110111011111111110111111111111111111111111
111111811111011111111111101111111111101110000011110110000111101110111111111110111111111111111111111111
111111811111011111111111101111111111101001011111110111110111101101111111111111011111111111111111111111
111111181111101111111111101110000000000111011111110111110000000101111111111111101111111111111111111111
111111181111101111111111100001111111101111101111110111110111111000000000000000001111111111111111111111
111111181111101111111111101111111111101111110000000111110111110111111011111111101111111111111111111111
111111181111110111111111101111111111101111111111110111110111110111111011111111011111111111111111111111
111111181111111011111111101111111111101111111111110111110111110111111011111111011111111111111111111111
111111118111111101111111101111111111101111111111110111110111101111110111111111011111111111111111111111
111111118111111101111111101111111111101111111111110111110111011111110111111110111111111111111111111111
111111118111111101111111101111111111101111111111110000000000001111101111111110111111111111111111111111
111111118111111110111111101111111100001111111111110111111111110000001111111101111111111111111111111111
111111111811111111011111100000000011111111111111110111111111111111111111111101111111111111111111111111
111111111811111111011111101111111111111111111111110111111111111111111111111101111111111111111111111111
111111111181111111101111101111111111111111111111110111111111111111111111111011111111111111111111111111
111111111181111111101111110111111111111100000000000111111111111111111111110011111111111111111111111111
111111111118111111110111110111111111111101101110110000000000111111111111001011111111111111111111111111
111111111111811111110111110111111111111101101110110111111111000000000000111011111111111111111111111111
111111111111181111111011110000000000111101101110110111111111111111111111111011111111111111111111111111
111111111111118111111011001110111110111101101110110111111111111111111111111011111111111111111111111111
111111111111111811111100111110100000000000000000110111111111111111111111111011111111111111111111111111
111111111111111181111101111110011111111111111100000000000000011111111111111011111111111111111111111111
111111111111111118111101111111111111110000000011111111111111100000000000000011111111111111111111111111
111111111111111111811110111111111111001111111111111111111111111111111111111111111111111111111111111111
111111111111111111181111011111111000111111111111111111111111111111111111111111111111111111111111111111
111111111111111111118111100000000111111111111111111111111111111111111111111111111111111111111111111111
111111111111111111111811111111111111111111111111111111111111111111111111111111111111111111111111111111
144444444444444444444444444444444444444444444444444444444444444444444444444444444444444444444444444441
144444444444444444444444444444444444444444444444444444444444444444444444444444444444444444444444444441
144444444444444444444444444444444444444444444444444444444444444444444444444444444444444444444444444441
144444444444444444444444444444444444444444444444444444444444444444444444444444444444444444444444444441
144444444444444444444444444444444444444444444444444444444444444444444444444444444444444444444444444441
144444444444444444444444444444444444444444444444444444444444444444444444444444444444444444444444444441
144444444444444444444444444444444444444444444444444444444444444444444444444444444444444444444444444441
144444444444444444444444444444444444444444444444444444444444444444444444444444444444444444444444444441
144444444444444444444444444444444444444444444444444444444444444444444444444444444444444444444444444441
144444444444444444444444444444444444444444444444444444444444444444444444444444444444444444444444444441
111111111111111111111111111111111111111111111111111111111111111111111111111111111111111111111111111111