1111111111111111111111111111111111111111111111111111111111111111111111111111111111111111111111111111111111111111111111111111111111111111111111111111111111111111111111111111111111111111111111111111111111
1111111111111111111111111111111111111111111111111111111111111111111111111111111111111111111111111111111111111111111111111111111111111111111111111111111111111111111111111111111111111111111111111111111111
1111111111111111111111111111111111111111111111111111111111111111111111111111111111111111111111111111111111111111111111111111111111111111111111111111111111111111111111111111111111111111111111111111111111
1111111111111111111111111111111111111111111111111111111111111111111111111111111111111111111188888888888888888888881111111111111111111111111111111111111111111111111111111111111111111111111111111111111111
1111111111111111111111111111111111111111111111111111111111111111111111111111111111111888888811111111111111111111118111111111111111111111111111111111111111111111111111111111111111111111111111111111111111
1111111111111111111111111111111111111111111111111111111111111111111111111111118888888111111111111110000000001111111888111111111111111111111111111111111111111111111111111111111111111111111111111111111111
1111111111111111111111111111111111111111111111111111111111111111111111888888881111111111111111110001111111100011111111811111111111111111111111111111111111111111111111111111111111111111111111111111111111
1111111111111111111111111111111111111111111111111111111111111188888888111100000000000000000000001111111111101100000001188811111111111111111111111111111111111111111111111111111111111111111111111111111111
1111111111111111111111111111111111111111111111111111111888888811111000000011111101111111111111111111111111011111110110011188111111111111111111111111111111111111111111111111111111111111111111111111111111
1111111111111111111111111111111111111111111111118888888111111100000111110111111110111111111111111111111111011111110111100111881111111111111111111111111111111111111111111111111111111111111111111111111111
1111111111111111111111111111111111188888888888881111100000000011111111101111111111011111111111111111111111011111110111101001118811111111111111111111111111111111111111111111111111111111111111111111111111
1111111111111111111111111111188888811111111111111110011111110111111111011111111111011111111111111111111110111111110111011110111188111111111111111111111111111111111111111111111111111111111111111111111111
1111111111111111111111118888811111111111111110000001111111101111111111011111111111011111111111111111111110111111101111011111001111881111111111111111111111111111111111111111111111111111111111111111111111
1111111111111111111118881111111111111111111001111111111111011111111110111111111111001111111111111111111110111111101111011111110111118881111111111111111111111111111111111111111111111111111111111111111111
1111111111111111111188111111111111111111100111111111111110111111111101111111111110110111111111111111111110111111101111011111111011111118811111111111111111111111111111111111111111111111111111111111111111
1111111111111111118811111111111111111111011111111111100001111111111011111111110001111011111111111111110000111111011111011111111100111111188111111111111111111111111111111111111111111111111111111111111111
1111111111111111881111111111111111111110111111111111011110111111110111111111001111111101111111111111101110111111011111011111111101011111111881111111111111111111111111111111111111111111111111111111111111
1111111111111888111111111111111111111001111111111110111111011111101111111110111111111101111111111110011101111111011111011111111101100111111118881111111111111111111111111111111111111111111111111111111111
1111111111111811111111111111111100000111111111111001111111101111011111111101111111111110111111111101111101111111011110111111111101111011111111118811111111111111111111111111111111111111111111111111111111
1111111111881111111111111111110010111111111111110111111111110100101111111011111111111111011111110011111101111111011110111111111101111101111111111188811111111111111111111111111111111111111111111111111111
1111111188111111111111111111101111011111111111001111111111110011110111110111111111111111101110001111111101111111011101111111111101111110111111111111188111111111111111111111111111111111111111111111111111
1111118811111111111111111111011111011111111100111111111111101101111011101111111111111111110101111111111011111111011101111111111101111111011111111111111811111111111111111111111111111111111111111111111111
1111181111111111111111111000111111101111111011111111111111011110111101011111111111111111111011111111111011111111011011111111111101111111100011111111111181111111111111111111111111111111111111111111111111
1118111111111111111111100111111111110111100111111111111100111111011100111111111111111111110011111111110000011111011011111111111011111111111100111111111111811111111111111111111111111111111111111111111111
1181111111111111111111001111111111110111011111111111111011111111011011011111111111111111101101111111100111100111011011111111111011111111111111001111111111181111111111111111111111111111111111111111111111
1111111111111111111100101111111111111010111111111111110111111111100111101111111111111111011101111111010111111000000011111111111011111111111111110111111111118111111111111111111111111111111111111111111111
1111111111111111111011110111111111111101111111111111001111111111011111110111111111111110111110111100110111111101111001111111111011111111111111111011111111111811111111111111111111111111111111111111111111
1111111111111111000111111011111111111001111111111110111111111100111111111011111111111101111110100011101111111101111010000000000011111111111111111100011111111181111111111111111111111111111111111111111111
1111111111111110011111111101111111110101111111111101111111110011111111111101111111100011111111011111101111111101110111101111111011111111111111111111100111111111811111111111111111111111111111111111111111
1111111111111101011111111101111111101010111111110011111111101111111111111110111111110111111110101111101111111011110111101111111011111111111111111111101011111111181111111111111111111111111111111111111111
1111111111111011011111111101111111011100111111101101111111011111111111111111011111111011111101101111011111111011101111011111111011111111111111111111001101111111118111111111111111111111111111111111111111
1111111111110111011111111110111110111101011100011110111110111111111111111111011111111101110011101110111111110111101111011111111011111111111111111110101110111111111811111111111111111111111111111111111111
1111111111101111011111111111011001111101101011111111011101111111111111111111011111111110101111110110111111110111011111011111111011111111111111110001101111011111111181111111111111111111111111111111111111
1111111111101111011111111111100111111110110111111111101011111111111111111111011111111110000000111010111111110111011111011111111011111111111111101111011111101111111111811111111111111111111111111111111111
1111111111011111011111111111110111111110101111111111100111111111111111111111101111111001111111000000000000000000000000011111111011111111111100011110111111110111111111181111111111111111111111111111111111
1111111110111111011111111111110111111110011111111111011111111111111111111111110111100111111111111111111111101111111111000000000011111111111011111110111111111011111111118111111111111111111111111111111111
1111111110110000100111111111110111111001111111111110111111111111111111111111110111011111111111111111111111101111111111011111111011111111000111111110111111111101111111111811111111111111111111111111111111
1111111110101111111000011111111011100111111111111101111111111111111111111111111000111111111111111111111111101111111111011111111011111110111111111101111111111110111111111181111111111111111111111111111111
1111111111011111111110101111111011011111111111110011111111111111111111111111111011111111111111111111111111101111111111011111111011111101111111111101111111111111000001111111811111111111111111111111111111
1111111110101111100001110111111100111111111111101111111111111111111111111111111011111111111111111111111111101111111111011111111011111011111111111101111111111111111110111111181111111111111111111111111111
1111111101101111011111111000011101111111111111011111111111111111111111111111111011111111111111111111111111011111111111011111110111110111111111111101111111111111111111011111118111111111111111111111111111
1111111011110110111111111111101001111111111000111111111111111111111111111111111011111111111111111111111111011111111111011111110111101111111111111011111111111111111111101111118111111111111111111111111111
1111100111110101111111111111110110111111110111111111111111111111111111111111111011111111111111111111111111011111111111011111110111011111111111111011111111111111111111110111111811111111111111111111111111
1111011111100011111111111111101111011111001111111111111111111111111111111111111011111111111111111111111110000011111111011111110100111111111111111011111111111111111111111001111181111111111111111111111111
1110111111011101111111111111011111011110111111111111111111111111111111111111111101111111111111111111111101011101111111011111110011111111111111111011111111111111111111111110111118111111111111111111111111
1101111000111110111111111110111111101101111111111111111111111111111111111111111101111111111111111111111011011110000000011111110111111111111111110111111111111111111111111000011111811111111111111111111111
1110100111111111011111111101111111110011111111111111111111111111111111111111111110111111111111111111110111011111111111011111000111111111111111101111111111111111111111000111111111811111111111111111111111
1110011111111110101111110011111111110111111111111111111111111111111111111111111110111111111111111111001111011111111111011110110111111111111111011111111111111111111110111111111111181111111111111111111111
1110111111110001110111001111111111101011111111111111111111111111111111111111111110111111111111111110111111011111111111011101110111111111111110111111111111111111100001111111111111118111111111111111111111
1110111111101111111000111111111111011011111111111111111111111111111111111111111111011111111111111101111111011111111111011011110111111111111101111111111111111100011111111111111111111811111111111111111111
1111011110011111110011111111111100111011111111111111111111111111111111111111111111101111111111111011111111011111111111010111111011111111111101111111111111100011111111111111111111111811111111111111111111
1111011001111111001101111111110011111101111111111111111111111111111111111111111111101111111111110111111111011111111111001111111011111111111101111000000000011111111111111111111111111118111111111111111111
1111010111111100111110111111101111111110111111111111111111111111111111111111111111101111111111101111111111101111111110111111111011111111111011110111111111111111111111111111111111111118111111111111111111
1111001111111011111110111111011111111110111111111111111111111111111111111111111111101111111111011111111111101111111101111111111011111111111011001111111111111111111111111111111111111111181111111111111111
1111101111100111111110111110111111111111011111111111111111111111111111111111111111101111111110111111111111101111110011111111111011111111111000111111111111111111111111111111111111111111181111111111111111
1111110010011111111111011101111111111111101111111111111111111111111111111111111111110111111101111111111111110110001111111111111011111100000011111111111111111111111111111111111111111111118111111111111111
1111111101111111111111000011111111111111101111111111111111111111111111111111111111111011111011111111111111110101111111111111111010000011110111111111111111111111111111111111111111111111111811111111111111
1111111101111111111000101111111111111111101111111111111111111111111111111111111111111011110111111111111111110011111111111111111001111111110111111111111111111111111111111111111111111111111811111111111111
1111111110111111100111110111111111111111101111111111111111111111111111111111111111111101101111111111111000000000000000000000000011111111110111111111111111111111111111111111111111111111111811111111111111
1111111110111111011111111011111111111111101111111111111111111111111111111111111111111101011111000000000111111111111111011111111011111111110111111111111111111111111111111111111111111111111181111111111111
1111111110111110111111111011111111111111101111111111111111111111111111111111111111111100000000111111111111111111111111011111111011111111110111111111111111111111111111111111111111111111111181111111111111
1111111110111101111111111101111111111111110111111111111111111111111111111111111111110000111111111111111111111111111111011111111011111111110111111111111111111111111111111111111111111111111118111111111111
1111111110110011111111111110111111111111111011111111111111111111111111111111111111101101111111111111111111111111111111011111111011111111110111111111111111111111111111111111111111111111111111811111111111
1111111110101111111111111111011111111111111101111111111111111111111111100000000000011101111111111111111111111111111111011111111101111111110111111111111111111111111111111111111111111111111111181111111111
1111111111011111111111111111011111111111111101111111000000000000000000011111111111111101111111111111111111111111111111011111111101111111110111111111111111111111111111111111111111111111111111181111111111
1111111111011111111111111111101111111111111110111000110111111111011111111111111111111101111111111111111111111111111111011111111101111111110111111111111111111111111111111111111111111111111111118111111111
1111111111011111111111111111101111111110000000000011111011111111101111111111111111111101111111111111111111111111111111101111111101111111110111111111111111111111111111111111111111111111111111118111111111
1111111111011111111111111111101111110000111110111011111101111111101111111111111111111110111111111111111111111111111111101111111101111111110111111111111111111111111111111111111111111111111111111811111111
1111111111011111111111111111110000001011111101111011111101111111101111111111111111111111011111111111111111111111111111101111111101111111111011111111111111111111111111111111111111111111111111111811111111
1111111111011111111111111111000111110111111101111011111101111111110111111111111111111111011111111111111111111111111111101111111101111111111101111111111111111111111111111111111111111111111111111181111111
1111111111101111111111111000111111101111111101111011111101111111110111111111111111111111011111111111111111111111111111101111111101111111111101111111111111111111111111111111111111111111111111111181111111
1111111111101111111111110111111111011111111101111011111101111111110111111111111111111111011111111111111111111111111111101111111101111111111101111111111111111111111111111111111111111111111111111118111111
1111111111101111111111001111111110111111111100111011111101111111110111111111111111111111011111111111111111111111111111101111111101111111111101111111111111111111111111111111111111111111111111111118111111
1111111111101111110000111111111101111111111101001011111101111111110111111111111111111111011111111111111111111111111111101111111101111111111101111111111111111111111111111111111111111111111111111111811111
1111111111101100001111111111111011111111111011110000000001111111110111111111111111111111011111111111111111111111111111101111111101111111111101111111111111111111111111111111111111111111111111111111811111
1111111111100011111111111111110111111111110111111011111101111111110111111111111111111111011111111111111111111111111111101111111101111111111101111111111111111111111111111111111111111111111111111111811111
1111111111101111111111111111001111111111110111111011111101111111111011111111111111111111011111111111111111111111111111101111111110111111111101111111111111111111111111111111111111111111111111111111811111
1111111111101111111111111110111111111111110111111011111101111111111011111111111111111111011111111111111111111111111111110111111110111111111101111111111111111111111111111111111111111111111111111111811111
1111111111101111111111111101111111111111110111111011111101111111111011111111111111111111011111111111111111111111111111110111111110111111111101111111111111111111111111111111111111111111111111111111811111
1111111111101111111111111011111111111111110111110111111101111111111011111111111111111111011111111111111111111111111111111011111110111111111101111111111111111111111111111111111111111111111111111111811111
1111111111101111111111110111111111111111110111110111111101111111111011111111111111111111011111111111111111111111111111110111111110111111111101111111111111111111111111111111111111111111111111111111811111
1111111111101111111111101111111111111111110111110111111101111111111011111111111111111111011111111111111111111111111111101111111110111111111101111111111111111111111111111111111111111111111111111111811111
1111111111101111111111011111111111111111110111110111111101111111111011111111111111111111011111111111111111111111100000011111111111011111111101111111111111111111111111111111111111111111111111111111811111
1111111111101111111110111111111111111111101111101111111101111111111011111111111111111111011111111111111111111111011111111111111111011111111101111111111111111111111111111111111111111111111111111111811111
1111111111101111111101111111111111111111011111101111110001111111111011111111111111111111011111111111111111111111011111111111100000000000000001111111111111111111111111111111111111111111111111111111811111
1111111111101111111011111111111111111111000000000000001110111111111011111111111111111111011111111111111111111111011111111111011111111111111101111111111111111111111111111111111111111111111111111111811111
1111111111101111110111111111111111111111111111011111111110111111111011111111111111111111011111111111111111111110111111100000111111111111111101111111111111111111111111111111111111111111111111111111811111
1111111111101111101111111111111111111111111111011111111110111111111011111111111111111111011111111111111111111110111110011111111111111111111101111111111111111111111111111111111111111111111111111111811111
1111111111101111011111111111111111111111111111011111111110111111111011111111111111111111101111111111111111111100000001111111111111111111111101111111111111111111111111111111111111111111111111111118111111
1111111111101110111111111111111111111111111111011111111110111111111011111111111111111111101111111111111111111001111111111111111111111111111101111111111111111111111111111111111111111111111111111118111111
1111111111101101111111111111111111111111111111011111111110111111111011111111111111111111101110000000000000000011111111111111111111111111111101111111111111111111111111111111111111111111111111111118111111
1111111111101011111111111111111111111111111111011111111110111111111011111111111100000000000001111111111111110111111111111111111111111111111011111111111111111111111111111111111111111111111111111181111111
1111111111100111111111111111111111111111111111011111111110111111111000000000000011111111110111111111111111111011111111111111111111111111111011111111111111111111111111111111111111111111111111111181111111
1111111111100000000000000000000000000001111111101111111110111111111011111111111111111111110111111111111111111011111111111111111111111111111011111111111111111111111111111111111111111111111111111811111111
1111111111110111111111111111111111111110000000001111111111011111111011111111111111111111110111111111111111111011111111111111111111111111111011111111111111111111111111111111111111111111111111111811111111
1111111111110111111111111111111111111111111111101111111111011111111011111111111111111111110111111111111111111011111111111111111111111111111011111111111111111111111111111411111111111111111111118111111111
1111111111111011111111111111111111111111111111101111111111011111111101111111111111111111110111111111111111111011111111111111111111111111111011111111111111111111111111114444411111111111111111181111111111
1111111111111101111111111111111111111111111111101111111111011111111101111111111111111111110111111111111111111101111111111111111111111111111011111111111111111111111111144444444441111111111111181111111111
1111111111111101111111111111111111111111111111101111111111011111111101111111111111111111110111111111111111111101111111111111111111111111111011111111111111111111111111144444444444444111111111811111111111
1111111111111101111111111111111111111111111111110111111111011111111101111111111111111111110111111111111111111101111111111111111111111111111011111111111111111111111111144444444444444444411118111111111111
1111111111111110111111111111111111111111111111111011111111011111111101111111111111111111111011111111111111111101111111111111111111111111111011111111111111111111111111144444444444444444411118111111111111
1111111111111111011111111111111111111111111111111011111111011111111101111111111111111111111011111111111111111101111111111111111111111110000011111111111111111111111111444444444444444444111181111111111111
1111111111111111011111111111111111111111111111111011111111011111111101111111111111111111111011111111111111111110111111111111111110000001110111111111111111111111111111444444444444444444111181111111111111
1111111111111111011111111111111111111111111111111011000000011111111110111111111111111111111011111111111111111110111111111100000001111111101111111111111111111111111111444444444444444444111811111111111111
1111111111111111011111111111111111111111111111111000111111011111111110111111111111111111111011111000000000000000000000000011111111111111011111111111111111111111111114444444444444444441111811111111111111
1111111111111111011111111111111111111111111111111011111111011111111110111111111111111111111011000111111111111111111111111111111111111110111111111111111111111111111114444444444444444441118111111111111111
1111111111111111101111111111111111111111111111111111111111101111111110111111111111111111111000111111111111111111111111111111111111111101111111111111111111111111111114444444444444444441181111111111111111
1111111111111111110111111111111111111111111111111111111111101111111110111111111111111111111011111111111111111111111111111111111111111011111111111111111111111111111144444444444444444411181111111111111111
1111111111111111110111111111111111111111111111111111111111101111111110111111111111111111111011111111111111111111111111111111111111110111111111111111111111111111111144444444444444444411811111111111111111
1111111111111111111011111111111111111111111111111111111111101111111110111111111111111111111011111111111111111111111111111111111111101111111111111111111111111111111144444444444444444411811111111111111111
1111111111111111111011111111111111111111111111111111111111101111111110111111111111111111111011111111111111111111111111111111111111011111111111111111111111111111111444444444444444444118111111111111111111
1111111111111111111011111111111111111111111111111111111111101111111110111111111111111111111011111111111111111111111111111111111110111111111111111111111111111111111444444444444444444118111111111111111111
1111111111111111111011111111111111111111111111111111111111101111111110111111111111111111111011111111111111111111111111111111111101111111111111111111111111111111111444444444444444444444444444444411111111
1111111111111111111011111111111111111111111111111111111111101111111110111111111111111111111011111111111111111111111111111111111011111111111111111111111111111111114444444444444444444444444444444111111111
1111111111111111111101111111111111111111111111111111111111101111111110111111111111111111111011111111111111111111111111111111110111111111111111111111111111111111114444444444444444444444444444444111111111
1111111111111111111110111111111111111111111111111111111111101111111110111111111111111111111011111111111111111111111111111111101111111111111111111111111111111111114444444444444444444444444444441111111111
1111111111111111111111011111111111111111111111111111111111101111111110111111111111111111111011111111111111111111111111111111011111111111111111111111111111111111144444444444444444444444444444441111111111
1111111111111111111111011111111111111111111111111111111111101111111110111111111111111111111011111111111111111111111111111111011111111111111111111111111111111111144444444444444444444444444444441111111111
1111111111111111111111011111111111111111111111111111111111101111111110111111111111111111111011111111111111111111111111111110111111111111111111111111111111111111144444444444444444444444444444411111111111
1111111111111111111111011111111111111111111111111111111111101111111110111111111111111111111011111111111111111111111111111101111111111111111111111111111111111111444444444444444444444444444444411111111111
1111111111111111111111101111111111111111111111111111111111110111111110111111111111111111111011111111111111111111111111111011111111111111111111111111111111111111444444444444444444444444444444111111111111
1111111111111111111111101111111111111111111111111111111111110111111110111111111111111111111011111111111111111111111111110111111111111111111111111111111111111111444444444444444444444444444444111111111111
1111111111111111111111101111111111111111111111111111111111110111111111011111110000000000000001111111111111111111111111101111111111111111111111111111111111111114444444444444444444444444444441111111111111
1111111111111111111111110111111111111111111111111111111111110000000000000000001111111111111101111111111111111111111111011111111111111111111111111111111111111114444444444444444444444444444441111111111111
1111111111111111111111110111111111111111111111111111111111110111111111111111111111111111111101111111111111111111111111011111111111111111111111111111111111111114444444444444444444444444444441111111111111
1111111111111111111111111011111111111111111111111111111111110111111111111111111111111111111110111111111111111111111110111111111111111111111111111111111111111144444444444444444444444444444411111111111111
1111111111111111111111111101111111111111111111111111111111110111111111111111111111111111111110111111111111111111111101111111111111111111111111111111111111111144444444444444444444444444444411111111111111
1111111111111111111111111110111111111111111111111111111111110111111111111111111111111111111110111111111111111111111011111111111111111111111111111111111111111144444444444444444444444444444111111111111111
1111111111111111111111111110111111111111111111111111111111110111111111111111111111111111111110111111111111111111110111111111111111111111111111111111111111111444444444444444444444444444444111111111111111
1111111111111111111111111111011111111111111111111111111111110111111111111111111111111111111110111111111111111111101111111111111111111111111111111111111111111444444444444444444444444444444111111111111111
1111111111111111111111111111011111111111111111111111111111110111111111111111111111111111111110111111111111111111011111111111111111111111111111111111111111111444444444444444444444444444441111111111111111
1111111111111111111111111111011111111111111111111111111111110111111111111111111111111111111111011111111111111110111111111111111111111111111111111111111111114444444444444444444444444444441111111111111111
1111111111111111111111111111011111111111111111111111111111110111111111111111111111111111111111101111111111111101111111111111111111111111111111111111111111114444444444444444444444444444411111111111111111
1111111111111111111111111111101111111111111111111111111111110111111111111111111111111111111111101111111111111011111111111111111111111111111111111111111111114444444444444444444444444444411111111111111111
1111111111111111111111111111110111111111111111111111111111110111111111111111111111111111111111101111111111111001111111111111111111111111111111111111111111144444444444444444444444444444111111111111111111
1111111111111111111111111111110111111111111111111111111111110111111111111111111111111111111111101111111111110110111111111111111111111111111111111111111111144444444444444444444444444444111111111111111111
1111111111111111111111111111110111111111111111111111111111110111111111111111111111111111111111101111111111101111011111111111111111111111111111111111111111144444444444444444444444444444111111111111111111
1111111111111111111111111111110111111111111111111111111111110111111111111111111111111111111111101111111111011111100001111111111111111111111111111111111111444444444444444444444444444441111111111111111111
1111111111111111111111111111110111111111111111111111111111110111111111111111111111111111111111101111111110111111111101111111111111111111111111111111111111444444444444444444444444444441111111111111111111
1111111111111111111111111111111011111111111111111111111111111011111111111111111111111111111111101111111101111111111101111111111111111111111111111111111111444444444444444444444444444411111111111111111111
1111111111111111111111111111111011111111111111111111111111111011111111111111111111111111111111110111111011111111111011111111111111111111111111111111111114444444444444444444444444444411111111111111111111
1111111111111111111111111111111011111111111111111111111111111011111111111111111111111111111111110111111011111111110111111111111111111111111111111111111114444444444444444444444444444411111111111111111111
1111111111111111111111111111111101111111111111111111111111111011111111111111111111111111111111110111110111111111101111111111111111111111111111111111111114444444444444444444444444444111111111111111111111
1111111111111111111111111111111101111111111111111111111111111101111111111111111111111111111111111011101111111111011111111111111111111111111111111111111144444444444444444444444444444111111111111111111111
1111111111111111111111111111111101111111111111111111111111111101111111111111111111111111111111111011011111111111011111111111111111111111111111111111111144444444444444444444444444441111111111111111111111
1111111111111111111111111111111101111111111111111111111111111101111111111111111111111111111111111010111111111110111111111111111111111111111111111111111144444444444444444444444444441111111111111111111111
1111111111111111111111111111111101111111111111111111111111110000000000000000000000011111111111111001111111111110111111111111111111111111111111111111111444444444444444444444444444411111111111111111111111
1111111111111111111111111111111110111111111111111111111100001111111111111111111111100000000000000011111111111110111111111111111111111111111111111111111444444444444444444444444444411111111111111111111111
1111111111111111111111111111111110111111111111111111100011111111111111111111111111111111111111110100001111111110111111111111111111111111111111111111111444444444444444444444444444411111111111111111111111
1111111111111111111111111111111111011111100000000000011111111111111111111111111111111111111111101111110011111110111111111111111111111111111111111111114444444444444444444444444444111111111111111111111111
1111011111111111111111111111111111011110011111111111111111111111111111111111111111111111111111011111111101111110111111111111111111111111111111111111114444444444444444444444444444111111111111111111111111
1111000000000000000111111111111111011001111111111111111111111111111111111111111111111111111110111111111110000001111111111111111111111111111111111111114444444444444444444444444441111111111111111111111111
1111011111111111111000011111111111010111111111111111111111111111111111111111111111111111111101111111111111111101111111111111111111111111111111111111144444444444444444444444444441111111111111111111111111
1111011111111111111111100000000000000001111111111111111111111111111111111111111111111111111011111111111111111111111111111111111111111111111111111111144444444444444444444444444441111111111111111111111111
1111011111111111111111111111111111011110000000111111111111111111111111111111111111111111110111111111111111111111111111111111111111111111111111111111144444444444444444444444444411111111111111111111111111
1111011111111111111111111111111111011111111111000111111111111111111111111111111111111111101111111111111111111111111111111111111111111111111111111111144444444444444444444444444411111111111111111111111111
1111011111111111111111111111111111011111111111111001111111111111111111111111111111111111011111111111111111111111111111111111111111111111111111111111144444444444444444444444444411111111111111111111111111
1111011111111111111111111111111111011111111111111100000000000000000000000000000111111110111111111111111111111111111111111111111111111111111111111111144444444444444444444444444411111111111111111111111111
1111011111111111111111111111111111011111111111111101111111111111111101111111111000000001111111111111111111111111111111111111111111111111111111111111144444444444444444444444444411111111111111111111111111
1111011111111111111111111111111110111111111111111101111111111111111101111111111111111100111111111111111111111111111111111111111111111111111111111111144444444444444444444444444411111111111111111111111111
1111011111111111111111111111111110111111111111111101111111111111111101111111111111111101000000000000000000111111111111111111111111111111111111111111444444444444444444444444444411111111111111111111111111
1111011111111111111111111111111110111111111111111101111111111111111101111111111111111101111111111111011111000000011111111111111111111111111111111111444444444444444444444444444411111111111111111111111111
1111011111111111111111111111111110111111111111111101111111111111111101111111111111111101111111111111011111111111101111111111111111111111111111111111444444444444444444444444444411111111111111111111111111
1111011111111111111111111111111110111111111111111101111111111111111101111111111111111101111111111111011111111111110001111111111111111111111111111111444444444444444444444444444411111111111111111111111111
1110111111111111111111111111111110111111111111111101111111111111111101111111111111111101111111111111011111111111111101111111111111111111111111111111444444444444444444444444444411111111111111111111111111
1110111111111111111111111111111110111111111111111101111111111111111101111111111111111101111111111111011111111111111101111111111111111111111111111111444444444444444444444444444441111111111111111111111111
1110111111111111111111111111111101111111111111111101111111111111111101111111111111111101111111111111011111111111111101111111111111111111111111111114444444444444444444444444444444441111111111111111111111
1100000000000000000000111111111101111111111111111101111111111111111101111111111111111101111111111111011111111111111101111111111111111111111111111114444444444444444444444444444444444441111111111111111111
1111111111111111111111000111111101111111111111111101111111111111111101111111111111111011111111111111011111111111111101111111111111111111111111111114444444444444444444444444444444444444441111111111111111
1111111111111111111111111000000011111111111111111101111111111111111101111111111111111011111111111111011111111111111101111111111111111111111111111114444444444444444444444444444444444444444441111111111111
1111111111111111111111111111111001111111111111111101111111111111111011111111111111111011111111111111011111111111111101111111111111111111111111111114444444444444444444444444444444444444444444441111111111
1111111111111111111111111111111110001111111111111011111111111111111011111111111111111011111111111111011111111111111101111111111111111111111111111114444444444444444444444444444444444444444444444441111111
1111111111111111111111111111111111110000111111111011111111111111111011111111111111110111111111111111011111111111111011111111111111111111111111111144444444444444444444444444444444444444444444444444441111
1111111111111111111111111111111111111111011111111011111111111111111011111111111111110111111111111111011111111111110111111111111111111111111111111144444444444444444444444444444444444444444444444444444441
1111111111111111111111111111111111111111100000000000000011111111111011111111111111101111111111111111011111111111110111111111111111111111111111111144444444444444444444444444444444444444444444444444444441
1111111111111111111111111111111111111111111111111111111100000000000000011111111111101111111111111111011111111111110111111111111111111111111111111144444444444444444444444444444444444444444444444444444441
1111111111111111111111111111111111111111111111111111111111111111111111100000000011101111111111111111011111111111110111111111111111111111111111111144444444444444444444444444444444444444444444444444444441
1111111111111111111111111111111111111111111111111111111111111111111111111111111100000001111111111111011111111111110111111111111111111111111111111444444444444444444444444444444444444444444444444444444441
1111111111111111111111111111111111111111111111111111111111111111111111111111111111111110000011111111011111111111110111111111111111111111111111111444444444444444444444444444444444444444444444444444444441
1441111111111111111111111111111111111111111111111111111111111111111111111111111111111111111100000000011111111111110111111111111111111111111111111444444444444444444444444444444444444444444444444444444441
1444111111111111111111111111111111111111111111111111111111111111111111111111111111111111111111111111100000000000010111111111111111111111111111111444444444444444444444444444444444444444444444444444444441
1444444111111111111111111111111111111111111111111111111111111111111111111111111111111111111111111111111111111111100111111111111111111111111111111444444444444444444444444444444444444444444444444444444441
1444444444111111111111111111111111111111111111111111111111111111111111111111111111111111111111111111111111111111111111111111111111111111111111111444444444444444444444444444444444444444444444444444444441
1444444444444111111111111111111111111111111111111111111111111111111111111111111111111111111111111111111111111111111111111111111111111111111111114444444444444444444444444444444444444444444444444444444441
1444444444444444111111111111111111111111111111111111111111111111111111111111111111111111111111111111111111111111111111111111111111111111111111114444444444444444444444444444444444444444444444444444444441
1444444444444444444111111111111111111111111111111111111111111111111111111111111111111111111111111111111111111111111111111111111111111111111111114444444444444444444444444444444444444444444444444444444441
1444444444444444444444444444444444411111111111111111111111111111111111111111111111111111111111111111111111111111111111111111111111111111111111114444444444444444444444444444444444444444444444444444444441
1444444444444444444444444444444444444111111111111111111111111111111111111111111111111111111111111111111111111111111111111111111111111111111111114444444444444444444444444444444444444444444444444444444441
1444444444444444444444444444444444444441111111111111111111111111111111111111111111111111111111111111111111111111111111111111111111111111111111114444444444444444444444444444444444444444444444444444444441
1444444444444444444444444444444444444444411111111111111111111111111111111111111111111111111111111111111111111111111111111111111111111111111111144444444444444444444444444444444444444444444444444444444441
1444444444444444444444444444444444444444444111111111111111111111111111111111111111111111111111111111111111111111111111111111111111111111111111144444444444444444444444444444444444444444444444444444444441
1444444444444444444444444444444444444444444411111111111111111111111111111111111111111111111111111111111111111111111111111111111111111111111111144444444444444444444444444444444444444444444444444444444441
1444444444444444444444444444444444444444444441111111111111111111111111111111111111111111111111111111111111111111111111111111111111111111111111144444444444444444444444444444444444444444444444444444444441
1444444444444444444444444444444444444444444444111111111111111111111111111111111111111111111111111111111111111111111111111111111111111111111111144444444444444444444444444444444444444444444444444444444441
1444444444444444444444444444444444444444444444411111111111111111111111111111111111111111111111111111111111111111111111111111111111111111111111144444444444444444444444444444444444444444444444444444444441
1444444444444444444444444444444444444444444444441111111111111111111111111111111111111111111111111111111111111111111111111111111111111111111111444444444444444444444444444444444444444444444444444444444441
1444444444444444444444444444444444444444444444444444444444111111111111111111111111111111111111111111111111111111111111111111111111111111111111444444444444444444444444444444444444444444444444444444444441
1444444444444444444444444444444444444444444444444444444444444444444411111111111111111111111111111111111111111111111111111111111111111111111111444444444444444444444444444444444444444444444444444444444441
1444444444444444444444444444444444444444444444444444444444444444444444444444411111111111111111111111111111111111111111111111111111111111111111444444444444444444444444444444444444444444444444444444444441
1444444444444444444444444444444444444444444444444444444444444444444444444444444444444411111111111111111111111111111111111111111111111111111111444444444444444444444444444444444444444444444444444444444441
1444444444444444444444444444444444444444444444444444444444444444444444444444444444444444444441111111111111111111111111111111111111111111111111444444444444444444444444444444444444444444444444444444444441
1111111111111111111111111111111111111111111111111111111111111111111111111111111111111111111111111111111111111111111111111111111111111111111111111111111111111111111111111111111111111111111111111111111111