1111111111111111111111111111111111111111111111111111111111111111111111111111111111111111111111111111111111111111111111111111111111111111111111111111111111111111111111111111111111111111111111111111111111
1111111111111111111111111111111111111111111111111111111111111111111111111111111111111111111111111111111111111111111111111111111111111111111111111111111111111111111111111111111111111111111111111111111111
1111111111111111111111111111111111111111111111111111111111111111111111111111111111111111111111111111111111111111111111111111111111111111111111111111111111111111111111111111111111111111111111111111111111
1111111111111111111111111111111111111111111111111111111111111111111111111111111111111111111188888888888888888888881111111111111111111111111111111111111111111111111111111111111111111111111111111111111111
1111111111111111111111111111111111111111111111111111111111111111111111111111111111111888888811111111111111111111118111111111111111111111111111111111111111111111111111111111111111111111111111111111111111
1111111111111111111111111111111111111111111111111111111111111111111111111111118888888111111111111111111000000111111888111111111111111111111111111111111111111111111111111111111111111111111111111111111111
1111111111111111111111111111111111111111111111111111111111111111111111888888881110000000000000000000000111101000011111811111111111111111111111111111111111111111111111111111111111111111111111111111111111
1111111111111111111111111111111111111111111111111111111111111188888888111100000001111111111111111111111111101111100011188811111111111111111111111111111111111111111111111111111111111111111111111111111111
1111111111111111111111111111111111111111111111111111111888888811111000000011111011111111111111111111111111101111111000111188111111111111111111111111111111111111111111111111111111111111111111111111111111
1111111111111111111111111111111111111111111111118888888111111111000111110111111101111111111111111111111111101111110111000111881111111111111111111111111111111111111111111111111111111111111111111111111111
1111111111111111111111111111111111188888888888881111111111111000111111110111111110111111111111111111111111011111110111101011118811111111111111111111111111111111111111111111111111111111111111111111111111
1111111111111111111111111111188888811111111111111111111111110111111111101111111111011111111111111111111111011111110111101101111188111111111111111111111111111111111111111111111111111111111111111111111111
1111111111111111111111118888811111111111111111111111111111101111111111011111111111101111111111111111111110111111110111101110011111881111111111111111111111111111111111111111111111111111111111111111111111
1111111111111111111118881111111111111111111111111111111110011111111110111111111111101111111111111111111110111111110111101111101111118881111111111111111111111111111111111111111111111111111111111111111111
1111111111111111111188111111111111111111111111111111110000111111111101111111111111010111111111111111111110111111110111101111110011111118811111111111111111111111111111111111111111111111111111111111111111
1111111111111111118811111111111111111111111111110000001001111111111011111111111110111011111111111111111100111111101111101111111101111111188111111111111111111111111111111111111111111111111111111111111111
1111111111111111881111111111111111111111110000001111100110111111110111111111111001111101111111111111110010111111101111101111111100011111111881111111111111111111111111111111111111111111111111111111111111
1111111111111888111111111111111111000000001111111111011111011111101111111111110111111110111111111100001110111111101111011111111101101111111118881111111111111111111111111111111111111111111111111111111111
1111111111111811111111111111111110111111111111111110111111101110011111111111001111111110111111111011111101111111011111011111111101110001111111118811111111111111111111111111111111111111111111111111111111
1111111111881111111111111111111001011111111111111101111111110101101111111110111111111111011111110111111101111111011111011111111101111110001111111188811111111111111111111111111111111111111111111111111111
1111111188111111111111111110000111101111111111100011111111110011110111111101111111111111101110001111111101111111011110111111111101111111110011111111188111111111111111111111111111111111111111111111111111
1111118811111111111111111101111111110111111111011111111111101101111011111011111111111111110101111111111101111111011101111111111101111111111101111111111811111111111111111111111111111111111111111111111111
1111181111111111111111110011111111110111111000111111111111011101111101110111111111111111111011111111111011111110111011111111111101111111111110001111111181111111111111111111111111111111111111111111111111
1118111111111111111111001111111111110111110111111111111110111110111110001111111111111111100101111111111000111110111011111111111011111111111111110111111111811111111111111111111111111111111111111111111111
1181111111111111111110101111111111111011001111111111111001111111011101011111111111111111011110111111100011011110111011111111111011111111111111111001111111181111111111111111111111111111111111111111111111
1111111111111111111001110111111111111100111111111111110111111111100011101111111111111110111110111110011011100000000001111111111011111111111111111110111111118111111111111111111111111111111111111111111111
1111111111111111100111111011111111111101111111111111101111111111011111110111111111111001111110111001111011111101111010011111111011111111111111111111011111111811111111111111111111111111111111111111111111
1111111111111111011111111101111111111001111111111110011111111110111111111011111111110111111111010111111011111011110111100000000011111111111111111111101111111181111111111111111111111111111111111111111111
1111111111111110011111111101111111100110111111111101111111111101111111111011111111101111111110001111110111110111110111101111111011111111111111111111100111111111811111111111111111111111111111111111111111
1111111111111101011111111110111111011011011111111011111111111011111111111101111111110111111101101111101111110111110111101111111011111111111111111111011000111111181111111111111111111111111111111111111111
1111111111111101011111111110111110111101101111110101111111100111111111111101111111111011110011110111011111110111110111101111111011111111111111111100111111011111118111111111111111111111111111111111111111
1111111111111011011111111110111001111110101111101101111100011111111111111110111111111011101111110111011111110111101111101111111011111111111111111011111111101111111811111111111111111111111111111111111111
1111111111110111011111111111010111111110110111011110111011111111111111111110111111111101011111110110111111110111011111101111111011111111111111110111111111110111111181111111111111111111111111111111111111
1111111111101111011111111111101111111110110000111111010111111111111111111111011111111110011111111010111111101110111111101111111011111111111111001111111111111011111111811111111111111111111111111111111111
1111111111011111011111111111110111111110101111111111101111111111111111111111101111111101100000000000000000000000000000011111111011111111111000111111111111111101111111181111111111111111111111111111111111
1111111110111111011111111111111011111110011111111111011111111111111111111111110111110011111111111111111111101111111111000000000011111111110111111111111111111110111111118111111111111111111111111111111111
1111111111011100100001111111111011111001111111111110111111111111111111111111110111001111111111111111111111101111111111011111111011111111001111111111111111111111001111111811111111111111111111111111111111
1111111111000011111100011111111101110111111111111101111111111111111111111111111000111111111111111111111111101111111111011111111011111110111111111111111111111111110111111181111111111111111111111111111111
1111111111011111111011100111111101101111111111111011111111111111111111111111111011111111111111111111111111011111111111011111111011111101111111111111111111111111111011111111811111111111111111111111111111
1111111110011111110111111000111101011111111111110111111111111111111111111111111011111111111111111111111111011111111111011111111011111011111111111111111111111111111101111111181111111111111111111111111111
1111111001101111101111111111011100111111111111001111111111111111111111111111111101111111111111111111111111011111111111011111111011110111111111111111111111111111111110111111118111111111111111111111111111
1111110111101110011111111111101010111111111110111111111111111111111111111111111101111111111111111111111111011111111111011111111011101111111111111111111111111111111111011111118111111111111111111111111111
1111101111110101111111111111100111011111111101111111111111111111111111111111111101111111111111111111111111011111111111011111111011011111111111111111111111111111111111100111111811111111111111111111111111
1111011111000011111111111111011111011111111011111111111111111111111111111111111101111111111111111111111111000011111111011111111010111111111111111111111111111111111111111011111181111111111111111111111111
1110111110111101111111111110111111011111100111111111111111111111111111111111111110111111111111111111111110101100111111011111110001111111111111111111111111111111111111111100111118111111111111111111111111
1101111101111110111111111101111111101111011111111111111111111111111111111111111110111111111111111111111101101111000000011111000111111111111111111111111111111111111111111111011111811111111111111111111111
1110100011111110011111111011111111110100111111111111111111111111111111111111111110111111111111111111110011101111111111011110110111111111111111111111111111111111111111100000111111811111111111111111111111
1110011111110001101111110111111111110011111111111111111111111111111111111111111110111111111111111111101111101111111111011101110111111111111111111111111111111111111000011111111111181111111111111111111111
1110111111101111110100001111111100000111111111111111111111111111111111111111111110111111111111111111011111101111111111011011110111111111111111111111111111111111110111111111111111118111111111111111111111
1110111100011111111011111111111011110111111111111111111111111111111111111111111111011111111111111110111111101111111111010111110111111111111111111111111111111111001111111111111111111811111111111111111111
1111011011111111100101111111110111111011111111111111111111111111111111111111111111011111111111111101111111101111111111001111110111111111111111111111111111111110111111111111111111111811111111111111111111
1111010111111111011110111111101111111101111111111111111111111111111111111111111111101111111111111011111111101111111111011111110111111111111111111111111111111001111111111111111111111118111111111111111111
1111001111111100111110111111011111111101111111111111111111111111111111111111111111101111111111110111111111101111111100111111111011111111111111111111100000000111111111111111111111111118111111111111111111
1111001111111011111110111100111111111110111111111111111111111111111111111111111111101111111111101111111111101111111011111111111011111111111111111111011111111111111111111111111111111111181111111111111111
1111110111100111111111011011111111111111011111111111111111111111111111111111111111101111111110011111111111110111110111111111111011111111111111111110111111111111111111111111111111111111181111111111111111
1111111011011111111111010111111111111111011111111111111111111111111111111111111111110111111101111111111111110110001111111111111011111111110000000001111111111111111111111111111111111111118111111111111111
1111111100111111111111101111111111111111011111111111111111111111111111111111111111110111111011111111111111110101111111111111111011000000000111111111111111111111111111111111111111111111111811111111111111
1111111101111111111110001111111111111111101111111111111111111111111111111111111111110111110111111111111111110011111111111111100000111111110111111111111111111111111111111111111111111111111811111111111111
1111111101111111111001110111111111111111110111111111111111111111111111111111111111110111101111111111111111110000000000000000011011111111110111111111111111111111111111111111111111111111111811111111111111
1111111101111111100111111011111111111111110111111111111111111111111111111111111111111011011111100000000000001111111111101111111011111111111011111111111111111111111111111111111111111111111181111111111111
1111111110111111011111111101111111111111111011111111111111111111111111111111111111111010111000011111111111111111111111101111111011111111111101111111111111111111111111111111111111111111111181111111111111
1111111110111100111111111110111111111111111101111111111111111111111111111111111111100000000111111111111111111111111111101111111011111111111101111111111111111111111111111111111111111111111118111111111111
1111111110111011111111111111011111111111111101111111111111111111111111111111100000011101111111111111111111111111111111101111111101111111111101111111111111111111111111111111111111111111111111811111111111
1111111111010111111111111111011111111111111110111111111111111111111111000000011111111101111111111111111111111111111111101111111101111111111101111111111111111111111111111111111111111111111111181111111111
1111111111001111111111111111101111111111111110111111110000000000000000111111111111111110111111111111111111111111111111101111111101111111111101111111111111111111111111111111111111111111111111181111111111
1111111111011111111111111111110111111111111110000000000111111111011111111111111111111111011111111111111111111111111111101111111101111111111101111111111111111111111111111111111111111111111111118111111111
1111111111011111111111111111110111111110000000111011110111111111011111111111111111111111011111111111111111111111111111101111111101111111111101111111111111111111111111111111111111111111111111118111111111
1111111111101111111111111111110111000000111110111011110111111111011111111111111111111111011111111111111111111111111111101111111101111111111101111111111111111111111111111111111111111111111111111811111111
1111111111101111111111111111110110111101111110111011110111111111011111111111111111111111011111111111111111111111111111110111111110111111111101111111111111111111111111111111111111111111111111111811111111
1111111111101111111111111111000001111011111110111011110111111111011111111111111111111111101111111111111111111111111111110111111110111111111101111111111111111111111111111111111111111111111111111181111111
1111111111101111111111000000111111110111111110111011111011111111011111111111111111111111101111111111111111111111111111110111111110111111111101111111111111111111111111111111111111111111111111111181111111
1111111111101111111110111111111111001111111101111011111011111111101111111111111111111111101111111111111111111111111111110111111110111111111101111111111111111111111111111111111111111111111111111118111111
1111111111101111111001111111111110111111111100111011111011111111101111111111111111111111101111111111111111111111111111110111111111011111111101111111111111111111111111111111111111111111111111111118111111
1111111111101111100111111111111101111111111101001011111011111111101111111111111111111111101111111111111111111111111111111011111111011111111101111111111111111111111111111111111111111111111111111111811111
1111111111101110011111111111111011111111111101110000000001111111101111111111111111111111101111111111111111111111111111111011111111011111111101111111111111111111111111111111111111111111111111111111811111
1111111111100001111111111111110111111111111011111011111101111111110111111111111111111111101111111111111111111111111111111011111111011111111101111111111111111111111111111111111111111111111111111111811111
1111111111101111111111111111101111111111111011111011111101111111110111111111111111111111101111111111111111111111111111111011111111011111111101111111111111111111111111111111111111111111111111111111811111
1111111111101111111111111111011111111111111011110111111101111111110111111111111111111111101111111111111111111111111111111011111111011111111101111111111111111111111111111111111111111111111111111111811111
1111111111101111111111111110111111111111110111110111111101111111110111111111111111111111101111111111111111111111111111111011111111011111111101111111111111111111111111111111111111111111111111111111811111
1111111111101111111111111101111111111111101111110111111101111111110111111111111111111111101111111111111111111111111111111011111111011111111101111111111111111111111111111111111111111111111111111111811111
1111111111101111111111110011111111111111101111110111111101111111110111111111111111111111101111111111111111111111111111100111111111011111111101111111111111111111111111111111111111111111111111111111811111
1111111111101111111111101111111111111111101111110111111101111111110111111111111111111111101111111111111111111111110000011111111111011111111101111111111111111111111111111111111111111111111111111111811111
1111111111101111111111011111111111111111011111101111111101111111111011111111111111111111101111111111111111111111101111111111111111011111111101111111111111111111111111111111111111111111111111111111811111
1111111111101111111110111111111111111111011111101111111101111111111011111111111111111111101111111111111111111111101111111111111111011111111101111111111111111111111111111111111111111111111111111111811111
1111111111101111111101111111111111111111011111010000000001111111111011111111111111111111101111111111111111111111101111111111111110000000000001111111111111111111111111111111111111111111111111111111811111
1111111111101111111011111111111111111111000000001111111110111111111011111111111111111111101111111111111111111111011111110000000001111111111101111111111111111111111111111111111111111111111111111111811111
1111111111101111110111111111111111111111111111011111111110111111111011111111111111111111101111111111111111111110111111101111111111111111111101111111111111111111111111111111111111111111111111111111811111
1111111111101111101111111111111111111111111111011111111110111111111011111111111111111111101111111111111111111101111100011111111111111111111101111111111111111111111111111111111111111111111111111111811111
1111111111101111011111111111111111111111111111011111111110111111111011111111111111111111101111111111111111111011111011111111111111111111111101111111111111111111111111111111111111111111111111111118111111
1111111111101110111111111111111111111111111111011111111110111111111011111111111111111111101111111111111111110111110111111111111111111111111101111111111111111111111111111111111111111111111111111118111111
1111111111101101111111111111111111111111111111011111111110111111111011111111111111111111101100000000000000000000001111111111111111111111111101111111111111111111111111111111111111111111111111111118111111
1111111111101011111111111111111111111111111111101111111110111111111011111111111111111110000011111111111111110111111111111111111111111111111101111111111111111111111111111111111111111111111111111181111111
1111111111100111111111111111111111111111111111101111111110111111111000000000000000000001101111111111111111110111111111111111111111111111111101111111111111111111111111111111111111111111111111111181111111
1111111111100000000000000000000000000000001111101111111110111111111011111111111111111111101111111111111111110111111111111111111111111111111011111111111111111111111111111111111111111111111111111811111111
1111111111101111111111111111111111111111110000001111111110111111111011111111111111111111110111111111111111110111111111111111111111111111111011111111111111111111111111111111111111111111111111111811111111
1111111111110111111111111111111111111111111111101111111111011111111011111111111111111111110111111111111111110111111111111111111111111111111011111111111111111111111111111411111111111111111111118111111111
1111111111111011111111111111111111111111111111101111111111011111111101111111111111111111110111111111111111110111111111111111111111111111111011111111111111111111111111114444411111111111111111181111111111
1111111111111011111111111111111111111111111111101111111111011111111101111111111111111111110111111111111111110111111111111111111111111111111011111111111111111111111111144444444441111111111111181111111111
1111111111111101111111111111111111111111111111101111111111011111111101111111111111111111110111111111111111111011111111111111111111111111111011111111111111111111111111144444444444444111111111811111111111
1111111111111101111111111111111111111111111111110111111111011111111101111111111111111111110111111111111111111101111111111111111111111111111011111111111111111111111111144444444444444444411118111111111111
1111111111111101111111111111111111111111111111110111111111011111111101111111111111111111110111111111111111111101111111111111111111111111111011111111111111111111111111144444444444444444411118111111111111
1111111111111101111111111111111111111111111111110111111111011111111101111111111111111111110111111111111111111101111111111111111111111110000011111111111111111111111111444444444444444444111181111111111111
1111111111111110111111111111111111111111111111110111111111011111111101111111111111111111111011111111111111111110111111111111111111110001110111111111111111111111111111444444444444444444111181111111111111
1111111111111111011111111111111111111111111111110111110000011111111101111111111111111111111011111111111111111110111111111000000000001111101111111111111111111111111111444444444444444444111811111111111111
1111111111111111011111111111111111111111111111110110001111011111111101111111111111111111111011111100000000000000000000000111111111111111101111111111111111111111111114444444444444444441111811111111111111
1111111111111111101111111111111111111111111111111001111111011111111101111111111111111111111011111011111111111111111111111111111111111111011111111111111111111111111114444444444444444441118111111111111111
1111111111111111101111111111111111111111111111111111111111011111111101111111111111111111111000000111111111111111111111111111111111111110111111111111111111111111111114444444444444444441181111111111111111
1111111111111111101111111111111111111111111111111111111111011111111101111111111111111111111011111111111111111111111111111111111111111101111111111111111111111111111144444444444444444411181111111111111111
1111111111111111110111111111111111111111111111111111111111011111111101111111111111111111111011111111111111111111111111111111111111111011111111111111111111111111111144444444444444444411811111111111111111
1111111111111111110111111111111111111111111111111111111111011111111101111111111111111111111011111111111111111111111111111111111111110111111111111111111111111111111144444444444444444411811111111111111111
1111111111111111111011111111111111111111111111111111111111011111111110111111111111111111111011111111111111111111111111111111111111101111111111111111111111111111111444444444444444444118111111111111111111
1111111111111111111011111111111111111111111111111111111111011111111110111111111111111111111011111111111111111111111111111111111111011111111111111111111111111111111444444444444444444118111111111111111111
1111111111111111111011111111111111111111111111111111111111011111111110111111111111111111111011111111111111111111111111111111111110111111111111111111111111111111111444444444444444444444444444444411111111
1111111111111111111011111111111111111111111111111111111111011111111110111111111111111111111011111111111111111111111111111111111110111111111111111111111111111111114444444444444444444444444444444111111111
1111111111111111111011111111111111111111111111111111111111011111111110111111111111111111111011111111111111111111111111111111111101111111111111111111111111111111114444444444444444444444444444444111111111
1111111111111111111011111111111111111111111111111111111111101111111110111111111111111111111011111111111111111111111111111111111011111111111111111111111111111111114444444444444444444444444444441111111111
1111111111111111111101111111111111111111111111111111111111101111111110111111111111111111111011111111111111111111111111111111110111111111111111111111111111111111144444444444444444444444444444441111111111
1111111111111111111101111111111111111111111111111111111111101111111110111111111111111111111011111111111111111111111111111111101111111111111111111111111111111111144444444444444444444444444444441111111111
1111111111111111111110111111111111111111111111111111111111110111111110111111111111111111111011111111111111111111111111111111011111111111111111111111111111111111144444444444444444444444444444411111111111
1111111111111111111111011111111111111111111111111111111111110111111111011111111111111111111011111111111111111111111111111110111111111111111111111111111111111111444444444444444444444444444444411111111111
1111111111111111111111011111111111111111111111111111111111110111111111011111111111111111111101111111111111111111111111111101111111111111111111111111111111111111444444444444444444444444444444111111111111
1111111111111111111111011111111111111111111111111111111111110111111111011111111111111111111101111111111111111111111111111011111111111111111111111111111111111111444444444444444444444444444444111111111111
1111111111111111111111011111111111111111111111111111111111110111111111011111111100000000000001111111111111111111111111110111111111111111111111111111111111111114444444444444444444444444444441111111111111
1111111111111111111111011111111111111111111111111111111111110000000000000000000011111111111110111111111111111111111111101111111111111111111111111111111111111114444444444444444444444444444441111111111111
1111111111111111111111011111111111111111111111111111111111110111111111111111111111111111111111011111111111111111111111011111111111111111111111111111111111111114444444444444444444444444444441111111111111
1111111111111111111111011111111111111111111111111111111111110111111111111111111111111111111111011111111111111111111110111111111111111111111111111111111111111144444444444444444444444444444411111111111111
1111111111111111111111011111111111111111111111111111111111110111111111111111111111111111111111011111111111111111111101111111111111111111111111111111111111111144444444444444444444444444444411111111111111
1111111111111111111111011111111111111111111111111111111111110111111111111111111111111111111111011111111111111111111011111111111111111111111111111111111111111144444444444444444444444444444111111111111111
1111111111111111111111101111111111111111111111111111111111110111111111111111111111111111111111011111111111111111110111111111111111111111111111111111111111111444444444444444444444444444444111111111111111
1111111111111111111111110111111111111111111111111111111111110111111111111111111111111111111111101111111111111111101111111111111111111111111111111111111111111444444444444444444444444444444111111111111111
1111111111111111111111110111111111111111111111111111111111110111111111111111111111111111111111110111111111111111011111111111111111111111111111111111111111111444444444444444444444444444441111111111111111
1111111111111111111111111011111111111111111111111111111111110111111111111111111111111111111111110111111111111110111111111111111111111111111111111111111111114444444444444444444444444444441111111111111111
1111111111111111111111111101111111111111111111111111111111110111111111111111111111111111111111110111111111111101111111111111111111111111111111111111111111114444444444444444444444444444411111111111111111
1111111111111111111111111110111111111111111111111111111111110111111111111111111111111111111111110111111111111001111111111111111111111111111111111111111111114444444444444444444444444444411111111111111111
1111111111111111111111111111011111111111111111111111111111110111111111111111111111111111111111110111111111110110001111111111111111111111111111111111111111144444444444444444444444444444111111111111111111
1111111111111111111111111111101111111111111111111111111111110111111111111111111111111111111111110111111111101111110111111111111111111111111111111111111111144444444444444444444444444444111111111111111111
1111111111111111111111111111110111111111111111111111111111110111111111111111111111111111111111110111111111011111111011111111111111111111111111111111111111144444444444444444444444444444111111111111111111
1111111111111111111111111111110111111111111111111111111111110111111111111111111111111111111111110111111110111111111101111111111111111111111111111111111111444444444444444444444444444441111111111111111111
1111111111111111111111111111110111111111111111111111111111111011111111111111111111111111111111110111111101111111111011111111111111111111111111111111111111444444444444444444444444444441111111111111111111
1111111111111111111111111111110111111111111111111111111111111011111111111111111111111111111111110111111011111111110111111111111111111111111111111111111111444444444444444444444444444411111111111111111111
1111111111111111111111111111110111111111111111111111111111111011111111111111111111111111111111110111110111111111101111111111111111111111111111111111111114444444444444444444444444444411111111111111111111
1111111111111111111111111111111011111111111111111111111111111011111111111111111111111111111111110111101111111111011111111111111111111111111111111111111114444444444444444444444444444411111111111111111111
1111111111111111111111111111111011111111111111111111111111111011111111111111111111111111111111110111011111111111011111111111111111111111111111111111111114444444444444444444444444444111111111111111111111
1111111111111111111111111111111011111111111111111111111111111011111111111111111111111111111111111010111111111111011111111111111111111111111111111111111144444444444444444444444444444111111111111111111111
1111111111111111111111111111111101111111111111111111111111111101111111111111111111111111111111111010111111111111011111111111111111111111111111111111111144444444444444444444444444441111111111111111111111
1111111111111111111111111111111110111111111111111111111111111101111111111111111111111111111111111010111111111111011111111111111111111111111111111111111144444444444444444444444444441111111111111111111111
1111111111111111111111111111111110111111111111111111111110000000000000000000000000000000011111111001111111111111011111111111111111111111111111111111111444444444444444444444444444411111111111111111111111
1111111111111111111111111111111111011111111111111111111101111111111111111111111111111111100000000001111111111111011111111111111111111111111111111111111444444444444444444444444444411111111111111111111111
1111111111111111111111111111111111011111111111111111000011111111111111111111111111111111111111110110011111111111011111111111111111111111111111111111111444444444444444444444444444411111111111111111111111
1111111111111111111111111111111111011111111111111100111111111111111111111111111111111111111111101111101111111111011111111111111111111111111111111111114444444444444444444444444444111111111111111111111111
1111000111111111111111111111111111011111111111000011111111111111111111111111111111111111111111011111110111111111011111111111111111111111111111111111114444444444444444444444444444111111111111111111111111
1111011000000111111111111111111111011111100000111111111111111111111111111111111111111111111110111111111000001110111111111111111111111111111111111111114444444444444444444444444441111111111111111111111111
1111011111111000000000000001111111011111011111111111111111111111111111111111111111111111111101111111111111110001111111111111111111111111111111111111144444444444444444444444444441111111111111111111111111
1111011111111111111111111110000000000000000111111111111111111111111111111111111111111111111011111111111111111111111111111111111111111111111111111111144444444444444444444444444441111111111111111111111111
1111011111111111111111111111111111011111111000111111111111111111111111111111111111111111110111111111111111111111111111111111111111111111111111111111144444444444444444444444444411111111111111111111111111
1111011111111111111111111111111110111111111111001111111111111111111111111111111111111111101111111111111111111111111111111111111111111111111111111111144444444444444444444444444411111111111111111111111111
1111011111111111111111111111111110111111111111110000000001111111111111111111111111111111011111111111111111111111111111111111111111111111111111111111144444444444444444444444444411111111111111111111111111
1111011111111111111111111111111110111111111111111101111110000000000000001111111111111110111111111111111111111111111111111111111111111111111111111111144444444444444444444444444411111111111111111111111111
1111011111111111111111111111111110111111111111111101111111111111111101110000000000000000000000111111111111111111111111111111111111111111111111111111144444444444444444444444444411111111111111111111111111
1111011111111111111111111111111101111111111111111101111111111111111101111111111111111101111111000011111111111111111111111111111111111111111111111111144444444444444444444444444411111111111111111111111111
1110111111111111111111111111111101111111111111111101111111111111111011111111111111111101111111111100000011111111111111111111111111111111111111111111444444444444444444444444444411111111111111111111111111
1110111111111111111111111111111011111111111111111101111111111111111011111111111111111101111111111111011100000000011111111111111111111111111111111111444444444444444444444444444411111111111111111111111111
1110111111111111111111111111111011111111111111111101111111111111111011111111111111111011111111111111011111111111100111111111111111111111111111111111444444444444444444444444444411111111111111111111111111
1110111111111111111111111111111011111111111111111101111111111111111011111111111111110111111111111111011111111111111001111111111111111111111111111111444444444444444444444444444411111111111111111111111111
1110111111111111111111111111111011111111111111111101111111111111111011111111111111110111111111111111011111111111111101111111111111111111111111111111444444444444444444444444444411111111111111111111111111
1101111111111111111111111111111011111111111111111101111111111111111011111111111111110111111111111111011111111111111101111111111111111111111111111111444444444444444444444444444441111111111111111111111111
1101111111111111111111111111111011111111111111111101111111111111111011111111111111110111111111111111011111111111111101111111111111111111111111111114444444444444444444444444444444441111111111111111111111
1100000011111111111111111111111011111111111111111101111111111111111011111111111111110111111111111111011111111111111101111111111111111111111111111114444444444444444444444444444444444441111111111111111111
1111111101111111111111111111111011111111111111111101111111111111111011111111111111110111111111111111011111111111111011111111111111111111111111111114444444444444444444444444444444444444441111111111111111
1111111110000000000011111111111011111111111111111101111111111111111011111111111111110111111111111111011111111111110111111111111111111111111111111114444444444444444444444444444444444444444441111111111111
1111111111111111111100000000000001111111111111111011111111111111111011111111111111101111111111111111011111111111110111111111111111111111111111111114444444444444444444444444444444444444444444441111111111
1111111111111111111111111111111110000000111111111011111111111111111011111111111111101111111111111111011111111111110111111111111111111111111111111114444444444444444444444444444444444444444444444441111111
1111111111111111111111111111111111111111011111111011111111111111111011111111111111101111111111111111011111111111110111111111111111111111111111111144444444444444444444444444444444444444444444444444441111
1111111111111111111111111111111111111111100000001011111111111111111011111111111111101111111111111111011111111111110111111111111111111111111111111144444444444444444444444444444444444444444444444444444441
1111111111111111111111111111111111111111111111110000000000000000000011111111111111101111111111111111011111111111110111111111111111111111111111111144444444444444444444444444444444444444444444444444444441
1111111111111111111111111111111111111111111111111111111111111111111000111111111111101111111111111111011111111111110111111111111111111111111111111144444444444444444444444444444444444444444444444444444441
1111111111111111111111111111111111111111111111111111111111111111111111001111111111101111111111111111011111111111110111111111111111111111111111111144444444444444444444444444444444444444444444444444444441
1111111111111111111111111111111111111111111111111111111111111111111111110000000000000000000111111111011111111111110111111111111111111111111111111444444444444444444444444444444444444444444444444444444441
1111111111111111111111111111111111111111111111111111111111111111111111111111111111111111111000000111011111111111110111111111111111111111111111111444444444444444444444444444444444444444444444444444444441
1441111111111111111111111111111111111111111111111111111111111111111111111111111111111111111111111000000111111111110111111111111111111111111111111444444444444444444444444444444444444444444444444444444441
1444111111111111111111111111111111111111111111111111111111111111111111111111111111111111111111111111111000000000000111111111111111111111111111111444444444444444444444444444444444444444444444444444444441
1444444111111111111111111111111111111111111111111111111111111111111111111111111111111111111111111111111111111111110111111111111111111111111111111444444444444444444444444444444444444444444444444444444441
1444444444111111111111111111111111111111111111111111111111111111111111111111111111111111111111111111111111111111111111111111111111111111111111111444444444444444444444444444444444444444444444444444444441
1444444444444111111111111111111111111111111111111111111111111111111111111111111111111111111111111111111111111111111111111111111111111111111111114444444444444444444444444444444444444444444444444444444441
1444444444444444111111111111111111111111111111111111111111111111111111111111111111111111111111111111111111111111111111111111111111111111111111114444444444444444444444444444444444444444444444444444444441
1444444444444444444111111111111111111111111111111111111111111111111111111111111111111111111111111111111111111111111111111111111111111111111111114444444444444444444444444444444444444444444444444444444441
1444444444444444444444444444444444411111111111111111111111111111111111111111111111111111111111111111111111111111111111111111111111111111111111114444444444444444444444444444444444444444444444444444444441
1444444444444444444444444444444444444111111111111111111111111111111111111111111111111111111111111111111111111111111111111111111111111111111111114444444444444444444444444444444444444444444444444444444441
1444444444444444444444444444444444444441111111111111111111111111111111111111111111111111111111111111111111111111111111111111111111111111111111114444444444444444444444444444444444444444444444444444444441
1444444444444444444444444444444444444444411111111111111111111111111111111111111111111111111111111111111111111111111111111111111111111111111111144444444444444444444444444444444444444444444444444444444441
1444444444444444444444444444444444444444444111111111111111111111111111111111111111111111111111111111111111111111111111111111111111111111111111144444444444444444444444444444444444444444444444444444444441
1444444444444444444444444444444444444444444411111111111111111111111111111111111111111111111111111111111111111111111111111111111111111111111111144444444444444444444444444444444444444444444444444444444441
1444444444444444444444444444444444444444444441111111111111111111111111111111111111111111111111111111111111111111111111111111111111111111111111144444444444444444444444444444444444444444444444444444444441
1444444444444444444444444444444444444444444444111111111111111111111111111111111111111111111111111111111111111111111111111111111111111111111111144444444444444444444444444444444444444444444444444444444441
1444444444444444444444444444444444444444444444411111111111111111111111111111111111111111111111111111111111111111111111111111111111111111111111144444444444444444444444444444444444444444444444444444444441
1444444444444444444444444444444444444444444444441111111111111111111111111111111111111111111111111111111111111111111111111111111111111111111111444444444444444444444444444444444444444444444444444444444441
1444444444444444444444444444444444444444444444444444444444111111111111111111111111111111111111111111111111111111111111111111111111111111111111444444444444444444444444444444444444444444444444444444444441
1444444444444444444444444444444444444444444444444444444444444444444411111111111111111111111111111111111111111111111111111111111111111111111111444444444444444444444444444444444444444444444444444444444441
1444444444444444444444444444444444444444444444444444444444444444444444444444411111111111111111111111111111111111111111111111111111111111111111444444444444444444444444444444444444444444444444444444444441
1444444444444444444444444444444444444444444444444444444444444444444444444444444444444411111111111111111111111111111111111111111111111111111111444444444444444444444444444444444444444444444444444444444441
1444444444444444444444444444444444444444444444444444444444444444444444444444444444444444444441111111111111111111111111111111111111111111111111444444444444444444444444444444444444444444444444444444444441
1111111111111111111111111111111111111111111111111111111111111111111111111111111111111111111111111111111111111111111111111111111111111111111111111111111111111111111111111111111111111111111111111111111111