111111111111111111111111111111111111111111111111111111111111111111111111111111111111111111111111111111
111111111111111111111111111111111118888888888888888888888888888888888888888881111111111111111111111111
111111111111111111111111118888888888888888888888888888888888888888888888888811000000000011111111111111
111111111111111111118888888888888888888888888888888888111111111111111111111110011111111100000000000011
111111111111111188888888888888888888888888888111111111111011111111111111111101101111111111111111110011
111111111111888888888888888888888888888888111111111111110101111111111111111011101111111111111111101011
111111111118888888888888888888888888888811111111111110001110100000001111110111110111111111111110011011
111111111888888888888888888888888888111111111111111110011111011111110111101111110111111111111101111011
111111188888888888888888888888881111111111111111111110101111011111111010011111111011111111111011111011
111111888888888888888888888111111111111111111111111101101111011111111100000111111001111111100111111011
111118888888888888888888811111111111111111111111111011101111011111111011111001100111111110011111111011
111118888888888888888881111111111111111111000000000011101111101111110111111110001111111101111111111011
111188888888888888888111111111111111000000111101111011101111101000001111111110110000110011111111111011
111188888888888888881111111111111110111111111101111011101111100111110011111101111111001111111111111011
111188888888888888811111111111111001111111111101111011101111101111111101110011111111101111111111111011
111888888888888881111111111111110111111111111101110111101111101111111110000001111111011111111111111011
111888888888888811111111111111001111111111111110000000000000001111111110111110001110111111111111111011
118888888888888111111111111100100111111111111110110111101111100111111101111111110101111111111111111011
118888888888811111111111110011101011111111111110110111101111101000010011111111111011111111111111111011
118888888888111111111111101111101100000000000000000000001111101111101111111111110111111111111111111011
188888888881111111111100000111101111111111111111110111101111101111011111111111101111111111111111111011
188888888811111111110011101001101111111111111111110111101111101111011111111111011111111111111111111011
188888888111111111101111101110000011111111111111110111101111101110111111111110111111111111111111111011
188888888111111111011111101111101100000000000000000000000000000010111111111101111111111111111111110011
188888888111111110111111101111101111111111111111111111111111111100000111111011111111111111111110001111
188888888111111101111111101111011111111111111111111111111111111110111001110111111111111111000001111111
188888881111111011111111101111011111111111111111111111111111111110111110110111111111111110111111111111
188888881111110111111111101111011111111111111111111111111111111110111111000111111011111101111111111111
188888881000001111111111101111011111111111111111111111111111111110111110111011111000000011111111111111
188888811011111111111111100011011111111111111111111111111111111111011101111101111010101111111111111111
188888811101111111111111101100011111111111111111111111111111111111101011111110111010101111111111111111
188888811101111111111111101111011111111111111111111111111111111111110111111111011010101111111111111111
188888811101111111111111101111011111111111111111111111111111111111101111111111101010101111111111111111
188888111101111111111111101111011111111111111111111111111111111111011111111111110010101111111111111111
188888111110111111111111100000011111111111111111111111111111111110111111111111111010101111111111111111
188888111110111111111111101111011111111111111111111111111111111110011111111111111100000001111111111111
188881111110111111111111101111011111111111111111111111111111111101101111111111111001111100111111111111
188881111110111111111111101111011111111111111111111111111111111011110111111111110111111101011111111111
188881111111011111111111101111011111111111111111111111111111111011111011111111101111111101101111111111
188881111111000000000000001111011111111111111111111111111111110111111100000000011111111011110111111111
188881111111101111111111101111011000000000001111111111111111101011111001111111111111110111111011111111
188881111111101111111111011111011011111111110000000011111111011100110101111111111111101111111101111111
188881111111101111111111011111011011111111111111011100000000111111001101111111111111101111111110011111
188881111111110111111111011111011011111111111111011111101101001110111101111111111111101111111111101111
188881111111111011111111011111011011111111111111011111011011110101111101111111111111101111111111110111
188881111111111101111111011111000000000000000000000001011011111011111011111111111111011111111111111011
188881111111111101111111011111111111111111111111011110111000110111110111111111111111011111111111111011
188881111111111101111111011111111111111111111110111101111011010111110111111111111110111111111111111011
188881111111111101111111011111111111111111111110111101111011101111110000011111111110111111111111111011
188881111111111101111111011111111111111111111110111101111011101111110111100000000101111111111111110111
188881111111111100000000000000000011111111111110001011111011110111101111111011111000000000001111101111
188881111100000001111111011111111000001111111110110011110111111011101111111011111101111111110111101111
188881000011111101111111011111111011110011111110111011101111111101101111111011111011111111111001101111
188881101111111101111111011111111011111011111110111011101111111110011111111011111011111111111110001111
188881101111111110111111011111111011111011111110111011011111111110111111111000000011111111111111101111
188881101111111110111111011111111011111000000000001011011111111111011111110111110111111111111111111111
188881110111111110111111011111111011111111111111110011011111111111100000000111101111111111111111111111
188881110111111110111111011111111000001111111111111100011111111111011111110111101111111111111111111111
188881111011111110111111011100000011101111111111111110111111111111011111111011011111111111111111111111
188881111011111110000000000011111111101111111111111110111111111110111111111101011111111111111111111111
188881111011111111111111101111111111101111111111111101111111111101111111111101011111111111111111111111
188888111011111111111111101111111111101111111111111011111111111011111111111101011111111111111111111111
188888111011111111111111101111111111101111111111111011111100010111111111111110011111111111111111111111
188888111011111111111111101111111111101111111111111001111101100111000000000000111111111111111111111111
188888811101111111111111101111111111101111111111000010011101101110111111111110111111111111111111111111
188888811101111111111111101111111111101111000000111011101011101110111111111110111111111111111111111111
188888811110111111111111101111111111100000101111111011110111011101111111111111011111111111111111111111
188888881111011111111111101111111110001111101111111011110000000101111111111111101111111111111111111111
188888881111101111111111100000000001101111110111111011110111111000000000000000001111111111111111111111
188888881111110111111111101111111111101111110000000111110111110111111101111111011111111111111111111111
188888881111110111111111101111111111101111111111110111110111110111111011111111011111111111111111111111
188888881111110111111111101111111111101111111111110111110111110111111011111110111111111111111111111111
188888888111111011111111101111111111101111111111110111110111101111110111111110111111111111111111111111
188888888111111101111111101111111111101111111111110111110111011111110111111101111111111111111111111111
188888888111111101111111101111111111101111111111110000000000000000110111111101111111111111111111111111
188888888111111101111111101111111111001111111111110111111111111111001111111101111111111111111111111111
188888888811111110111111100000000000111111111111110111111111111111111111111011111111111111111111111111
188888888811111110111111101111111111111111111111110111111111111111111111111011111111111111111111111111
188888888881111111011111101111111111111111111111110111111111111111111111111011111111111111111111111111
188888888881111111101111110111111111111100000000000011111111111111111110000011111111111111111111111111
188888888888111111110111110111111111111101101110110100000000111100000001111011111111111111111111111111
188888888888811111110111110111111111111101101110110111111111000011111111111011111111111111111111111111
188888888888881111111011110000000000111101101110110111111111111111111111111011111111111111111111111111
188888888888888111111011001110111110111101101110110111111111111111111111111011111111111111111111111111
188888888888888811111100111110100000000000000000110111111111111111111111111011111111111111111111111111
188888888888888881111110111110011111111111111000000000111111111111111111111011111111111111111111111111
188888888888888888111111011111111111110000000111111111000000000000000000000011111111111111111111111111
188888888888888888811111011111111111001111111111111111111111111111111111111111111111111111111111111111
188888888888888888881111011111110000111111111111111111111111111111111111111111111111111111111111111111
188888888888888888888111100000001111111111111111111111111111111111111111111111111111111111111111111111
188888888888888888888811111111111111111111111111111111111111111111111111111111111111111111111111111111
144444444444444444444444444444444444444444444444444444444444444444444444444444444444444444444444444441
144444444444444444444444444444444444444444444444444444444444444444444444444444444444444444444444444441
144444444444444444444444444444444444444444444444444444444444444444444444444444444444444444444444444441
144444444444444444444444444444444444444444444444444444444444444444444444444444444444444444444444444441
144444444444444444444444444444444444444444444444444444444444444444444444444444444444444444444444444441
144444444444444444444444444444444444444444444444444444444444444444444444444444444444444444444444444441
144444444444444444444444444444444444444444444444444444444444444444444444444444444444444444444444444441
144444444444444444444444444444444444444444444444444444444444444444444444444444444444444444444444444441
144444444444444444444444444444444444444444444444444444444444444444444444444444444444444444444444444441
144444444444444444444444444444444444444444444444444444444444444444444444444444444444444444444444444441
111111111111111111111111111111111111111111111111111111111111111111111111111111111111111111111111111111