111111111111111111111111111111111111111111111111111111111111111111111111111111111111111111111111111111
111111111111111111111111111111111111111111111111111111111111111111111111111111111111111111111111111111
111111111111111111111111111111111111111111111111111111111111111111111111111111000111111111111111111111
111111111111111111111111111111111111111111111111111111111111111111111111111110101000000000000000000011
111111111111111111111111111111111111111111111111111111111011111111111111111101110111111111111111110011
111111111111111111111111111111111111111111111111111111100101111111111111111011110111111111111111101011
111111111111111111111111111111111111111111111111111110011110111100001111110111110111111111111111011011
111111111111111111111111111111111111111111111111111110011111000011110111101111110111111111111100111011
111111111111111111111111111111111111111111111111111101101111011111111010011111111011111111111011111011
111111111111111111111111111111111111111111111111111101101111011111111101111111111101111111110111111011
111111111111111111111111111111111111111111111111000011101111101111111010011111110011111111101111111011
111111111111111111111111111111111111111111000000111011101111101111110111100000000000111111011111111011
111111111111111111111111111111111111111000111101110111101111101100001111111110111111011110111111111011
111111111111111111111111111111111111100111111101110111101111100011110111111101111111100001111111111011
111111111111111111111111111111111110011111111101110111101111101111111000111011111111011111111111111011
111111111111111111111111111111111001111111111101110111101111101111111111000111111110111111111111111011
111111111111111111111111111111000000111111111110000000000000001111111110110001111101111111111111111011
111111111111111111111111111110101111011111111110110111101111100111111001111110111011111111111111111011
111111111111111111111111110001101111101111111110110111101111101000010111111111000011111111111111111011
111111111111111111111111101111101111110000000000000000001111101111101111111111110111111111111111111011
111111111111111111111111000011101111111111111111110111101111101111101111111111101111111111111111111011
111111111111111111111000101100001111111111111111110111101111101111011111111111011111111111111111111011
111111111111111111000111101111100000000000011111110111101111101110111111111110111111111111111111111011
111111111111111110111111101111101111111111100000000000000000000110111111111101111111111111111111110011
111111111111111101111111101111011111111111111111111111111111111000011111111011111111111111111110001111
111111111111111011111111101111011111111111111111111111111111111110100011111011111111111111111001111111
111111111111000111111111101111011111111111111111111111111111111110111101110111111111111111000111111111
111111111110111111111111101111011111111111111111111111111111111110111110001111111011111100111111111111
111111111001111111111111101111011111111111111111111111111111111110111111010111111000000011111111111111
111111111011111111111111100000011111111111111111111111111111111111011100111011111010101111111111111111
111111111011111111111111101111011111111111111111111111111111111111101011111101111010101111111111111111
111111111011111111111111101111011111111111111111111111111111111111110111111110111010101111111111111111
111111111011111111111111101111011111111111111111111111111111111111101111111111011010101111111111111111
111111111011111111111111101111011111111111111111111111111111111111011111111111100010101111111111111111
111111111101111111111111101111011111111111111111111111111111111110111111111111111010101111111111111111
111111111110111111111111100000011111111111111111111111111111111101011111111111111100000001111111111111
111111111110111111111111101111011111111111111111111111111111111101100111111111100001111100111111111111
111111111111011111111111101111011111111111111111111111111111111011111011111100011111111101011111111111
111111111111011111100000001111011111111111111111111111111111110111111101000011111111111011100111111111
111111111111000000011111101111011111111111111111111111111111110111111000111111111111111011111011111111
111111111111101111111111011111011000000001111111111111111111101011110110111111111111111011111101111111
111111111111101111111111011111011011111110000000000111111111011101101101111111111111111011111110111111
111111111111101111111111011111011011111111111111011000000000111110011011111111111111111011111111011111
111111111111101111111111011111011011111111111111011111011110011110111011111111111111110111111111101111
111111111111110111111111011111011011111111111111011111011110101101111011111111111111110111111111110111
111111111111110111111111011111000000000000000000000001011101110011110111111111111111101111111111111011
111111111111110111111111011111111111111111111111011110111011111011110111111111111111011111111111111011
111111111111110111111111011111111111111111111111011101111000110111110001111111111110111111111111111011
111111111111111011111111011111111111111111111111011101111011001111101110011111111110111111111111110111
111111111111111101111111011111111111111111111110111101110111110111101111100000111101111111111111101111
111111111111100000000000000000000111111111111110011011110111110111011111111101000000111111111111101111
111111111000011101111111011111110000001111111110100011110111111011011111111101111101000001111111101111
111111000111111110111111011111110111110011111110111011110111111010111111111011111011111110111111101111
111111011111111110111111011111110111111011111110111011110111111100111111111011111011111111000000101111
111111101111111110111111011111110111111011111110111011110111111110111111111000000011111111111111001111
111111110111111110111111011111110111111000000000010111101111111111011111110111111011111111111111111111
111111110111111110111111011111111011111111111111100111101111111111101111110111111011111111111111111111
111111111011111110111111011111111011001111111111111000011111111111010000000111110111111111111111111111
111111111011111110111111011111111000101111111111111111011111111111011111111011101111111111111111111111
111111111101111110000000000000000111101111111111111111011111111110111111111011011111111111111111111111
111111111101111111111111101111111111101111111111111110111111111101111111111101011111111111111111111111
111111111110111111111111101111111111101111111111111101111111111011111111111110011111111111111111111111
111111111110111111111111101111111111101111111111111011111101111011111111111110111111111111111111111111
111111111111011111111111101111111111101111111110000011111010000111000000000000111111111111111111111111
111111111111011111111111101111111111101111110001111000111011110110111111111111011111111111111111111111
111111111111101111111111101111111111101100001111111011001011110110111111111111011111111111111111111111
111111111111110111111111101111111111100011011111110111110001101101111111111111011111111111111111111111
111111111111111011111111101111111111001111101111110111110110011011111111111111101111111111111111111111
111111111111111101111111100000000000101111110111110111110111100000000000000000001111111111111111111111
111111111111111101111111101111111111101111110000000111110111111011111011111111011111111111111111111111
111111111111111101111111101111111111101111111111110111110111110111111011111111011111111111111111111111
111111111111111101111111101111111111101111111111110111110111101111111011111111011111111111111111111111
111111111111111101111111101111111111101111111111110111110111011111110111111111011111111111111111111111
111111111111111101111111101111111111101111111111110111110111011111101111111110111111111111111111111111
111111111111111110111111101111111111101111111111110000000000001111101111111110111111111111111111111111
111111111111111110111111101000000000001111111111110111111111110000001111111101111111111111111111111111
111111111111111110111111100111111111111111111111110111111111111111111111111101111111111111111111111111
111111111111111111011111101111111111111111111111110111111111111111111111111101111111111111111111111111
111111111111111111011111101111111111111111111111110111111111111111111111111011111111111111111111111111
111111111111111111101111101111111111111100000000000000000111111111110000000011111111111111111111111111
111111111111111111110111101111111111111101101110110111111011111111101111111011111111111111111111111111
111111111111111111111011101111111111111101101110110111111100000000011111111011111111111111111111111111
111111111111111111111101110000000000111101101110110111111111111111111111111011111111111111111111111111
111111111111111111111100001110111110111101101110110111111111111111111111111011111111111111111111111111
111111111111111111111101111110110000000000000000110111111111111111111111111011111111111111111111111111
111111111111111111111101111110001111111111111100000000000000000111111111111011111111111111111111111111
111111111111111111111110111111111111000000000011111111111111111000000000000011111111111111111111111111
111111111111111111111111011000000000111111111111111111111111111111111111111111111111111111111111111111
111111111111111111111111010111111111111111111111111111111111111111111111111111111111111111111111111111
111111111111111111111111101111111111111111111111111111111111111111111111111111111111111111111111111111
111111111111111111111111111111111111111111111111111111111111111111111111111111111111111111111111111111
144444444444444444444444444444444444444444444444444444444444444444444444444444444444444444444444444441
144444444444444444444444444444444444444444444444444444444444444444444444444444444444444444444444444441
144444444444444444444444444444444444444444444444444444444444444444444444444444444444444444444444444441
144444444444444444444444444444444444444444444444444444444444444444444444444444444444444444444444444441
144444444444444444444444444444444444444444444444444444444444444444444444444444444444444444444444444441
144444444444444444444444444444444444444444444444444444444444444444444444444444444444444444444444444441
144444444444444444444444444444444444444444444444444444444444444444444444444444444444444444444444444441
144444444444444444444444444444444444444444444444444444444444444444444444444444444444444444444444444441
144444444444444444444444444444444444444444444444444444444444444444444444444444444444444444444444444441
144444444444444444444444444444444444444444444444444444444444444444444444444444444444444444444444444441
111111111111111111111111111111111111111111111111111111111111111111111111111111111111111111111111111111