111111111111111111111111111111111111111111111111111111111111111111111111111111111111111111111111111111
111111111111111111111111111111111111111111111111111111111111111111111111111181111111111111111111111111
111111111111111111111111111111111111111111111111111111888888888888888888888811000000000001111111111111
111111111111111111111111111111111111111111111888888888111111111111111111111110011111111110000000000011
111111111111111111111111111111111111111111888111111111111011111111111111111001011111111111111111100011
111111111111111111111111111111111111111188111111111111110101111111111111110111101111111111111111011011
111111111111111111111111111111111111888811111111111110001110111110001111101111110111111111111110111011
111111111111111111111111111111118888111111111111111110011111000001110111011111111011111111111101111011
111111111111111111111111111888881111111111111111111110011111011111111010111111111101111111111011111011
111111111111111111111111118111111111111111111111111101101111011111111100011111110001111111110111111011
111111111111111111111111811111111111111111111111000011101111011111111011100000101111111111001111111011
111111111111111111111181111111111111111111110000111011101111011111110111111111000111111110111111111011
111111111111111111118111111111111111111000001110111011101111100000001111111110111000111101111111111011
111111111111111111181111111111111111110111111110110111101111101111110011111101111111000011111111111011
111111111111111111811111111111111100001111111110110111101111101111111101111011111111011111111111111011
111111111111111181111111111111110011111111111110110111101111101111111110000011111110111111111111111011
111111111111111811111111111110000111111111111110000000000000000011111100011100111101111111111111111011
111111111111118111111111111001101011111111111110110111101111101100111011111111001101111111111111111011
111111111111811111111111110111101100111111111110110111101111101111010111111111110011111111111111111011
111111111118111111111111100001101111000000000000000000001111101111101111111111110111111111111111111011
111111111181111111111100001110101111111111111111110111101111101111011111111111101111111111111111111011
111111111811111111111011101111001111111111111111110111101111101110111111111111011111111111111111111011
111111118111111111000111101111100000000000111111110111101111101110111111111110111111111111111111111011
111111118111111100111111101111101111111111000000000000000000000000111111111101111111111111111111100011
111111118111111011111111101111101111111111111111111111111111111110011111111011111111111111111000011111
111111118111110111111111101111101111111111111111111111111111111110100001110111111111111111100111111111
111111181110001111111111101111101111111111111111111111111111111110111110110111111111111111011111111111
111111181101111111111111101111101111111111111111111111111111111110111111001111111011111000111111111111
111111181011111111111111101111101111111111111111111111111111111110111110010111111000000111111111111111
111111811011111111111111100001101111111111111111111111111111111111011101111011111010101111111111111111
111111811101111111111111101110011111111111111111111111111111111111101011111100111010101111111111111111
111111811101111111111111101111011111111111111111111111111111111111110111111111011010101111111111111111
111111811110111111111111101111011111111111111111111111111111111111101111111111101010101111111111111111
111118111110111111111111101111011111111111111111111111111111111111011111111111110010101111111111111111
111118111111011111111111101111011111111111111111111111111111111110111111111111111010101111111111111111
111118111111011111111111100000011111111111111111111111111111111101011111111111110000000000111111111111
111181111111011111111111101111011111111111111111111111111111111101100111111111101111111101011111111111
111181111111011111111111101111011111111111111111111111111111111011111011111111011111111101101111111111
111181111111011111111110001111011111111111111111111111111111111011111101111000111111111101110111111111
111181111111000000000001101111011111111111111111111111111111110111111110000111111111111101111011111111
111181111111101111111111101111011000001111111111111111111111101011110000111111111111111101111101111111
111181111111101111111111101111011011110000000000000001111111011100101110111111111111111101111110111111
111181111111110111111111101111011011111111111111011110000000111111011101111111111111111011111111011111
111181111111110111111111101111011011111111111111011111011101011110111101111111111111111011111111101111
111181111111111011111111101111011011111111111111011111011011101101111011111111111111110111111111110111
111181111111111011111111101111000000000000000000001110111011110011111011111111111111101111111111111011
111181111111111101111111101111111111111111111111010000111001110111110111111111111111101111111111110111
111181111111111101111111101111111111111111111110111101111010001111110001111111111111011111111111110111
111181111111111101111111101111111111111111111110111011111011101111101110111111111110111111111111110111
111181111111111101111111011111111111111111111110111011111011101111101111000000000001111111111111110111
111181111111000000000000000000000001111111111110000011111011110111101111111101111100001111111111110111
111181100000111101111111101111110110001111111110111011111011111011011111111101111011110000011111110111
111181011111111101111111101111110111110011111110110111110111111101011111111101111011111111100111110111
111181011111111101111111101111110111111011111110110111110111111100111111111101111011111111111000110111
111181011111111101111111101111110111111011111110110111110111111110111111111000000011111111111111001111
111181101111111101111111101111110111111000000000110111101111111111011111111011111011111111111111111111
111181101111111101111111101111110111111111111111000111011111111111100001110111110111111111111111111111
111181110111111110111111101111110110001111111111111000011111111111011110000111101111111111111111111111
111181111011111110111111101100000001101111111111111110111111111110111111111011011111111111111111111111
111181111101111110000000000011111111101111111111111101111111111110111111111101011111111111111111111111
111181111101111111111111101111111111101111111111111011111111111110111111111101011111111111111111111111
111118111101111111111111101111111111101111111111111011111111111101111111111110011111111111111111111111
111118111101111111111111101111111111101111111111111011111100011011111111111110011111111111111111111111
111118111101111111111111101111111111101111111000000001111101100111000000000000111111111111111111111111
111111811110111111111111101111111111101111100111111010111011101110111111111110111111111111111111111111
111111811110111111111111101111111111101100011111111011011011101101111111111111011111111111111111111111
111111811110111111111111101111111111100011101111110111100000011011111111111111101111111111111111111111
111111181110111111111111101111100000001111101111110111110111011011111111111111101111111111111111111111
111111181110111111111111100000011111101111110111110111110111100000000000000000001111111111111111111111
111111181110111111111111101111111111101111110000000111110111110111111101111111101111111111111111111111
111111181111011111111111101111111111101111111111110111110111110111111101111111101111111111111111111111
111111181111101111111111101111111111101111111111110111110111110111111101111111011111111111111111111111
111111118111110111111111101111111111101111111111110111110111101111111011111110111111111111111111111111
111111118111111011111111101111111111101111111111110111110111101111110111111101111111111111111111111111
111111118111111101111111101111111111101111111111110000000000000000110111111011111111111111111111111111
111111118111111101111111101111111111101111111111110111111111111111001111111011111111111111111111111111
111111111811111110111111100000000000011111111111110111111111111111111111111011111111111111111111111111
111111111811111110111111101111111111111111111111110111111111111111111111111011111111111111111111111111
111111111181111111011111101111111111111111111111110111111111111111111111111011111111111111111111111111
111111111181111111101111101111111111111100000000000011111111111111111111110011111111111111111111111111
111111111118111111101111110111111111111101101110110100111111111111000000001011111111111111111111111111
111111111111811111101111110111111111111101101110110111000000000000111111111011111111111111111111111111
111111111111181111110111100000000000111101101110110111111111111111111111111011111111111111111111111111
111111111111118111111010011110111110111101101110110111111111111111111111111011111111111111111111111111
111111111111111811111101111110111000000000000000110111111111111111111111111011111111111111111111111111
111111111111111181111101111110000111111111111111100000000000000000000001111011111111111111111111111111
111111111111111118111110111111111111110000000000011111111111111111111110000011111111111111111111111111
111111111111111111811111011111100000001111111111111111111111111111111111111111111111111111111111111111
111111111111111111181111101100011111111111111111111111111111111111111111111111111111111111111111111111
111111111111111111118111100011111111111111111111111111111111111111111111111111111111111111111111111111
111111111111111111111811111111111111111111111111111111111111111111111111111111111111111111111111111111
144444444444444444444444444444444444444444444444444444444444444444444444444444444444444444444444444441
144444444444444444444444444444444444444444444444444444444444444444444444444444444444444444444444444441
144444444444444444444444444444444444444444444444444444444444444444444444444444444444444444444444444441
144444444444444444444444444444444444444444444444444444444444444444444444444444444444444444444444444441
144444444444444444444444444444444444444444444444444444444444444444444444444444444444444444444444444441
144444444444444444444444444444444444444444444444444444444444444444444444444444444444444444444444444441
144444444444444444444444444444444444444444444444444444444444444444444444444444444444444444444444444441
144444444444444444444444444444444444444444444444444444444444444444444444444444444444444444444444444441
144444444444444444444444444444444444444444444444444444444444444444444444444444444444444444444444444441
144444444444444444444444444444444444444444444444444444444444444444444444444444444444444444444444444441
111111111111111111111111111111111111111111111111111111111111111111111111111111111111111111111111111111