111111111111111111111111111111111111111111111111111111111111111111111111111111111111111111111111111111
111111111111111111111111111111111111111111111111111111111111111111111111111181111111111111111111111111
111111111111111111111111111111111111111111111111111111888888888888888888888811000000011111111111111111
111111111111111111111111111111111111111111111888888888111111111111111111111110101111100000000000000011
111111111111111111111111111111111111111111888111111111110011111111111111111101101111111111111111101011
111111111111111111111111111111111111111188111111111111101101111111111111111011110111111111111111011011
111111111111111111111111111111111111888811111111111110011110110000001111110111110111111111111110111011
111111111111111111111111111111118888111111111111111110011111001111110111001111111011111111111101111011
111111111111111111111111111888881111111111111111111101011111011111111010111111111011111111111011111011
111111111111111111111111118111111111111111111111111101101111011111111101111111111101111111110111111011
111111111111111111111111811111111111111111111110000011101111011111111010000001110011111111001111111011
111111111111111111111181111111111111111100000001111011101111101111110111111110000011111100111111111011
111111111111111111118111111111111111111011111101111011101111101000000111111110111100110011111111111011
111111111111111111181111111111111111110111111101111011101111100111111011111001111111001111111111111011
111111111111111111811111111111111110001111111110111011101111101111111101110111111111011111111111111011
111111111111111181111111111111111001111111111110110111101111101111111110001111111111011111111111111011
111111111111111811111111111100000001111111111110000000000000000011111111010001111110111111111111111011
111111111111118111111111111011101110111111111110110111101111101100111110111110111101111111111111111011
111111111111811111111111110111101111011111111110110111101111101111011001111111000011111111111111111011
111111111118111111111000001111101111100000000000000000001111101111100111111111110111111111111111111011
111111111181111111110111100111101111111111111111110111101111101111101111111111101111111111111111111011
111111111811111111001111101000001111111111111111110111101111101111101111111111011111111111111111111011
111111118111111110111111101111100000000011111111110111101111101111101111111110111111111111111111111011
111111118111110001111111101111101111111100000000000000000000000111011111111101111111111111111111111011
111111118111101111111111101111011111111111111111111111111111111000111111111011111111111111111111000111
111111118111011111111111101111011111111111111111111111111111111110000011110111111111111111111100111111
111111181110111111111111101111011111111111111111111111111111111110111100101111111111111111110011111111
111111181101111111111111101111011111111111111111111111111111111110111111001111111001111100001111111111
111111181011111111111111101111011111111111111111111111111111111110111111010111111010000011111111111111
111111811101111111111111100001011111111111111111111111111111111111011110111011111010101111111111111111
111111811110111111111111101110011111111111111111111111111111111111101001111101111010101111111111111111
111111811110111111111111101111011111111111111111111111111111111111110111111110111010101111111111111111
111111811110111111111111101111011111111111111111111111111111111111101111111111011010101111111111111111
111118111110111111111111101111011111111111111111111111111111111111011111111111100010101111111111111111
111118111111011111111111100001011111111111111111111111111111111110111111111111111010101111111111111111
111118111111011111111111101110011111111111111111111111111111111101011111111111110000000001111111111111
111181111111011111111111101111011111111111111111111111111111111101101111111100001111111100111111111111
111181111111011111111111101111011111111111111111111111111111111011110011100011111111111101011111111111
111181111111011111111100001111011111111111111111111111111111111011111101011111111111111011101111111111
111181111111000000000011101111011111111111111111111111111111110111111110111111111111111011110111111111
111181111111011111111111101111011000000000011111111111111111101011110001111111111111110111111011111111
111181111111011111111111101111011011111111100000000000011111011101101101111111111111110111111101111111
111181111111011111111111101111011011111111111111011111100000011110011101111111111111101111111110111111
111181111111101111111111101111011011111111111111011111011101101110111011111111111111101111111111011111
111181111111110111111111101111011011111111111111011110111101110101111011111111111111101111111111100111
111181111111111011111111101111000000000000000000001110111011111011110111111111111111101111111111111011
111181111111111011111111101111111111111111111110110000111011110111110111111111111111101111111111111011
111181111111111011111111011111111111111111111110111101110100101111110000111111111111011111111111111011
111181111111111101111111011111111111111111111110111011110111001111110111001111111110111111111111111011
111181111111111101111111011111111111111111111110111011110111101111110111110000001101111111111111110111
111181111110000000000000000000000111111111111110111011101111110111110111111101110000111111111111110111
111181100001111101111111011111111000001111111110000011101111111011101111111101111101000000001111110111
111181011111111101111111011111111011110011111110110111011111111101101111111011111011111111110111110111
111181101111111101111111101111111011111011111110110111011111111101011111111011111011111111111001110111
111181110111111101111111101111111011111011111110110111011111111110111111111000000011111111111110001111
111181110111111101111111101111111011111000000000110111011111111111011111110111111011111111111111111111
111181111011111101111111101111111011111111111111000111011111111111100000110111111011111111111111111111
111181111011111110111111101111111011101111111111111000011111111111011111000111110111111111111111111111
111181111011111110111111101000000000001111111111111111011111111110111111110111110111111111111111111111
111181111101111110000000000111111111101111111111111111011111111110111111111011101111111111111111111111
111181111110111111111111101111111111101111111111111111011111111101111111111101101111111111111111111111
111118111111011111111111101111111111101111111111111110111111111011111111111101011111111111111111111111
111118111111101111111111101111111111101111111111111101111101110111111111111101011111111111111111111111
111118111111110111111111101111111111101111111111100011111100000111000000000000111111111111111111111111
111111811111111011111111101111111111101111111111010101111101110111011111111110111111111111111111111111
111111811111111011111111101111111111101111000000110110011011101110111111111111011111111111111111111111
111111811111111011111111101111111111101100101111110111100011101110111111111111011111111111111111111111
111111181111111101111111101111111111000011101111110111110100001101111111111111011111111111111111111111
111111181111111101111111100000000000101111110111110111110111110000000000000000001111111111111111111111
111111181111111101111111101111111111101111110000000111110111110111111011111111101111111111111111111111
111111181111111101111111101111111111101111111111110111110111110111111011111111101111111111111111111111
111111181111111101111111101111111111101111111111110111110111101111111011111111101111111111111111111111
111111118111111101111111101111111111101111111111110111110111101111111011111111101111111111111111111111
111111118111111110111111101111111111101111111111110111110111101111111011111111101111111111111111111111
111111118111111110111111101111111111101111111111110000000000001111110111111111011111111111111111111111
111111118111111111011111100000000000001111111111110111111111110000001111111110111111111111111111111111
111111111811111111101111101111111111111111111111110111111111111111111111111101111111111111111111111111
111111111811111111110111110111111111111111111111110111111111111111111111111101111111111111111111111111
111111111181111111110111110111111111111111111111110111111111111111111111111011111111111111111111111111
111111111181111111110111110111111111111100000000000000111111111111111110000011111111111111111111111111
111111111118111111111011110111111111111101101110110111001111100000000001111011111111111111111111111111
111111111111811111111101110111111111111101101110110111110000011111111111111011111111111111111111111111
111111111111181111111101000000000000111101101110110111111111111111111111111011111111111111111111111111
111111111111118111111100111110111110111101101110110111111111111111111111111011111111111111111111111111
111111111111111811111101111110100000000000000000110111111111111111111111111011111111111111111111111111
111111111111111181111110111110011111111111111100000001111111111111111111111011111111111111111111111111
111111111111111118111110111111111111110000000011111110000000000000000000000011111111111111111111111111
111111111111111111811111011111111111101111111111111111111111111111111111111111111111111111111111111111
111111111111111111181111010000000000011111111111111111111111111111111111111111111111111111111111111111
111111111111111111118111101111111111111111111111111111111111111111111111111111111111111111111111111111
111111111111111111111811111111111111111111111111111111111111111111111111111111111111111111111111111111
144444444444444444444444444444444444444444444444444444444444444444444444444444444444444444444444444441
144444444444444444444444444444444444444444444444444444444444444444444444444444444444444444444444444441
144444444444444444444444444444444444444444444444444444444444444444444444444444444444444444444444444441
144444444444444444444444444444444444444444444444444444444444444444444444444444444444444444444444444441
144444444444444444444444444444444444444444444444444444444444444444444444444444444444444444444444444441
144444444444444444444444444444444444444444444444444444444444444444444444444444444444444444444444444441
144444444444444444444444444444444444444444444444444444444444444444444444444444444444444444444444444441
144444444444444444444444444444444444444444444444444444444444444444444444444444444444444444444444444441
144444444444444444444444444444444444444444444444444444444444444444444444444444444444444444444444444441
144444444444444444444444444444444444444444444444444444444444444444444444444444444444444444444444444441
111111111111111111111111111111111111111111111111111111111111111111111111111111111111111111111111111111