111111111111111111111111111111111111111111111111111111111111111111111111111111111111111111111111111111
111111111111111111111111111111111111111111111111111111111111111111111111111111111111111111111111111111
111111111111111111111111111111111111111111111111111111111111111111111111111111000000000000000001111111
111111111111111111111111111111111111111111111111111111111111111111111111111110011111111111111110000011
111111111111111111111111111111111111111111111111111111110011111111111111111101101111111111111111110011
111111111111111111111111111111111111111111111111111111001101111111111111111011101111111111111111101011
111111111111111111111111111111111111111111111111111110111110111000001111110111110111111111111110011011
111111111111111111111111111111111111111111111111111110011111000111110111001111111011111111111101111011
111111111111111111111111111111111111111111111111111110011111011111111010111111111101111111111011111011
111111111111111111111111111111111111111111111111111101101111101111111100111111111101111111100111111011
111111111111111111111111111111111111111111111111110011101111101111111011000111100011111111011111111011
111111111111111111111111111111111111111111100000001011101111101111110111111000011111111110111111111011
111111111111111111111111111111111111110000011101111011101111101110000111111110100000011001111111111011
111111111111111111111111111111111110001111111101111011101111100001111001111101111111100111111111111011
111111111111111111111111111111111101111111111110111011101111101111111110011011111111101111111111111011
111111111111111111111111111111111011111111111110111011101111101111111111100111111111011111111111111011
111111111111111111111111111110000111111111111110000000000000001111111110011001111110111111111111111011
111111111111111111111111111101101011111111111110110111101111100011111101111110011101111111111111111011
111111111111111111111111110011101100111111111110110111101111101101110011111111100011111111111111111011
111111111111111111111111101111101111000000000000000000001111101110001111111111110111111111111111111011
111111111111111111111111000111101111111111111111110111101111101111101111111111101111111111111111111011
111111111111111111111110101001101111111111111111110111101111101111011111111111011111111111111111111011
111111111111111111111101101110000000000001111111110111101111101110111111111110111111111111111111111011
111111111111111111111011101111011111111110000000000000000000001110111111111101111111111111111111110011
111111111111111111000111101111011111111111111111111111111111110000111111111011111111111111111110001111
111111111111111110111111101111011111111111111111111111111111111110001111110111111111111111111001111111
111111111111110001111111101111011111111111111111111111111111111110110111101111111111111110000111111111
111111111111101111111111101111011111111111111111111111111111111110111000001111111001110001111111111111
111111111000011111111111101111011111111111111111111111111111111110111110010011111010001111111111111111
111111111011111111111111100111011111111111111111111111111111111111011101111101111010101111111111111111
111111111011111111111111101000011111111111111111111111111111111111101011111110111010101111111111111111
111111111011111111111111101111011111111111111111111111111111111111110111111111011010101111111111111111
111111111011111111111111101111011111111111111111111111111111111111101111111111101010101111111111111111
111111111011111111111111101111011111111111111111111111111111111111011111111111110010101111111111111111
111111111101111111111111101111011111111111111111111111111111111110111111111111111000101111111111111111
111111111101111111111111100000011111111111111111111111111111111110001111111111111100000001111111111111
111111111101111111111111101111011111111111111111111111111111111101110111111100000011111100111111111111
111111111110111111111111101111011111111111111111111111111111111011111011111011111111111011001111111111
111111111110111111111111001111011111111111111111111111111111110111111101110111111111111011110111111111
111111111111000000000000101111011111111111111111111111111111110111111110001111111111110111111011111111
111111111111011111111111101111011000000000000011111111111111101011111100111111111111101111111101111111
111111111111011111111111101111011011111111111100000000111111011101110010111111111111011111111110111111
111111111111101111111111011111011011111111111111011111000000111110001110111111111111011111111111011111
111111111111110111111111011111011011111111111111011111011110011110111101111111111110111111111111101111
111111111111110111111111011111011011111111111111011111011101101101111101111111111110111111111111110111
111111111111110111111111011111000000000000000000011110111011110011111011111111111110111111111111111011
111111111111111011111111011111111111111111111111000000111011110111111011111111111110111111111111111011
111111111111111101111111011111111111111111111111011110111001110111110001111111111110111111111111111011
111111111111111101111111011111111111111111111111011101111010001111101110001111111110111111111111111011
111111111111111101111111011111111111111111111110111101111011101111101111110000011110111111111111111011
111111111111111100000000000000000000011111111110011101111011110111011111111101100001111111111111111011
111111100000000001111111011111110111101111111110100011110111111011011111111101111100111111111111111011
111111011111111101111111011111110111110011111110111011101111111100111111111101111101000111111111110111
111111101111111101111111011111110111111011111110111011101111111110111111111101111101111000000000010111
111111110111111101111111011111110111111011111110111011101111111110111111111000000011111111111111101111
111111110111111101111111011111110111111000000000011011101111111111011111111011111011111111111111111111
111111110111111101111111101111111011111111111111100111101111111111101111110111111011111111111111111111
111111111011111101111111101111111011001111111111111000011111111111100000000111111011111111111111111111
111111111101111110111111101100000000101111111111111111011111111111101111110111110111111111111111111111
111111111101111110000000000011111111101111111111111110111111111111011111110111110111111111111111111111
111111111101111111111111101111111111101111111111111110111111111110111111111011101111111111111111111111
111111111110111111111111101111111111101111111111111110111111111101111111111101011111111111111111111111
111111111110111111111111101111111111101111111111111101111100011011111111111110111111111111111111111111
111111111111011111111111101111111111101111111111110011111101100111000000000000111111111111111111111111
111111111111101111111111101111111111101111111111001000011011110111011111111110111111111111111111111111
111111111111110111111111101111111111101111000000111011100111110111011111111110111111111111111111111111
111111111111111011111111101111111111101100101111110111110011101110111111111111011111111111111111111111
111111111111111101111111101100000000000011110111110111110100001101111111111111011111111111111111111111
111111111111111110111111100011111111101111110111110111110111110000000000000000001111111111111111111111
111111111111111110111111101111111111101111110000000111110111110111111011111111011111111111111111111111
111111111111111110111111101111111111101111111111110111110111101111111011111111011111111111111111111111
111111111111111110111111101111111111101111111111110111110111011111111011111111011111111111111111111111
111111111111111110111111101111111111101111111111110111110111011111110111111110111111111111111111111111
111111111111111111011111101111111111101111111111110111110111011111110111111110111111111111111111111111
111111111111111111101111101111111111101111111111110000000000000000010111111101111111111111111111111111
111111111111111111101111101111100000001111111111110111111111111111101111111101111111111111111111111111
111111111111111111110111100000011111111111111111110111111111111111111111111101111111111111111111111111
111111111111111111110111101111111111111111111111110111111111111111111111111101111111111111111111111111
111111111111111111110111101111111111111111111111110111111111111111111111111011111111111111111111111111
111111111111111111110111110111111111111100000000000111111111111110000000000011111111111111111111111111
111111111111111111111011110111111111111101101110110000000011111101111111111011111111111111111111111111
111111111111111111111101110111111111111101101110110111111100000011111111111011111111111111111111111111
111111111111111111111101000000000000111101101110110111111111111111111111111011111111111111111111111111
111111111111111111111100111110111111011101101110110111111111111111111111111011111111111111111111111111
111111111111111111111101111110111100000000000000110111111111111111111111111011111111111111111111111111
111111111111111111111110111110000011111111111110000000000000000000000111111011111111111111111111111111
111111111111111111111111011111111000000000000001111111111111111111111000000011111111111111111111111111
111111111111111111111111011110000111111111111111111111111111111111111111111111111111111111111111111111
111111111111111111111111101001111111111111111111111111111111111111111111111111111111111111111111111111
111111111111111111111111100111111111111111111111111111111111111111111111111111111111111111111111111111
111111111111111111111111111111111111111111111111111111111111111111111111111111111111111111111111111111
144444444444444444444444444444444444444444444444444444444444444444444444444444444444444444444444444441
144444444444444444444444444444444444444444444444444444444444444444444444444444444444444444444444444441
144444444444444444444444444444444444444444444444444444444444444444444444444444444444444444444444444441
144444444444444444444444444444444444444444444444444444444444444444444444444444444444444444444444444441
144444444444444444444444444444444444444444444444444444444444444444444444444444444444444444444444444441
144444444444444444444444444444444444444444444444444444444444444444444444444444444444444444444444444441
144444444444444444444444444444444444444444444444444444444444444444444444444444444444444444444444444441
144444444444444444444444444444444444444444444444444444444444444444444444444444444444444444444444444441
144444444444444444444444444444444444444444444444444444444444444444444444444444444444444444444444444441
144444444444444444444444444444444444444444444444444444444444444444444444444444444444444444444444444441
111111111111111111111111111111111111111111111111111111111111111111111111111111111111111111111111111111