111111111111111111111111111111111111111111111111111111111111111111111111111111111111111111111111111111
111111111111111111111111111111111111111111111111111111111111111111111111111111111111111111111111111111
111111111111111111111111111111111111111111111111111111111111111111111111111110011111111111111111111111
111111111111111111111111111111111111111111111111111111111111111111111111111101000000000000000000000011
111111111111111111111111111111111111111111111111111111100011111111111111111011101111111111111111101011
111111111111111111111111111111111111111111111111111111011101111111111111110111101111111111111111011011
111111111111111111111111111111111111111111111111111110111110111111001111101111101111111111111110111011
111111111111111111111111111111111111111111111111111110011111000000110111011111110111111111111101111011
111111111111111111111111111111111111111111111111111110011111011111111010111111111011111111111011111011
111111111111111111111111111111111111111111111111111101101111011111111101111111111101111111110111111011
111111111111111111111111111111111111111111111111100011101111011111111010111111110011111111101111111011
111111111111111111111111111111111111111100000000010111101111011111110111000000000111111111011111111011
111111111111111111111111111111111111110011111110110111101111101111101111111100111011110000111111111011
111111111111111111111111111111111111101111111110110111101111100000010111111011111100001111111111111011
111111111111111111111111111111111111011111111110110111101111101111111000110111111111011111111111111011
111111111111111111111111111111111100111111111110110111101111101111111111001111111111011111111111111011
111111111111111111111111111111100011111111111110000000000000001111111111010001111110111111111111111011
111111111111111111111111111110001100111111111110110111101111100111111110111110011101111111111111111011
111111111111111111111111111001101111001111111110110111101111101001111101111111100011111111111111111011
111111111111111111111111100111101111110000000000000000001111101110000011111111110111111111111111111011
111111111111111111111111001011101111111111111111110111101111101111011111111111101111111111111111111011
111111111111111111111110101100001111111111111111110111101111101111011111111111011111111111111111111011
111111111111111111111101101111100001111111111111110111101111101111011111111110111111111111111111111011
111111111111111111111011101111101110000000000000000000000000000000111111111101111111111111111111111011
111111111111111110000111101111101111111111111111111111111111111110000011111011111111111111111111110111
111111111111000001111111101111101111111111111111111111111111111110111100111011111111111111111000001111
111111111110111111111111101111101111111111111111111111111111111110111111010111111111111111110111111111
111111111101111111111111101111101111111111111111111111111111111110111111101111111001111110001111111111
111111111011111111111111101111101111111111111111111111111111111110111111010111111010000001111111111111
111111111011111111111111100011101111111111111111111111111111111111011100111001111010101111111111111111
111111111101111111111111101100011111111111111111111111111111111111101011111110111010101111111111111111
111111111101111111111111101111011111111111111111111111111111111111110111111111011010101111111111111111
111111111101111111111111101111011111111111111111111111111111111111101111111111101010101111111111111111
111111111110111111111111101111011111111111111111111111111111111111011111111111110010101111111111111111
111111111110111111111111100111011111111111111111111111111111111110111111111111111000101111111111111111
111111111110111111111111101000011111111111111111111111111111111101001111111111111110000001111111111111
111111111111011111111111101111011111111111111111111111111111111101110111111111111101111010011111111111
111111111111011111111111101111011111111111111111111111111111111011111011111111111011111011101111111111
111111111111011111110000001111011111111111111111111111111111111011111101110000000111110111110111111111
111111111111000000001111101111011111111111111111111111111111110011111110001111111111101111111011111111
111111111111011111111111101111011000000000111111111111111111101101111000111111111111011111111101111111
111111111111011111111111101111011011111111000000000000111111011110110110111111111111011111111110111111
111111111111101111111111101111011011111111111111011111000000111111001101111111111110111111111111011111
111111111111110111111111011111011011111111111111011111101101011110111101111111111110111111111111101111
111111111111110111111111011111011011111111111111011111011101100101111101111111111110111111111111110111
111111111111111011111111011111000000000000000000000111011011111011111011111111111110111111111111111011
111111111111111011111111011111111111111111111111011000111011110111111011111111111110111111111111111011
111111111111111011111111011111111111111111111111011110111001101111110011111111111110111111111111111011
111111111111111011111111011111111111111111111111011101111010001111101101111111111101111111111111111011
111111111111111101111111011111111111111111111110111101111011110111011110000000001101111111111111111011
111111111000000000000000000000000011111111111110111011110111111011011111111011110000000111111111111011
111111100111111101111111011111110100111111111110000011110111111011011111111011111101111000011111110111
111111011111111101111111011111110111000011111110111011110111111100111111111011111101111111100011110111
111111011111111110111111011111111011111011111110111011101111111110111111111011111011111111111100001111
111111101111111110111111011111111011111011111110110111101111111110111111111000000011111111111111101111
111111101111111110111111011111111011111000000000000111101111111111011111111011110111111111111111111111
111111101111111110111111011111111011111111111111110001011111111111100001110111110111111111111111111111
111111101111111110111111011111111010001111111111111110011111111111011110000111101111111111111111111111
111111101111111110111111011111110001101111111111111111011111111111011111110111011111111111111111111111
111111110111111110000000000000001111101111111111111111011111111110111111111011011111111111111111111111
111111111011111111111111101111111111101111111111111110111111111101111111111010111111111111111111111111
111111111011111111111111101111111111101111111111111110111111111101111111111100111111111111111111111111
111111111101111111111111101111111111101111111111111101111100001011111111111100111111111111111111111111
111111111101111111111111101111111111101111111111100001111011110111000000000000111111111111111111111111
111111111101111111111111101111111111101111111111011010111011110111011111111110111111111111111111111111
111111111110111111111111101111111111101100000000111011011011101111011111111111011111111111111111111111
111111111111011111111111101111111111100011011111111011100000011110111111111111101111111111111111111111
111111111111101111111111101111111000001111101111111011110111011101111111111111101111111111111111111111
111111111111110111111111100000000111101111101111110111110111100000000000000000001111111111111111111111
111111111111111011111111101111111111101111110000000111110111110111111101111111101111111111111111111111
111111111111111011111111101111111111101111111111110111110111110111111011111111101111111111111111111111
111111111111111101111111101111111111101111111111110111110111110111111011111111101111111111111111111111
111111111111111101111111101111111111101111111111110111110111110111111011111111101111111111111111111111
111111111111111101111111101111111111101111111111110111110111101111110111111111011111111111111111111111
111111111111111110111111101111111111101111111111110000000000001111110111111111011111111111111111111111
111111111111111110111111101100000000001111111111110111111111110000001111111110111111111111111111111111
111111111111111110111111100011111111111111111111110111111111111111111111111110111111111111111111111111
111111111111111110111111110111111111111111111111110111111111111111111111111110111111111111111111111111
111111111111111111011111110111111111111111111111110111111111111111111111111101111111111111111111111111
111111111111111111011111110111111111111100000000000011111111111111000000000011111111111111111111111111
111111111111111111101111110111111111111101101110110100000000100000111111111011111111111111111111111111
111111111111111111110111110111111111111101101110110111111111011111111111111011111111111111111111111111
111111111111111111110111000000000000111101101110110111111111111111111111111011111111111111111111111111
111111111111111111111010111110111110111101101110110111111111111111111111111011111111111111111111111111
111111111111111111111101111110111110000000000000110111111111111111111111111011111111111111111111111111
111111111111111111111110111110000001111111110000000000001111111111111111111011111111111111111111111111
111111111111111111111110111111111111100000001111111111110000000000000000000011111111111111111111111111
111111111111111111111111011111111000011111111111111111111111111111111111111111111111111111111111111111
111111111111111111111111101110000111111111111111111111111111111111111111111111111111111111111111111111
111111111111111111111111100001111111111111111111111111111111111111111111111111111111111111111111111111
111111111111111111111111111111111111111111111111111111111111111111111111111111111111111111111111111111
144444444444444444444444444444444444444444444444444444444444444444444444444444444444444444444444444441
144444444444444444444444444444444444444444444444444444444444444444444444444444444444444444444444444441
144444444444444444444444444444444444444444444444444444444444444444444444444444444444444444444444444441
144444444444444444444444444444444444444444444444444444444444444444444444444444444444444444444444444441
144444444444444444444444444444444444444444444444444444444444444444444444444444444444444444444444444441
144444444444444444444444444444444444444444444444444444444444444444444444444444444444444444444444444441
144444444444444444444444444444444444444444444444444444444444444444444444444444444444444444444444444441
144444444444444444444444444444444444444444444444444444444444444444444444444444444444444444444444444441
144444444444444444444444444444444444444444444444444444444444444444444444444444444444444444444444444441
144444444444444444444444444444444444444444444444444444444444444444444444444444444444444444444444444441
111111111111111111111111111111111111111111111111111111111111111111111111111111111111111111111111111111