111111111111111111111111111111111111111111111111111111111111111111111111111111111111111111111111111111
111111111111111111111111111111111111111111111111111111111111111111111111111111111111111111111111111111
111111111111111111111111111111111111111111111111111111111111111111111111111111001111111111111111111111
111111111111111111111111111111111111111111111111111111111111111111111111111110100000000000000000000011
111111111111111111111111111111111111111111111111111111111011111111111111111101101111111111111111110011
111111111111111111111111111111111111111111111111111111100101111111111111111011110111111111111111101011
111111111111111111111111111111111111111111111111111110011110100000001111110111110111111111111111011011
111111111111111111111111111111111111111111111111111110011111011111110111101111111011111111111110111011
111111111111111111111111111111111111111111111111111101011111101111111010011111111011111111111001111011
111111111111111111111111111111111111111111111111111101101111101111111100111111111001111111110111111011
111111111111111111111111111111111111111111111110000011101111101111111011000011100111111111101111111011
111111111111111111111111111111111111111111110001111011101111101111110111111100000011111100011111111011
111111111111111111111111111111111111111000001101111011101111101111001111111110111100011011111111111011
111111111111111111111111111111111111110111111101111011101111100000110001111001111111100111111111111011
111111111111111111111111111111111111001111111110110111101111101111111110010111111111011111111111111011
111111111111111111111111111111111100111111111110110111101111101111111111001111111110111111111111111011
111111111111111111111111111111100011111111111110000000000000000011111110110111111101111111111111111011
111111111111111111111111111110000111111111111110110111101111101101111101111000111011111111111111111011
111111111111111111111111111001101011111111111110110111101111101110011011111111000011111111111111111011
111111111111111111111110000111101100000000000000000000001111101111100111111111110111111111111111111011
111111111111111111111001101001101111111111111111110111101111101111011111111111101111111111111111111011
111111111111111111110111101110101111111111111111110111101111101111011111111111011111111111111111111011
111111111111111111101111101111000000000000111111110111101111101111011111111110111111111111111111111011
111111111111111111011111101111101111111111000000000000000000000111011111111101111111111111111111100011
111111111111111100111111101111101111111111111111111111111111111000111111111011111111111111111111011111
111111111111111011111111101111101111111111111111111111111111111110011111110111111111111111111100111111
111111111110000111111111101111101111111111111111111111111111111110101111101111111111111111110011111111
111111111101111111111111101111101111111111111111111111111111111110110000001111111001111110001111111111
111111111011111111111111101111101111111111111111111111111111111110111111010111111010000001111111111111
111111111011111111111111100111011111111111111111111111111111111111011110111011111010101111111111111111
111111111011111111111111101000011111111111111111111111111111111111101101111101111010101111111111111111
111111111011111111111111101111011111111111111111111111111111111111110011111110111010101111111111111111
111111111011111111111111101111011111111111111111111111111111111111101111111111001010101111111111111111
111111111011111111111111101111011111111111111111111111111111111111011111111111110010101111111111111111
111111111101111111111111100111011111111111111111111111111111111110111111111111111000101111111111111111
111111111110111111111111101000011111111111111111111111111111111101001111111111111110000001111111111111
111111111110111111111111101111011111111111111111111111111111111101110111111111111101111100111111111111
111111111110111111111111101111011111111111111111111111111111111011111011111110000011111101011111111111
111111111111000000000000001111011111111111111111111111111111111011111101111001111111111101101111111111
111111111111011111111111101111011111111111111111111111111111110111111110000111111111111011110111111111
111111111111101111111111101111011000000000000000111111111111101001111100111111111111110111111011111111
111111111111101111111111101111011011111111111111000111111111011110111001111111111111101111111101111111
111111111111101111111111101111011011111111111111011000000000111111000101111111111111101111111110111111
111111111111101111111111101111011011111111111111011111011101001110111101111111111111101111111111011111
111111111111110111111111011111011011111111111111011111011011110101111101111111111111101111111111101111
111111111111110111111111011111000000000000000000001110111011111011111011111111111111101111111111110011
111111111111111011111111011111111111111111111111010000111011110111111011111111111111011111111111111011
111111111111111011111111011111111111111111111111011101111000110111110000001111111111011111111111111011
111111111111111101111111011111111111111111111111011101111011001111110111110111111111011111111111111011
111111111111111101111111011111111111111111111110111101110111110111101111111000000110111111111111110111
111111111111000000000000000000000111111111111110000011110111111011101111111101111000111111111111110111
111111100000111101111111101111110011111111111110111011110111111101101111111101111101000011111111110111
111111011111111101111111101111111000000011111110110111101111111101101111111101111101111100111111110111
111111101111111101111111101111111011111011111110110111101111111110011111111101111101111111001111101111
111111110111111110111111101111111011111011111110110111101111111110111111111000000011111111110000001111
111111111011111110111111101111111011111000000000000111011111111111011111111011110111111111111111111111
111111111101111110111111101111111011111111111111110000011111111111100111111011110111111111111111111111
111111111101111110111111101111111011101111111111111111011111111111101000000111101111111111111111111111
111111111101111110111111101111100000001111111111111111011111111111011111111011101111111111111111111111
111111111101111110000000000000011111101111111111111110111111111111011111111101101111111111111111111111
111111111110111111111111101111111111101111111111111110111111111110111111111110011111111111111111111111
111111111111011111111111101111111111101111111111111101111111111101111111111110011111111111111111111111
111111111111101111111111101111111111101111111111111101111100111011111111111110111111111111111111111111
111111111111101111111111101111111111101111111100000011111101000111000000000000111111111111111111111111
111111111111101111111111101111111111101111110011111000111011110110111111111110111111111111111111111111
111111111111101111111111101111111111101111001111111011000111101110111111111111011111111111111111111111
111111111111110111111111101111111111100000101111111011110000011110111111111111011111111111111111111111
111111111111110111111111101111111111001111101111111011110111000101111111111111011111111111111111111111
111111111111110111111111100000000000101111110111111011110111111000000000000000001111111111111111111111
111111111111111011111111101111111111101111110000000111110111111011111101111111101111111111111111111111
111111111111111101111111101111111111101111111111110111110111110111111101111111011111111111111111111111
111111111111111110111111101111111111101111111111110111110111101111111011111111011111111111111111111111
111111111111111110111111101111111111101111111111110111110111101111111011111111011111111111111111111111
111111111111111111011111101111111111101111111111110111110111101111110111111111011111111111111111111111
111111111111111111101111101111111111101111111111110000000000001111101111111110111111111111111111111111
111111111111111111101111101110000000001111111111110111111111110000001111111110111111111111111111111111
111111111111111111110111100001111111111111111111110111111111111111111111111101111111111111111111111111
111111111111111111110111101111111111111111111111110111111111111111111111111101111111111111111111111111
111111111111111111110111110111111111111111111111110111111111111111111111111011111111111111111111111111
111111111111111111110111110111111111111100000000000111111111111111111000000011111111111111111111111111
111111111111111111110111110111111111111101101110110011111111111110000111111011111111111111111111111111
111111111111111111111011110111111111111101101110110100000000000001111111111011111111111111111111111111
111111111111111111111011100000000000111101101110110111111111111111111111111011111111111111111111111111
111111111111111111111010011110111110111101101110110111111111111111111111111011111111111111111111111111
111111111111111111111101111110111100000000000000110111111111111111111111111011111111111111111111111111
111111111111111111111101111110000011111110000000000000000000001111111111111011111111111111111111111111
111111111111111111111110111111111111100001111111111111111111110000000000000011111111111111111111111111
111111111111111111111111011111111111011111111111111111111111111111111111111111111111111111111111111111
111111111111111111111111101000000000111111111111111111111111111111111111111111111111111111111111111111
111111111111111111111111100111111111111111111111111111111111111111111111111111111111111111111111111111
111111111111111111111111111111111111111111111111111111111111111111111111111111111111111111111111111111
144444444444444444444444444444444444444444444444444444444444444444444444444444444444444444444444444441
144444444444444444444444444444444444444444444444444444444444444444444444444444444444444444444444444441
144444444444444444444444444444444444444444444444444444444444444444444444444444444444444444444444444441
144444444444444444444444444444444444444444444444444444444444444444444444444444444444444444444444444441
144444444444444444444444444444444444444444444444444444444444444444444444444444444444444444444444444441
144444444444444444444444444444444444444444444444444444444444444444444444444444444444444444444444444441
144444444444444444444444444444444444444444444444444444444444444444444444444444444444444444444444444441
144444444444444444444444444444444444444444444444444444444444444444444444444444444444444444444444444441
144444444444444444444444444444444444444444444444444444444444444444444444444444444444444444444444444441
144444444444444444444444444444444444444444444444444444444444444444444444444444444444444444444444444441
111111111111111111111111111111111111111111111111111111111111111111111111111111111111111111111111111111