111111111111111111111111111111111111111111111111111111111111111111111111111111111111111111111111111111
111111111111111111111111111111111111111111111111111111111111111111111111111181111111111111111111111111
111111111111111111111111111111111111111111111111111111888888888888888888888811000000000000000111111111
111111111111111111111111111111111111111111111888888888111111111111111111111110101111111111111000000011
111111111111111111111111111111111111111111888111111111111011111111111111111101110111111111111111100011
111111111111111111111111111111111111111188111111111111100101111111111111111011110111111111111111011011
111111111111111111111111111111111111888811111111111110011110111111001111110111111011111111111110111011
111111111111111111111111111111118888111111111111111110011111000000110111101111111101111111111101111011
111111111111111111111111111888881111111111111111111101101111011111111011011111111101111111111011111011
111111111111111111111111118111111111111111111111111011101111011111111100000011111001111111100111111011
111111111111111111111111811111111111111111111111000011101111011111111011111100110111111111011111111011
111111111111111111111181111111111111111100000000110111101111011111110111111111001111111100111111111011
111111111111111111118111111111111111110011111101110111101111011000001111111110100001111011111111111011
111111111111111111181111111111111100001111111101110111101111100111110000111001111110000111111111111011
111111111111111111811111111111111011111111111101110111101111101111111111010111111111011111111111111011
111111111111111181111111111111110111111111111101110111101111101111111111100000111110111111111111111011
111111111111111811111111111111100011111111111110000000000000001111111110011111011110111111111111111011
111111111111118111111111111111001100011111111110110111101111100111111001111111101101111111111111111011
111111111111811111111111110000101111101111111110110111101111101000110111111111110011111111111111111011
111111111118111111111100000111101111110000000000000000001111101111001111111111110111111111111111111011
111111111181111111111011101011101111111111111111110111101111101111011111111111101111111111111111111011
111111111811111111110111101100001111111111111111110111101111101111011111111111011111111111111111111011
111111118111111111101111101111100000000000000000010111101111101110111111111110111111111111111111111011
111111118111111111011111101111101111111111111111100000000000000110111111111101111111111111111111100011
111111118111111000111111101111101111111111111111111111111111111000000001111101111111111111111000011111
111111118111100111111111101111101111111111111111111111111111111110111110111011111111111111110111111111
111111181110011111111111101111101111111111111111111111111111111110111111010111111111111111101111111111
111111181101111111111111101111101111111111111111111111111111111110111111101111111001110000011111111111
111111181011111111111111101111101111111111111111111111111111111110111111010111111010001111111111111111
111111811101111111111111100011101111111111111111111111111111111111011100111001111010101111111111111111
111111811110111111111111101100011111111111111111111111111111111111101011111110111010101111111111111111
111111811110111111111111101111011111111111111111111111111111111111110111111111011010101111111111111111
111111811110111111111111101111011111111111111111111111111111111111101111111111101010101111111111111111
111118111110111111111111101111011111111111111111111111111111111111011111111111110010101111111111111111
111118111111011111111111100000011111111111111111111111111111111110111111111111111000101111111111111111
111118111111011111111111101111011111111111111111111111111111111101011111111111111110000001111111111111
111181111111011111111111101111011111111111111111111111111111111101101111111111111001111100111111111111
111181111111011111111111101111011111111111111111111111111111111011110011111110000111111011011111111111
111181111111011100000000001111011111111111111111111111111111111011111101111001111111111011101111111111
111181111111000011111111101111011111111111111111111111111111110011111110000111111111111011110111111111
111181111111101111111111101111011000000001111111111111111111101101111000111111111111111011111011111111
111181111111101111111111101111011011111110000000000011111111011110110101111111111111110111111100111111
111181111111101111111111011111011011111111111111011100000000111111001101111111111111110111111111011111
111181111111101111111111011111011011111111111111011111101110011110111101111111111111110111111111101111
111181111111110111111111011111011011111111111111011111101101101101111101111111111111101111111111110111
111181111111110111111111011111000000000000000000011111011011110011111011111111111111011111111111111011
111181111111110111111111011111111111111111111110100000111011111011111011111111111111011111111111111011
111181111111110111111111011111111111111111111110111110111001110111110111111111111110111111111111111011
111181111111110111111111011111111111111111111110111101111010001111101011111111111101111111111111110111
111181111111111011111111011111111111111111111110111101110111110111011100000001111101111111111111110111
111181111100000000000000000000000000011111111110001101101111111011011111111010000000001111111111110111
111181100011111101111111011111110111101111111110110011101111111101011111111011111011110111111111110111
111181011111111101111111011111110111110011111110111011011111111110011111111011111011111011111111110111
111181011111111110111111011111110111111011111110111011011111111110111111111011111011111100000011110111
111181011111111110111111011111110111111011111110111011011111111110111111111000000011111111111100001111
111181011111111110111111011111110111111000000000010111011111111111011111111011111011111111111111111111
111181101111111110111111101111110111111111111111100001011111111111101111110111110111111111111111111111
111181101111111110111111101111110100001111111111111110011111111111010000000111101111111111111111111111
111181110111111110111111101111111011101111111111111110111111111111011111111011101111111111111111111111
111181110111111110000000000000000111101111111111111101111111111110111111111101101111111111111111111111
111181111011111111111111101111111111101111111111111101111111111101111111111110101111111111111111111111
111118111101111111111111101111111111101111111111111011111111111101111111111110011111111111111111111111
111118111101111111111111101111111111101111111111111011111100111011111111111110111111111111111111111111
111118111101111111111111101111111111101111110000000011111011000111000000000000111111111111111111111111
111111811101111111111111101111111111101111101111110100111011101111011111111110111111111111111111111111
111111811101111111111111101111111111101110011111110111011011101110111111111111011111111111111111111111
111111811110111111111111101111111111101101101111110111100001011110111111111111011111111111111111111111
111111181111011111111111101111111111000011101111110111110110011101111111111111011111111111111111111111
111111181111011111111111100000000000101111101111110111110111100000000000000000001111111111111111111111
111111181111011111111111101111111111101111110000000111110111111011111101111111101111111111111111111111
111111181111101111111111101111111111101111111111110111110111110111111101111111101111111111111111111111
111111181111101111111111101111111111101111111111110111110111110111111011111111011111111111111111111111
111111118111101111111111101111111111101111111111110111110111110111111011111111011111111111111111111111
111111118111101111111111101111111111101111111111110111110111101111111011111110111111111111111111111111
111111118111110111111111101111111111101111111111110000000000000011110111111101111111111111111111111111
111111118111110111111111101111111111101111111111110111111111111100001111111101111111111111111111111111
111111111811111011111111100000000000011111111111110111111111111111111111111101111111111111111111111111
111111111811111101111111101111111111111111111111110111111111111111111111111101111111111111111111111111
111111111181111110111111101111111111111111111111110111111111111111111111111101111111111111111111111111
111111111181111111011111101111111111111100000000000111111111111111111111100011111111111111111111111111
111111111118111111101111110111111111111101101110110000001111111111100000011011111111111111111111111111
111111111111811111110111110111111111111101101110110111110000000000011111111011111111111111111111111111
111111111111181111110111100000000000111101101110110111111111111111111111111011111111111111111111111111
111111111111118111111010011110111110111101101110110111111111111111111111111011111111111111111111111111
111111111111111811111101111110111100000000000000110111111111111111111111111011111111111111111111111111
111111111111111181111110111110000011111111000000000011111111111111111111111011111111111111111111111111
111111111111111118111110111111000000000000111111111100000000000000000000000011111111111111111111111111
111111111111111111811111011110111111111111111111111111111111111111111111111111111111111111111111111111
111111111111111111181111010001111111111111111111111111111111111111111111111111111111111111111111111111
111111111111111111118111101111111111111111111111111111111111111111111111111111111111111111111111111111
111111111111111111111811111111111111111111111111111111111111111111111111111111111111111111111111111111
144444444444444444444444444444444444444444444444444444444444444444444444444444444444444444444444444441
144444444444444444444444444444444444444444444444444444444444444444444444444444444444444444444444444441
144444444444444444444444444444444444444444444444444444444444444444444444444444444444444444444444444441
144444444444444444444444444444444444444444444444444444444444444444444444444444444444444444444444444441
144444444444444444444444444444444444444444444444444444444444444444444444444444444444444444444444444441
144444444444444444444444444444444444444444444444444444444444444444444444444444444444444444444444444441
144444444444444444444444444444444444444444444444444444444444444444444444444444444444444444444444444441
144444444444444444444444444444444444444444444444444444444444444444444444444444444444444444444444444441
144444444444444444444444444444444444444444444444444444444444444444444444444444444444444444444444444441
144444444444444444444444444444444444444444444444444444444444444444444444444444444444444444444444444441
111111111111111111111111111111111111111111111111111111111111111111111111111111111111111111111111111111