111111111111111111111111111111111111111111111111111111111111111111111111111111111111111111111111111111
111111111111111111111111111111111111111111111111111111111111111111111111111111111111111111111111111111
111111111111111111111111111111111111111111111111111111111111111111111111111111000000000000011111111111
111111111111111111111111111111111111111111111111111111111111111111111111111110011111111111100000000011
111111111111111111111111111111111111111111111111111111110011111111111111111101011111111111111111110011
111111111111111111111111111111111111111111111111111111101101111111111111111011101111111111111111101011
111111111111111111111111111111111111111111111111111110011110110000001111110111110111111111111111011011
111111111111111111111111111111111111111111111111111101011111001111110111101111110111111111111110111011
111111111111111111111111111111111111111111111111111011011111011111111010011111111011111111111101111011
111111111111111111111111111111111111111111111111111011101111011111111100000011111101111111100011111011
111111111111111111111111111111111111111111111111100011101111011111111011111100111011111111011111111011
111111111111111111111111111111111111111110000000010111101111101111110111111111000001111000111111111011
111111111111111111111111111111111110000001111101110111101111101100001111111100111110110111111111111011
111111111111111111111111111111111101111111111101110111101111100011110011111011111111001111111111111011
111111111111111111111111111111111011111111111110110111101111101111111101110111111111011111111111111011
111111111111111111111111111111110111111111111110110111101111101111111110000001111110111111111111111011
111111111111111111111111111100001111111111111110000000000000001111111111011110111110111111111111111011
111111111111111111111111111011100111111111111110110111101111100001111100111111011101111111111111111011
111111111111111111111111110111101000111111111110110111101111101110110011111111100011111111111111111011
111111111111111111111111001111101111000000000000000000001111101111001111111111110111111111111111111011
111111111111111111111110100011101111111111111111110111101111101111101111111111101111111111111111111011
111111111111111111111101101100001111111111111111110111101111101111011111111111011111111111111111111011
111111111111111111100011101111100000001111111111110111101111101111011111111110111111111111111111111011
111111111111111110011111101111101111110000000000000000000000000110111111111101111111111111111111110011
111111111111111101111111101111011111111111111111111111111111111000011111111101111111111111111110001111
111111111111111011111111101111011111111111111111111111111111111110100001111011111111111111111001111111
111111111111000111111111101111011111111111111111111111111111111110111110010111111111111111100111111111
111111111110111111111111101111011111111111111111111111111111111110111111101111111001111000011111111111
111111111001111111111111101111011111111111111111111111111111111110111110010111111010000111111111111111
111111111011111111111111100011011111111111111111111111111111111111011101111011111010101111111111111111
111111111101111111111111101100011111111111111111111111111111111111101011111101111010101111111111111111
111111111101111111111111101111011111111111111111111111111111111111110111111110011010101111111111111111
111111111101111111111111101111011111111111111111111111111111111111101111111111101010101111111111111111
111111111101111111111111101111011111111111111111111111111111111111011111111111110010101111111111111111
111111111101111111111111100011011111111111111111111111111111111110111111111111111000101111111111111111
111111111101111111111111101100011111111111111111111111111111111110001111111111000000000001111111111111
111111111101111111111111101111011111111111111111111111111111111101110111111110111111111010111111111111
111111111110111111111111101111011111111111111111111111111111111011111011111001111111111011011111111111
111111111111011111111100001111011111111111111111111111111111110111111101100111111111110111101111111111
111111111111000000000011101111011111111111111111111111111111110111111110011111111111101111110111111111
111111111111011111111111101111011000000000000011111111111111101001111101111111111111101111111001111111
111111111111101111111111101111011011111111111100000111111111011110111001111111111111101111111110111111
111111111111110111111111101111011011111111111111011000000000111111000011111111111111011111111111011111
111111111111110111111111101111011011111111111111011111011101011110111011111111111111011111111111101111
111111111111110111111111101111011011111111111111011111011101101101110111111111111111011111111111110111
111111111111111011111111101111000000000000000000000010111011110011110111111111111110111111111111111011
111111111111111011111111011111111111111111111110111100111011111011110111111111111110111111111111111011
111111111111111011111111011111111111111111111110111101111001110111110111111111111110111111111111110111
111111111111111011111111011111111111111111111110111011111010001111101000011111111101111111111111110111
111111111111111101111111011111111111111111111110111011111011110111101111100000001101111111111111110111
111111111111111100000000000000000000111111111110000011111011111011101111111101110000001111111111110111
111111111111111001111111011111110111000111111110111011110111111101011111111011111011110011111111101111
111111000000000101111111011111110111111011111110110111110111111100111111111011111011111100001111101111
111111101111111101111111011111110111111011111110110111110111111100111111111011111011111111110000101111
111111101111111101111111101111110111111011111110110111110111111110111111111000000011111111111111001111
111111101111111101111111101111110111111000000000000111101111111111011111111011110111111111111111111111
111111101111111101111111101111110111111111111111110111101111111111100000110111101111111111111111111111
111111101111111101111111101111111000001111111111111000011111111111011111000111101111111111111111111111
111111110111111101111111101111111011101111111111111110111111111110111111110111101111111111111111111111
111111110111111110000000000000000111101111111111111110111111111110111111111011101111111111111111111111
111111110111111111111111101111111111101111111111111110111111111101111111111101011111111111111111111111
111111111011111111111111101111111111101111111111111101111111111011111111111101011111111111111111111111
111111111011111111111111101111111111101111111111111011111100111011111111111110111111111111111111111111
111111111011111111111111101111111111101111111111110011111101000111000000000000111111111111111111111111
111111111101111111111111101111111111101111111000001000111011101110111111111111011111111111111111111111
111111111110111111111111101111111111101110000111111011000111101101111111111111011111111111111111111111
111111111111011111111111101111111111100001101111111011110111011011111111111111011111111111111111111111
111111111111011111111111101111111100001111110111111011110000001011111111111111011111111111111111111111
111111111111011111111111100000000011101111110111110111110111110000000000000000001111111111111111111111
111111111111011111111111101111111111101111110000000111110111111011111101111111101111111111111111111111
111111111111011111111111101111111111101111111111110111110111110111111101111111011111111111111111111111
111111111111011111111111101111111111101111111111110111110111101111111011111110111111111111111111111111
111111111111101111111111101111111111101111111111110111110111011111110111111110111111111111111111111111
111111111111110111111111101111111111101111111111110111110111011111101111111110111111111111111111111111
111111111111111011111111101111111111101111111111110000000000000000101111111110111111111111111111111111
111111111111111101111111101111110000001111111111110111111111111111001111111110111111111111111111111111
111111111111111110111111100000001111111111111111110111111111111111111111111101111111111111111111111111
111111111111111111011111101111111111111111111111110111111111111111111111111011111111111111111111111111
111111111111111111011111101111111111111111111111110111111111111111111111111011111111111111111111111111
111111111111111111011111101111111111111100000000000111111111111111111111110011111111111111111111111111
111111111111111111101111101111111111111101101110110000001111111111000000001011111111111111111111111111
111111111111111111110111110111111111111101101110110111110000000000111111111011111111111111111111111111
111111111111111111111011100000000000111101101110110111111111111111111111111011111111111111111111111111
111111111111111111111100011110111110111101101110110111111111111111111111111011111111111111111111111111
111111111111111111111101111110111000000000000000110111111111111111111111111011111111111111111111111111
111111111111111111111110111110000111111111111110000000000000000000000000001011111111111111111111111111
111111111111111111111111011111111110000000000001111111111111111111111111110011111111111111111111111111
111111111111111111111111011111111101111111111111111111111111111111111111111111111111111111111111111111
111111111111111111111111011111100011111111111111111111111111111111111111111111111111111111111111111111
111111111111111111111111100000011111111111111111111111111111111111111111111111111111111111111111111111
111111111111111111111111111111111111111111111111111111111111111111111111111111111111111111111111111111
144444444444444444444444444444444444444444444444444444444444444444444444444444444444444444444444444441
144444444444444444444444444444444444444444444444444444444444444444444444444444444444444444444444444441
144444444444444444444444444444444444444444444444444444444444444444444444444444444444444444444444444441
144444444444444444444444444444444444444444444444444444444444444444444444444444444444444444444444444441
144444444444444444444444444444444444444444444444444444444444444444444444444444444444444444444444444441
144444444444444444444444444444444444444444444444444444444444444444444444444444444444444444444444444441
144444444444444444444444444444444444444444444444444444444444444444444444444444444444444444444444444441
144444444444444444444444444444444444444444444444444444444444444444444444444444444444444444444444444441
144444444444444444444444444444444444444444444444444444444444444444444444444444444444444444444444444441
144444444444444444444444444444444444444444444444444444444444444444444444444444444444444444444444444441
111111111111111111111111111111111111111111111111111111111111111111111111111111111111111111111111111111