111111111111111111111111111111111111111111111111111111111111111111111111111111111111111111111111111111
111111111111111111111111111111111118888888888888888888888888888888888888888881111111111111111111111111
111111111111111111111111118888888888888888888888888888888888888888888888888811000000000111111111111111
111111111111111111118888888888888888888888888888888888111111111111111111111110101111111000000000000011
111111111111111188888888888888888888888888888111111111110011111111111111111001110111111111111111101011
111111111111888888888888888888888888888888111111111111101101111111111111110111111011111111111111011011
111111111118888888888888888888888888888811111111111110011110111100001111101111111011111111111110111011
111111111888888888888888888888888888111111111111111100111111000011110111011111111011111111111101111011
111111188888888888888888888888881111111111111111111011011111011111111010111111111101111111111011111011
111111888888888888888888888111111111111111111111111011101111011111111101111111111001111111110111111011
111118888888888888888888811111111111111111111110000011101111101111111010000001100111111111101111111011
111118888888888888888881111111111111111111100001111011101111101111110111111110000001111110011111111011
111188888888888888888111111111111111111000011101111011101111101000000111111110111110011001111111111011
111188888888888888881111111111111111110111111101111011101111100111111001111101111111100111111111111011
111188888888888888811111111111111111001111111101110111101111101111111110111011111111011111111111111011
111888888888888881111111111111111100111111111101110111101111101111111111000111111110111111111111111011
111888888888888811111111111110000011111111111110000000000000000011111111010000111101111111111111111011
118888888888888111111111111101100001111111111110110111101111101100111110111111011101111111111111111011
118888888888811111111111110011101110001111111110110111101111101111011101111111100011111111111111111011
118888888888111111111111000011101111110000000000000000001111101111100011111111110111111111111111111011
188888888881111111111110101101101111111111111111110111101111101111101111111111101111111111111111111011
188888888811111111110001101110001111111111111111110111101111101111101111111111011111111111111111111011
188888888111111111001111101111100000000011111111110111101111101111011111111110111111111111111111111011
188888888111111100111111101111101111111100000000000000000000000010111111111101111111111111111111110011
188888888111111011111111101111101111111111111111111111111111111100011111111011111111111111111100001111
188888888111100111111111101111101111111111111111111111111111111110100001111011111111111111110011111111
188888881111011111111111101111101111111111111111111111111111111110111110110111111111111111001111111111
188888881110111111111111101111101111111111111111111111111111111110111111001111111001111000111111111111
188888881001111111111111101111101111111111111111111111111111111110111111010111111010000111111111111111
188888811101111111111111100111011111111111111111111111111111111111011110111011111010101111111111111111
188888811110111111111111101000011111111111111111111111111111111111101101111101111010101111111111111111
188888811110111111111111101111011111111111111111111111111111111111110011111110111010101111111111111111
188888811110111111111111101111011111111111111111111111111111111111101111111111011010101111111111111111
188888111111011111111111101111011111111111111111111111111111111111011111111111101010101111111111111111
188888111111011111111111101111011111111111111111111111111111111110111111111111110010101111111111111111
188888111111011111111111100000011111111111111111111111111111111110011111111111111000000001111111111111
188881111111011111111111101111011111111111111111111111111111111101101111111111000111111100111111111111
188881111111011111111111101111011111111111111111111111111111111011110111110000111111111101011111111111
188881111111011100000000001111011111111111111111111111111111111011111001101111111111111101101111111111
188881111111000011111111101111011111111111111111111111111111110111111100011111111111111011110011111111
188881111111011111111111011111011000000111111111111111111111101001110001111111111111111011111101111111
188881111111101111111111011111011011111000000000000011111111011110101101111111111111111011111110111111
188881111111110111111111011111011011111111111111011100000000011111011101111111111111111011111111011111
188881111111110111111111011111011011111111111111011111101110101110111101111111111111110111111111101111
188881111111110111111111011111011011111111111111011111011110110101111011111111111111110111111111110111
188881111111110111111111011111000000000000000000000001011101111011111011111111111111101111111111111011
188881111111111011111111011111111111111111111111011110111011110111111011111111111111011111111111110111
188881111111111011111111011111111111111111111111011110110100101111110000001111111111011111111111110111
188881111111111011111111011111111111111111111111011101110111001111110111110111111110111111111111101111
188881111111111011111111011111111111111111111111011101101111110111110111111000000010111111111111101111
188881111111111000000000000000000011111111111110000011101111111011110111111101111100111111111111101111
188881100000000101111111011111110101111111111110111011101111111101110111111101111101000111111111101111
188881011111111101111111011111110110000011111110111011011111111101101111111101111101111000011111101111
188881011111111101111111011111110111111011111110111011011111111101011111111011111011111111100011101111
188881101111111101111111011111110111111011111110110111011111111110111111111000000011111111111100001111
188881101111111101111111011111110111111000000000000111011111111111011111110111111011111111111111111111
188881101111111101111111011111110111111111111111110011011111111111100011110111110111111111111111111111
188881101111111110111111011111111011001111111111111100011111111111101100000111110111111111111111111111
188881101111111110111111101100000000101111111111111111011111111111011111110111101111111111111111111111
188881101111111110000000000011111111101111111111111111011111111110111111111011101111111111111111111111
188881110111111111111111101111111111101111111111111110111111111101111111111011101111111111111111111111
188888111011111111111111101111111111101111111111111101111111111101111111111011011111111111111111111111
188888111011111111111111101111111111101111111111111011111100011011111111111100111111111111111111111111
188888111101111111111111101111111111101111111111100011111101100111000000000000111111111111111111111111
188888811101111111111111101111111111101111100000011000111101110111011111111110111111111111111111111111
188888811110111111111111101111111111101111011111110111001011101110111111111110111111111111111111111111
188888811110111111111111101111111111101100011111110111110000011110111111111111011111111111111111111111
188888881110111111111111101111000000000011011111110111110111000101111111111111101111111111111111111111
188888881111011111111111100000111111101111101111110111110111111000000000000000001111111111111111111111
188888881111011111111111101111111111101111110000000111110111110111111101111111011111111111111111111111
188888881111011111111111101111111111101111111111110111110111110111111101111111011111111111111111111111
188888881111101111111111101111111111101111111111110111110111110111111011111111011111111111111111111111
188888888111110111111111101111111111101111111111110111110111101111110111111111011111111111111111111111
188888888111111011111111101111111111101111111111110111110111101111110111111111011111111111111111111111
188888888111111101111111101111111111101111111111110000000000000000101111111111011111111111111111111111
188888888111111101111111101100000000001111111111110111111111111111001111111110111111111111111111111111
188888888811111101111111100011111111111111111111110111111111111111111111111101111111111111111111111111
188888888811111101111111101111111111111111111111110111111111111111111111111011111111111111111111111111
188888888881111110111111101111111111111111111111110111111111111111111111111011111111111111111111111111
188888888881111111011111110111111111111100000000000001111111111111111111110011111111111111111111111111
188888888888111111101111110111111111111101101110110110011111111111100000001011111111111111111111111111
188888888888811111110111110111111111111101101110110111100000000000011111111011111111111111111111111111
188888888888881111110111000000000000111101101110110111111111111111111111111011111111111111111111111111
188888888888888111111010111110111111011101101110110111111111111111111111111011111111111111111111111111
188888888888888811111101111110111000000000000000110111111111111111111111111011111111111111111111111111
188888888888888881111110111110000111111111111111000000000000011111111111111011111111111111111111111111
188888888888888888111111011111111111111000000000111111111111100000000000000011111111111111111111111111
188888888888888888811111101111111111100111111111111111111111111111111111111111111111111111111111111111
188888888888888888881111101111000000011111111111111111111111111111111111111111111111111111111111111111
188888888888888888888111100000111111111111111111111111111111111111111111111111111111111111111111111111
188888888888888888888811111111111111111111111111111111111111111111111111111111111111111111111111111111
144444444444444444444444444444444444444444444444444444444444444444444444444444444444444444444444444441
144444444444444444444444444444444444444444444444444444444444444444444444444444444444444444444444444441
144444444444444444444444444444444444444444444444444444444444444444444444444444444444444444444444444441
144444444444444444444444444444444444444444444444444444444444444444444444444444444444444444444444444441
144444444444444444444444444444444444444444444444444444444444444444444444444444444444444444444444444441
144444444444444444444444444444444444444444444444444444444444444444444444444444444444444444444444444441
144444444444444444444444444444444444444444444444444444444444444444444444444444444444444444444444444441
144444444444444444444444444444444444444444444444444444444444444444444444444444444444444444444444444441
144444444444444444444444444444444444444444444444444444444444444444444444444444444444444444444444444441
144444444444444444444444444444444444444444444444444444444444444444444444444444444444444444444444444441
111111111111111111111111111111111111111111111111111111111111111111111111111111111111111111111111111111