1111111111111111111111111111111111111111111111111111111111111111111111111111111111111111111111111111111111111111111111111111111111111111111111111111111111111111111111111111111111111111111111111111111111
1111111111111111111111111111111111111111111111111111111111111111111111111111111111111111111111111111111111111111111111111111111111111111111111111111111111111111111111111111111111111111111111111111111111
1111111111111111111111111111111111111111111111111111111111111111111111111111111111111111111111111111111111111111111111111111111111111111111111111111111111111111111111111111111111111111111111111111111111
1111111111111111111111111111111111111111111111111111111111111111111111111111111111111111111188888888888888888888881111111111111111111111111111111111111111111111111111111111111111111111111111111111111111
1111111111111111111111111111111111111111111111111111111111111111111111111111111111111888888811111111111111111111118111111111111111111111111111111111111111111111111111111111111111111111111111111111111111
1111111111111111111111111111111111111111111111111111111111111111111111111111118888888111111111111111111111000011111888111111111111111111111111111111111111111111111111111111111111111111111111111111111111
1111111111111111111111111111111111111111111111111111111111111111111111888888881111000000000000000000000000101100000111811111111111111111111111111111111111111111111111111111111111111111111111111111111111
1111111111111111111111111111111111111111111111111111111111111188888888111000000000111111111111111111111111011111111001188811111111111111111111111111111111111111111111111111111111111111111111111111111111
1111111111111111111111111111111111111111111111111111111888888811111111110011111101111111111111111111111111011111111010111188111111111111111111111111111111111111111111111111111111111111111111111111111111
1111111111111111111111111111111111111111111111118888888111111111100000000111111110111111111111111111111111011111111011000111881111111111111111111111111111111111111111111111111111111111111111111111111111
1111111111111111111111111111111111188888888888881111111111111000011111101111111110111111111111111111111111011111110111110011118811111111111111111111111111111111111111111111111111111111111111111111111111
1111111111111111111111111111188888811111111111111111111110000111111111011111111111011111111111111111111111011111110111110101111188111111111111111111111111111111111111111111111111111111111111111111111111
1111111111111111111111118888811111111111111111111111111001101111111110111111111111101111111111111111111111011111110111110110111111881111111111111111111111111111111111111111111111111111111111111111111111
1111111111111111111118881111111111111111111111111111110111011111111101111111111111101111111111111111111111011111110111110111011111118881111111111111111111111111111111111111111111111111111111111111111111
1111111111111111111188111111111111111111111000000000001110111111111011111111111111010111111111111111111100111111110111110111100111111118811111111111111111111111111111111111111111111111111111111111111111
1111111111111111118811111111111111111110000111111111111001111111110111111111111110111011111111111111111010111111110111110111111001111111188111111111111111111111111111111111111111111111111111111111111111
1111111111111111881111111111111111111101111111111111110110111111110111111111111101111101111111111111100101111111101111101111111100011111111881111111111111111111111111111111111111111111111111111111111111
1111111111111888111111111111111111110011111111111111101111011111101111111111111011111110111111111110011101111111101111101111111101101111111118881111111111111111111111111111111111111111111111111111111111
1111111111111811111111111111100000001111111111111111011111101111011111111111100111111111011111111101111101111111011111011111111101110001111111118811111111111111111111111111111111111111111111111111111111
1111111111881111111111111111011110111111111111111110111111110100101111111110011111111111011111111011111101111111011111011111111101111110111111111188811111111111111111111111111111111111111111111111111111
1111111188111111111111111110111111011111111111111101111111110011110111111101111111111111101111000111111101111111011111011111111101111111000011111111188111111111111111111111111111111111111111111111111111
1111118811111111111111111101111111101111111111111011111111101011111011111011111111111111110110111111111011111111011111011111111101111111111101111111111811111111111111111111111111111111111111111111111111
1111181111111111111111111011111111101111111110000111111111011101111101000111111111111111111001111111111011111110111110111111111011111111111110001111111181111111111111111111111111111111111111111111111111
1118111111111111111111100111111111110111111101111111111110111110111110111111111111111111110101111111111000111110111110111111111011111111111111110111111111811111111111111111111111111111111111111111111111
1181111111111111111100010111111111111011111011111111111101111111011001011111111111111111101110111111100011000000111101111111111011111111111111111001111111181111111111111111111111111111111111111111111111
1111111111111111111011111011111111111101000111111111111011111111100111101111111111111100011110111110010111111110000001111111111011111111111111111110111111118111111111111111111111111111111111111111111111
1111111111111111100111111101111111111100111111111111110111111111011111110111111111111011111110111001110111111110111010111111111011111111111111111111011111111811111111111111111111111111111111111111111111
1111111111111111011111111101111111111001111111111111001111111110111111111011111111110111111110110111110111111101110111000000000011111111111111111111101111111181111111111111111111111111111111111111111111
1111111111111110011111111101111111110101111111111100111111110001111111111101111111101111111111001111101111111101101111101111111011111111111111111111100111111111811111111111111111111111111111111111111111
1111111111111101011111111101111110001001111111111011111111101111111111111110111111110111111100101111011111111011101111101111111011111111111111111111011001111111181111111111111111111111111111111111111111
1111111111111011011111111110111101111100111111000101111111011111111111111111011111111011111011110110111111111011101111101111111011111111111111110000111110111111118111111111111111111111111111111111111111
1111111111110111011111111111011011111101011110111110111100111111111111111111101111111011110111111010111111110111101111101111111011111111111111101111111111001111111811111111111111111111111111111111111111
1111111111101111011111111111100111111101101001111111011011111111111111111111101111111101101111111010111111110111011111101111111011111111111110011111111111110111111181111111111111111111111111111111111111
1111111111011111011111111111101111111110110111111111100111111111111111111111110111110000000000000001111111110110111111011111111011111111111101111111111111111011111111811111111111111111111111111111111111
1111111110111111011111111111110111111111001111111111001111111111111111111111110111101111111111111100000000000000000000000001111011111111110011111111111111111101111111181111111111111111111111111111111111
1111111110111111011111111111111011111100011111111100111111111111111111111111111011011111111111111111111111101111111111011110000011111111101111111111111111111110111111118111111111111111111111111111111111
1111111110111110100000111111111011110011111111111011111111111111111111111111111010111111111111111111111111101111111111011111111011111111011111111111111111111111011111111811111111111111111111111111111111
1111111110111001111111011111111011101111111111110111111111111111111111111111111001111111111111111111111111011111111111011111111011111110111111111111111111111111101111111181111111111111111111111111111111
1111111111000111111100101111111101011111111111101111111111111111111111111111111011111111111111111111111111011111111111011111111011111101111111111111111111111111110111111111811111111111111111111111111111
1111111110101111111011110111111100111111111110011111111111111111111111111111111011111111111111111111111111011111111111011111110111111011111111111111111111111111111001111111181111111111111111111111111111
1111111101110111100111111001111101111111111101111111111111111111111111111111111011111111111111111111111111011111111111011111110111110111111111111111111111111111111110111111118111111111111111111111111111
1111111011110111011111111110111001111111111011111111111111111111111111111111111011111111111111111111111111011111111111011111110111101111111111111111111111111111111111011111118111111111111111111111111111
1111110111110100111111111111000101111111110111111111111111111111111111111111111101111111111111111111111111011111111111011111110111011111111111111111111111111111111111101111111811111111111111111111111111
1111101111111011111111111111001110111111101111111111111111111111111111111111111101111111111111111111111111000000000111011111110100111111111111111111111111111111111111110001111181111111111111111111111111
1110011110000101111111111110111110111111011111111111111111111111111111111111111101111111111111111111111110101111111011011111110011111111111111111111111111111111111111111110111118111111111111111111111111
1101111001111110111111111101111111011110111111111111111111111111111111111111111101111111111111111111111101101111111100011111110111111111111111111111111111111111111111111111011111811111111111111111111111
1101110111111110011111111011111111101001111111111111111111111111111111111111111101111111111111111111111011101111111111011111100111111111111111111111111111111111111111111100111111811111111111111111111111
1101001111111101101111110111111111100111111111111111111111111111111111111111111101111111111111111111110111110111111111011110010111111111111111111111111111111111111111100011111111181111111111111111111111
1110111111110011110110001111111111011011111111111111111111111111111111111111111101111111111111111111101111110111111111011001110111111111111111111111111111111111111110011111111111118111111111111111111111
1110111111101111110001111111111100111101111111111111111111111111111111111111111101111111111111111111011111110111111111010111110111111111111111111111111111111111110001111111111111111811111111111111111111
1110111110011111001101111111111011111110111111111111111111111111111111111111111101111111111111111110111111110111111111001111111011111111111111111111111111111111101111111111111111111811111111111111111111
1111011101111110111110111111110111111110111111111111111111111111111111111111111110111111111111111101111111110111111110011111111011111111111111111111111111111111011111111111111111111118111111111111111111
1111000011111001111110111111101111111111011111111111111111111111111111111111111111011111111111111011111111110111111101111111111011111111111111111111111110000000111111111111111111111118111111111111111111
1111001111100111111111011110011111111111011111111111111111111111111111111111111111101111111111110111111111110111111011111111111011111111111100000000000001111111111111111111111111111111181111111111111111
1111110111011111111111011101111111111111011111111111111111111111111111111111111111110111111111101111111111110111110111111111111011111111111011111111111111111111111111111111111111111111181111111111111111
1111111010111111111111011011111111111111011111111111111111111111111111111111111111110111111110011111111111110111001111111111111011111111000111111111111111111111111111111111111111111111118111111111111111
1111111101111111111111100111111111111111011111111111111111111111111111111111111111111011111101111111111111110110111111111111111011000000110111111111111111111111111111111111111111111111111811111111111111
1111111101111111111111010111111111111111101111111111111111111111111111111111111111111011111011111111111111110001111111111111110000111111110111111111111111111111111111111111111111111111111811111111111111
1111111101111111110000110111111111111111101111111111111111111111111111111111111111111011110111111111111110000000000000000000001011111111110111111111111111111111111111111111111111111111111811111111111111
1111111101111111001111110111111111111111110111111111111111111111111111111111111111111101101111111111110001111111111111011111111011111111110111111111111111111111111111111111111111111111111181111111111111
1111111101111110111111110111111111111111111011111111111111111111111111111111111111111101011111100000001111111111111111011111111101111111110111111111111111111111111111111111111111111111111181111111111111
1111111110111001111111111011111111111111111101111111111111111111111111111111111000000000000000011111111111111111111111011111111101111111110111111111111111111111111111111111111111111111111118111111111111
1111111111010111111111111101111111111111111101111111111111111111111111000000000111111101111111111111111111111111111111011111111110111111111011111111111111111111111111111111111111111111111111811111111111
1111111111001111111111111110111111111111111101111111111111111111110000111111111111111101111111111111111111111111111111011111111110111111111011111111111111111111111111111111111111111111111111181111111111
1111111111011111111111111111011111111111111110111111000000000000001111111111111111111101111111111111111111111111111111011111111110111111111011111111111111111111111111111111111111111111111111181111111111
1111111111011111111111111111101111111111111110000000111011111111011111111111111111111110111111111111111111111111111111011111111110111111111011111111111111111111111111111111111111111111111111118111111111
1111111111011111111111111111101111111000000000111011111011111111011111111111111111111110111111111111111111111111111111011111111110111111111011111111111111111111111111111111111111111111111111118111111111
1111111111011111111111111111110111100110111110111011111011111111011111111111111111111110111111111111111111111111111111101111111110111111111011111111111111111111111111111111111111111111111111111811111111
1111111111011111111111111111110110011101111110111011111011111111011111111111111111111110111111111111111111111111111111101111111110111111111011111111111111111111111111111111111111111111111111111811111111
1111111111011111111111100000000001111011111110111011111011111111011111111111111111111110111111111111111111111111111111101111111110111111111011111111111111111111111111111111111111111111111111111181111111
1111111111011111111110011111111111110111111110111011111011111111011111111111111111111110111111111111111111111111111111101111111110111111111011111111111111111111111111111111111111111111111111111181111111
1111111111011111100001111111111111101111111110111011111101111111011111111111111111111110111111111111111111111111111111101111111110111111111101111111111111111111111111111111111111111111111111111118111111
1111111111101110011111111111111111011111111101111011111101111111011111111111111111111110111111111111111111111111111111101111111110111111111101111111111111111111111111111111111111111111111111111118111111
1111111111101101111111111111111110111111111100001011111101111111011111111111111111111110111111111111111111111111111111101111111111011111111101111111111111111111111111111111111111111111111111111111811111
1111111111100011111111111111111001111111111101110000000001111111011111111111111111111110111111111111111111111111111111101111111111011111111101111111111111111111111111111111111111111111111111111111811111
1111111111101111111111111111110111111111111011111011111101111111011111111111111111111110111111111111111111111111111111110111111111011111111101111111111111111111111111111111111111111111111111111111811111
1111111111101111111111111111101111111111111011110111111101111111011111111111111111111110111111111111111111111111111111110111111111011111111101111111111111111111111111111111111111111111111111111111811111
1111111111101111111111111111011111111111111011110111111101111111011111111111111111111110111111111111111111111111111111110111111111011111111101111111111111111111111111111111111111111111111111111111811111
1111111111101111111111111110111111111111110111110111111101111111011111111111111111111110111111111111111111111111111111111011111111011111111101111111111111111111111111111111111111111111111111111111811111
1111111111101111111111111101111111111111110111110111111101111111011111111111111111111110111111111111111111111111111111100011111111011111111101111111111111111111111111111111111111111111111111111111811111
1111111111101111111111111011111111111111110111101111111101111111101111111111111111111110111111111111111111111111111111011111111111011111111101111111111111111111111111111111111111111111111111111111811111
1111111111101111111111110111111111111111101111011111111101111111101111111111111111111110111111111111111111111111111100111111111111011111111101111111111111111111111111111111111111111111111111111111811111
1111111111101111111111101111111111111111101111011111111101111111110111111111111111111110111111111111111111111111100011111111111111011111111101111111111111111111111111111111111111111111111111111111811111
1111111111101111111111011111111111111111101111011111111101111111110111111111111111111111011111111111111111111111011111111111111111011111111101111111111111111111111111111111111111111111111111111111811111
1111111111101111111110111111111111111111011111011111111001111111110111111111111111111111011111111111111111111110111111111111111100000000000001111111111111111111111111111111111111111111111111111111811111
1111111111101111111101111111111111111111000000000000000101111111110111111111111111111111011111111111111111111110111111111111000011111111111101111111111111111111111111111111111111111111111111111111811111
1111111111101111111011111111111111111111111111011111111101111111110111111111111111111111011111111111111111111101111110000000111111111111111101111111111111111111111111111111111111111111111111111111811111
1111111111101111110111111111111111111111111111011111111101111111111011111111111111111111011111111111111111111101111001111111111111111111111101111111111111111111111111111111111111111111111111111111811111
1111111111101111101111111111111111111111111111011111111101111111111011111111111111111111011111111111111111111011100111111111111111111111111101111111111111111111111111111111111111111111111111111118111111
1111111111101111011111111111111111111111111111101111111110111111111011111111111111111111101111111111111111110000011111111111111111111111111101111111111111111111111111111111111111111111111111111118111111
1111111111101100111111111111111111111111111111101111111110111111111011111111111111111111101111000000000000000111111111111111111111111111111101111111111111111111111111111111111111111111111111111118111111
1111111111101011111111111111111111111111111111101111111110111111111011111000000000000000000000111111111111110111111111111111111111111111111101111111111111111111111111111111111111111111111111111181111111
1111111111100111111111111111111111111111111111101111111110111111111000000111111111111111101111111111111111110111111111111111111111111111111101111111111111111111111111111111111111111111111111111181111111
1111111111100000000000000000000000000000000000001111111110111111111101111111111111111111101111111111111111110111111111111111111111111111111011111111111111111111111111111111111111111111111111111811111111
1111111111110111111111111111111111111111111111101111111110111111111101111111111111111111101111111111111111110111111111111111111111111111111011111111111111111111111111111111111111111111111111111811111111
1111111111110111111111111111111111111111111111110111111110111111111101111111111111111111101111111111111111111011111111111111111111111111111011111111111111111111111111111411111111111111111111118111111111
1111111111111011111111111111111111111111111111110111111110111111111101111111111111111111101111111111111111111101111111111111111111111111111011111111111111111111111111114444411111111111111111181111111111
1111111111111011111111111111111111111111111111110111111110111111111101111111111111111111101111111111111111111101111111111111111111111111111011111111111111111111111111144444444441111111111111181111111111
1111111111111011111111111111111111111111111111110111111110111111111101111111111111111111110111111111111111111101111111111111111111111111111011111111111111111111111111144444444444444111111111811111111111
1111111111111011111111111111111111111111111111110111111111011111111101111111111111111111110111111111111111111101111111111111111111111111111011111111111111111111111111144444444444444444411118111111111111
1111111111111011111111111111111111111111111111110111111111011111111101111111111111111111110111111111111111111101111111111111111111111111111011111111111111111111111111144444444444444444411118111111111111
1111111111111101111111111111111111111111111111110111111111011111111101111111111111111111110111111111111111111110111111111111111111111110000011111111111111111111111111444444444444444444111181111111111111
1111111111111101111111111111111111111111111111110111111111011111111110111111111111111111111011111111111111111110111111111111111111111001110111111111111111111111111111444444444444444444111181111111111111
1111111111111101111111111111111111111111111111110111111000011111111110111111111111111111111011111111111111111110111111111111111110000111101111111111111111111111111111444444444444444444111811111111111111
1111111111111101111111111111111111111111111111110100000111011111111110111111111111111111111011111111111111111110000000000000000001111111011111111111111111111111111114444444444444444441111811111111111111
1111111111111101111111111111111111111111111111111011111111011111111110111111111111111111111011111100000000000001111111111111111111111110111111111111111111111111111114444444444444444441118111111111111111
1111111111111110111111111111111111111111111111111111111111011111111110111111111111111111111000000011111111111111111111111111111111111101111111111111111111111111111114444444444444444441181111111111111111
1111111111111110111111111111111111111111111111111111111111011111111110111111111111111111111101111111111111111111111111111111111111111011111111111111111111111111111144444444444444444411181111111111111111
1111111111111111011111111111111111111111111111111111111111011111111110111111111111111111111101111111111111111111111111111111111111111011111111111111111111111111111144444444444444444411811111111111111111
1111111111111111101111111111111111111111111111111111111111011111111110111111111111111111111101111111111111111111111111111111111111110111111111111111111111111111111144444444444444444411811111111111111111
1111111111111111101111111111111111111111111111111111111111101111111111011111111111111111111101111111111111111111111111111111111111101111111111111111111111111111111444444444444444444118111111111111111111
1111111111111111110111111111111111111111111111111111111111101111111111011111111111111111111101111111111111111111111111111111111111011111111111111111111111111111111444444444444444444118111111111111111111
1111111111111111111011111111111111111111111111111111111111101111111111011111111111111111111101111111111111111111111111111111111110111111111111111111111111111111111444444444444444444444444444444411111111
1111111111111111111101111111111111111111111111111111111111101111111111011111111111111111111101111111111111111111111111111111111101111111111111111111111111111111114444444444444444444444444444444111111111
1111111111111111111110111111111111111111111111111111111111101111111111011111111111111111111101111111111111111111111111111111111011111111111111111111111111111111114444444444444444444444444444444111111111
1111111111111111111111011111111111111111111111111111111111101111111111011111111111111111111101111111111111111111111111111111110111111111111111111111111111111111114444444444444444444444444444441111111111
1111111111111111111111011111111111111111111111111111111111101111111111011111111111111111111101111111111111111111111111111111101111111111111111111111111111111111144444444444444444444444444444441111111111
1111111111111111111111011111111111111111111111111111111111101111111111011111111111111111111101111111111111111111111111111111011111111111111111111111111111111111144444444444444444444444444444441111111111
1111111111111111111111011111111111111111111111111111111111110111111111011111111111111111111101111111111111111111111111111110111111111111111111111111111111111111144444444444444444444444444444411111111111
1111111111111111111111011111111111111111111111111111111111110111111111011111111111111111111101111111111111111111111111111101111111111111111111111111111111111111444444444444444444444444444444411111111111
1111111111111111111111101111111111111111111111111111111111110111111111011111111111111111111101111111111111111111111111111011111111111111111111111111111111111111444444444444444444444444444444111111111111
1111111111111111111111101111111111111111111111111111111111110111111111011111111111111111111101111111111111111111111111110111111111111111111111111111111111111111444444444444444444444444444444111111111111
1111111111111111111111110111111111111111111111111111111111110111111111011111111111111111110001111111111111111111111111101111111111111111111111111111111111111114444444444444444444444444444441111111111111
1111111111111111111111110111111111111111111111111111111111110000000000000000000000000000001101111111111111111111111111011111111111111111111111111111111111111114444444444444444444444444444441111111111111
1111111111111111111111110111111111111111111111111111111111111011111111111111111111111111111101111111111111111111111110111111111111111111111111111111111111111114444444444444444444444444444441111111111111
1111111111111111111111110111111111111111111111111111111111111011111111111111111111111111111101111111111111111111111101111111111111111111111111111111111111111144444444444444444444444444444411111111111111
1111111111111111111111111011111111111111111111111111111111111011111111111111111111111111111101111111111111111111111011111111111111111111111111111111111111111144444444444444444444444444444411111111111111
1111111111111111111111111011111111111111111111111111111111111011111111111111111111111111111101111111111111111111111011111111111111111111111111111111111111111144444444444444444444444444444111111111111111
1111111111111111111111111011111111111111111111111111111111111011111111111111111111111111111101111111111111111111110111111111111111111111111111111111111111111444444444444444444444444444444111111111111111
1111111111111111111111111101111111111111111111111111111111111011111111111111111111111111111101111111111111111111101111111111111111111111111111111111111111111444444444444444444444444444444111111111111111
1111111111111111111111111110111111111111111111111111111111111011111111111111111111111111111110111111111111111111011111111111111111111111111111111111111111111444444444444444444444444444441111111111111111
1111111111111111111111111111011111111111111111111111111111111011111111111111111111111111111110111111111111111110111111111111111111111111111111111111111111114444444444444444444444444444441111111111111111
1111111111111111111111111111101111111111111111111111111111111011111111111111111111111111111110111111111111111101111111111111111111111111111111111111111111114444444444444444444444444444411111111111111111
1111111111111111111111111111101111111111111111111111111111111011111111111111111111111111111110111111111111111011111111111111111111111111111111111111111111114444444444444444444444444444411111111111111111
1111111111111111111111111111101111111111111111111111111111111101111111111111111111111111111110111111111111110100111111111111111111111111111111111111111111144444444444444444444444444444111111111111111111
1111111111111111111111111111101111111111111111111111111111111101111111111111111111111111111110111111111111101111001111111111111111111111111111111111111111144444444444444444444444444444111111111111111111
1111111111111111111111111111101111111111111111111111111111111101111111111111111111111111111110111111111111011111110111111111111111111111111111111111111111144444444444444444444444444444111111111111111111
1111111111111111111111111111101111111111111111111111111111111101111111111111111111111111111110111111111110111111111001111111111111111111111111111111111111444444444444444444444444444441111111111111111111
1111111111111111111111111111101111111111111111111111111111111101111111111111111111111111111110111111111101111111111101111111111111111111111111111111111111444444444444444444444444444441111111111111111111
1111111111111111111111111111101111111111111111111111111111111101111111111111111111111111111110111111111101111111111101111111111111111111111111111111111111444444444444444444444444444411111111111111111111
1111111111111111111111111111101111111111111111111111111111111101111111111111111111111111111110111111111011111111111101111111111111111111111111111111111114444444444444444444444444444411111111111111111111
1111111111111111111111111111101111111111111111111111111111111101111111111111111111111111111110111111110111111111111011111111111111111111111111111111111114444444444444444444444444444411111111111111111111
1111111111111111111111111111101111111111111111111111111111111101111111111111111111111111111111011111110111111111110111111111111111111111111111111111111114444444444444444444444444444111111111111111111111
1111111111111111111111111111101111111111111111111111111111111101111111111111111111111111111111011111101111111111110111111111111111111111111111111111111144444444444444444444444444444111111111111111111111
1111111111111111111111111111101111111111111111111111111111111101111111111111111111111111111111101111011111111111101111111111111111111111111111111111111144444444444444444444444444441111111111111111111111
1111111111111111111111111111101111111111111111111111111111111101111111111111111111111111111111110110111111111111101111111111111111111111111111111111111144444444444444444444444444441111111111111111111111
1111111111111111111111111111110111111111111111111111111111110000000000000001111111111111111111111001111111111111101111111111111111111111111111111111111444444444444444444444444444411111111111111111111111
1111111111111111111111111111111011111111111111111111100000001111111111111110000000000000000000000000011111111111101111111111111111111111111111111111111444444444444444444444444444411111111111111111111111
1111111111111111111111111111111011111111111111111111011111111111111111111111111111111111111111110111100011111111011111111111111111111111111111111111111444444444444444444444444444411111111111111111111111
1111111111111111111111111111111011111111111111111100111111111111111111111111111111111111111111101111111101111110111111111111111111111111111111111111114444444444444444444444444444111111111111111111111111
1111001111111111111111111111111101111111111111111011111111111111111111111111111111111111111111011111111110111110111111111111111111111111111111111111114444444444444444444444444444111111111111111111111111
1110110000000000000000011111111110111111111111000111111111111111111111111111111111111111111110111111111111000101111111111111111111111111111111111111114444444444444444444444444441111111111111111111111111
1110111111111111111111100001111110111110000000111111111111111111111111111111111111111111111101111111111111111001111111111111111111111111111111111111144444444444444444444444444441111111111111111111111111
1110111111111111111111111110000000000001111111111111111111111111111111111111111111111111111011111111111111111111111111111111111111111111111111111111144444444444444444444444444441111111111111111111111111
1110111111111111111111111111111111011110111111111111111111111111111111111111111111111111110111111111111111111111111111111111111111111111111111111111144444444444444444444444444411111111111111111111111111
1110111111111111111111111111111111011111000000001111111111111111111111111111111111111111101111111111111111111111111111111111111111111111111111111111144444444444444444444444444411111111111111111111111111
1110111111111111111111111111111111011111111111110000000000000000001111111111111111111111011111111111111111111111111111111111111111111111111111111111144444444444444444444444444411111111111111111111111111
1110111111111111111111111111111111011111111111111101111111111111110000000000000000000010111111111111111111111111111111111111111111111111111111111111144444444444444444444444444411111111111111111111111111
1110111111111111111111111111111110111111111111111101111111111111111101111111111111111100001111111111111111111111111111111111111111111111111111111111144444444444444444444444444411111111111111111111111111
1110111111111111111111111111111110111111111111111101111111111111111101111111111111111011110000111111111111111111111111111111111111111111111111111111144444444444444444444444444411111111111111111111111111
1110111111111111111111111111111110111111111111111101111111111111111101111111111111111011111111000000001111111111111111111111111111111111111111111111444444444444444444444444444411111111111111111111111111
1110111111111111111111111111111101111111111111111101111111111111111101111111111111111011111111111111010001111111111111111111111111111111111111111111444444444444444444444444444411111111111111111111111111
1110111111111111111111111111111101111111111111111101111111111111111101111111111111111011111111111110111110111111111111111111111111111111111111111111444444444444444444444444444411111111111111111111111111
1110111111111111111111111111111101111111111111111101111111111111111101111111111111111011111111111110111111000000000001111111111111111111111111111111444444444444444444444444444411111111111111111111111111
1110111111111111111111111111111101111111111111111101111111111111111101111111111111111011111111111110111111111111111101111111111111111111111111111111444444444444444444444444444411111111111111111111111111
1110111111111111111111111111111101111111111111111101111111111111111101111111111111111011111111111110111111111111111101111111111111111111111111111111444444444444444444444444444441111111111111111111111111
1110111111111111111111111111111101111111111111111101111111111111111101111111111111111011111111111110111111111111111101111111111111111111111111111114444444444444444444444444444444441111111111111111111111
1100000000000001111111111111111101111111111111111101111111111111111101111111111111111011111111111110111111111111111101111111111111111111111111111114444444444444444444444444444444444441111111111111111111
1111111111111110000000001111111011111111111111111011111111111111111101111111111111111011111111111110111111111111111101111111111111111111111111111114444444444444444444444444444444444444441111111111111111
1111111111111111111111110000011011111111111111111011111111111111111011111111111111111011111111111110111111111111111011111111111111111111111111111114444444444444444444444444444444444444444441111111111111
1111111111111111111111111111100000001111111111111011111111111111111011111111111111111011111111111110111111111111111011111111111111111111111111111114444444444444444444444444444444444444444444441111111111
1111111111111111111111111111111111110111111111111011111111111111111011111111111111111011111111111110111111111111111011111111111111111111111111111114444444444444444444444444444444444444444444444441111111
1111111111111111111111111111111111111000000001111011111111111111111011111111111111111011111111111110111111111111111011111111111111111111111111111144444444444444444444444444444444444444444444444444441111
1111111111111111111111111111111111111111111110000011111111111111111011111111111111110111111111111110111111111111111011111111111111111111111111111144444444444444444444444444444444444444444444444444444441
1111111111111111111111111111111111111111111111111000000111111111111011111111111111110111111111111110111111111111111011111111111111111111111111111144444444444444444444444444444444444444444444444444444441
1111111111111111111111111111111111111111111111111111111000000000000000001111111111110111111111111110111111111111110111111111111111111111111111111144444444444444444444444444444444444444444444444444444441
1111111111111111111111111111111111111111111111111111111111111111111111110001111111101111111111111110111111111111110111111111111111111111111111111144444444444444444444444444444444444444444444444444444441
1111111111111111111111111111111111111111111111111111111111111111111111111110000000001111111111111110111111111111110111111111111111111111111111111444444444444444444444444444444444444444444444444444444441
1111111111111111111111111111111111111111111111111111111111111111111111111111111111110000000000111110111111111111110111111111111111111111111111111444444444444444444444444444444444444444444444444444444441
1441111111111111111111111111111111111111111111111111111111111111111111111111111111111111111111000000000011111111110111111111111111111111111111111444444444444444444444444444444444444444444444444444444441
1444111111111111111111111111111111111111111111111111111111111111111111111111111111111111111111111111111100111111110111111111111111111111111111111444444444444444444444444444444444444444444444444444444441
1444444111111111111111111111111111111111111111111111111111111111111111111111111111111111111111111111111111000000000111111111111111111111111111111444444444444444444444444444444444444444444444444444444441
1444444444111111111111111111111111111111111111111111111111111111111111111111111111111111111111111111111111111111111111111111111111111111111111111444444444444444444444444444444444444444444444444444444441
1444444444444111111111111111111111111111111111111111111111111111111111111111111111111111111111111111111111111111111111111111111111111111111111114444444444444444444444444444444444444444444444444444444441
1444444444444444111111111111111111111111111111111111111111111111111111111111111111111111111111111111111111111111111111111111111111111111111111114444444444444444444444444444444444444444444444444444444441
1444444444444444444111111111111111111111111111111111111111111111111111111111111111111111111111111111111111111111111111111111111111111111111111114444444444444444444444444444444444444444444444444444444441
1444444444444444444444444444444444411111111111111111111111111111111111111111111111111111111111111111111111111111111111111111111111111111111111114444444444444444444444444444444444444444444444444444444441
1444444444444444444444444444444444444111111111111111111111111111111111111111111111111111111111111111111111111111111111111111111111111111111111114444444444444444444444444444444444444444444444444444444441
1444444444444444444444444444444444444441111111111111111111111111111111111111111111111111111111111111111111111111111111111111111111111111111111114444444444444444444444444444444444444444444444444444444441
1444444444444444444444444444444444444444411111111111111111111111111111111111111111111111111111111111111111111111111111111111111111111111111111144444444444444444444444444444444444444444444444444444444441
1444444444444444444444444444444444444444444111111111111111111111111111111111111111111111111111111111111111111111111111111111111111111111111111144444444444444444444444444444444444444444444444444444444441
1444444444444444444444444444444444444444444411111111111111111111111111111111111111111111111111111111111111111111111111111111111111111111111111144444444444444444444444444444444444444444444444444444444441
1444444444444444444444444444444444444444444441111111111111111111111111111111111111111111111111111111111111111111111111111111111111111111111111144444444444444444444444444444444444444444444444444444444441
1444444444444444444444444444444444444444444444111111111111111111111111111111111111111111111111111111111111111111111111111111111111111111111111144444444444444444444444444444444444444444444444444444444441
1444444444444444444444444444444444444444444444411111111111111111111111111111111111111111111111111111111111111111111111111111111111111111111111144444444444444444444444444444444444444444444444444444444441
1444444444444444444444444444444444444444444444441111111111111111111111111111111111111111111111111111111111111111111111111111111111111111111111444444444444444444444444444444444444444444444444444444444441
1444444444444444444444444444444444444444444444444444444444111111111111111111111111111111111111111111111111111111111111111111111111111111111111444444444444444444444444444444444444444444444444444444444441
1444444444444444444444444444444444444444444444444444444444444444444411111111111111111111111111111111111111111111111111111111111111111111111111444444444444444444444444444444444444444444444444444444444441
1444444444444444444444444444444444444444444444444444444444444444444444444444411111111111111111111111111111111111111111111111111111111111111111444444444444444444444444444444444444444444444444444444444441
1444444444444444444444444444444444444444444444444444444444444444444444444444444444444411111111111111111111111111111111111111111111111111111111444444444444444444444444444444444444444444444444444444444441
1444444444444444444444444444444444444444444444444444444444444444444444444444444444444444444441111111111111111111111111111111111111111111111111444444444444444444444444444444444444444444444444444444444441
1111111111111111111111111111111111111111111111111111111111111111111111111111111111111111111111111111111111111111111111111111111111111111111111111111111111111111111111111111111111111111111111111111111111