111111111111111111111111111111111111111111111111111111111111111111111111111111111111111111111111111111
111111111111111111111111111111111118888888888888888888888888888888888888888881111111111111111111111111
111111111111111111111111118888888888888888888888888888888888888888888888888811000000000000000000001111
111111111111111111118888888888888888888888888888888888111111111111111111111110101111111111111111110011
111111111111111188888888888888888888888888888111111111110011111111111111111101101111111111111111100011
111111111111888888888888888888888888888888111111111111001101111111111111110011110111111111111111011011
111111111118888888888888888888888888888811111111111110111110111100001111101111111011111111111110111011
111111111888888888888888888888888888111111111111111101011111000011110111011111111011111111111101111011
111111188888888888888888888888881111111111111111111101011111011111111010111111111101111111111011111011
111111888888888888888888888111111111111111111111111101101111011111111101111111110001111111110111111011
111118888888888888888888811111111111111111111111110011101111011111111010000011101111111111001111111011
111118888888888888888881111111111111111100000000001011101111101111110111111100001111111000111111111011
111188888888888888888111111111111111111011111101111011101111101111100111111101110111110111111111111011
111188888888888888881111111111111111110111111101110111101111100000011011111011111000001111111111111011
111188888888888888811111111111111111101111111101110111101111101111111101110111111111011111111111111011
111888888888888881111111111111111100011111111101110111101111101111111110000111111110111111111111111011
111888888888888811111111111111100011111111111110000000000000000111111111011011111110111111111111111011
118888888888888111111111111100001011111111111110110111101111101011111100111100001101111111111111111011
118888888888811111111111111011101100111111111110110111101111101100011011111111110011111111111111111011
118888888888111111111111100111101111000000000000000000001111101111100111111111110111111111111111111011
188888888881111111111111000111101111111111111111110111101111101111101111111111101111111111111111111011
188888888811111111111110101000001111111111111111110111101111101111101111111111011111111111111111111011
188888888111111111111101101111100000000000000000110111101111101111011111111110111111111111111111111011
188888888111111111110011101111101111111111111111000000000000000001011111111101111111111111111111100011
188888888111111100001111101111101111111111111111111111111111111110111111111101111111111111111111011111
188888888111100011111111101111101111111111111111111111111111111110001111111011111111111111111000111111
188888881111011111111111101111011111111111111111111111111111111110110111110111111111111111110111111111
188888881110111111111111101111011111111111111111111111111111111110111000001111111001110000001111111111
188888881001111111111111101111011111111111111111111111111111111110111111010111111010001111111111111111
188888811011111111111111100011011111111111111111111111111111111111011100111011111010101111111111111111
188888811011111111111111101100011111111111111111111111111111111111101011111100111010101111111111111111
188888811101111111111111101111011111111111111111111111111111111111110111111111011010101111111111111111
188888811110111111111111101111011111111111111111111111111111111111101111111111101010101111111111111111
188888111110111111111111101111011111111111111111111111111111111111011111111111110010101111111111111111
188888111110111111111111100111011111111111111111111111111111111110111111111111111000101111111111111111
188888111110111111111111101000011111111111111111111111111111111110001111111111110000000001111111111111
188881111110111111111111101111011111111111111111111111111111111101110111111111101111111010011111111111
188881111111011111111111101111011111111111111111111111111111111011111011111100011111111011101111111111
188881111111011111111000001111011111111111111111111111111111111011111101110011111111111011110111111111
188881111111000000000111101111011111111111111111111111111111110011111110001111111111110111111011111111
188881111111011111111111101111011000000000000011111111111111101101111100111111111111110111111101111111
188881111111101111111111101111011011111111111100011111111111011110111010111111111111110111111110111111
188881111111110111111111101111011011111111111111000000000000111111000101111111111111101111111111011111
188881111111110111111111101111011011111111111111011111101101001110111011111111111111011111111111101111
188881111111111011111111101111011011111111111111011111011011110101111011111111111110111111111111110111
188881111111111011111111101111000000000000000000011110111011111011111011111111111110111111111111111011
188881111111111011111111101111111111111111111111000000111001110111110111111111111101111111111111111011
188881111111111011111111101111111111111111111110111110110110001111110011111111111101111111111111110111
188881111111111101111111101111111111111111111110111110110111101111101100111111111101111111111111110111
188881111111111101111111011111111111111111111110111101101111110111101111000000000001111111111111110111
188881111110000000000000000000000001111111111110111101101111111011101111111101111101111111111111110111
188881111001111101111111011111110110011111111110000011101111111101101111111011111100001111111111110111
188881000111111101111111101111110111100011111110110111101111111110011111111011111101110000111111110111
188881011111111101111111101111111011111011111110110111101111111110111111111011111011111111000001110111
188881101111111101111111101111111011111011111110110111101111111110111111111000000011111111111110001111
188881101111111101111111101111111011111000000000000111011111111111011111110111110111111111111111111111
188881101111111101111111101111111011111111111111110111011111111111100000000111101111111111111111111111
188881110111111101111111101111111011101111111111111000011111111111011111110111101111111111111111111111
188881111011111110111111101000000000001111111111111110111111111111011111110111101111111111111111111111
188881111101111110000000000111111111101111111111111110111111111110111111111011101111111111111111111111
188881111101111111111111101111111111101111111111111101111111111101111111111101011111111111111111111111
188888111110111111111111101111111111101111111111111101111111111011111111111101011111111111111111111111
188888111111011111111111101111111111101111111111111101111100011011111111111110011111111111111111111111
188888111111101111111111101111111111101111111111111011111101100111000000000000111111111111111111111111
188888811111101111111111101111111111101111110000000001111011110110111111111110111111111111111111111111
188888811111101111111111101111111111101100001111111010000111110101111111111110111111111111111111111111
188888811111101111111111101111111111101011011111110111110001101011111111111111011111111111111111111111
188888881111101111111111101000000000000111011111110111110110011011111111111111101111111111111111111111
188888881111101111111111100111111111101111101111110111110111100000000000000000001111111111111111111111
188888881111110111111111101111111111101111110000000111110111111011111101111111101111111111111111111111
188888881111111011111111101111111111101111111111110111110111111011111101111111101111111111111111111111
188888881111111011111111101111111111101111111111110111110111110111111011111111101111111111111111111111
188888888111111101111111101111111111101111111111110111110111110111111011111111011111111111111111111111
188888888111111101111111101111111111101111111111110111110111101111110111111111011111111111111111111111
188888888111111110111111101111111111101111111111110000000000000011101111111111011111111111111111111111
188888888111111110111111101100000000001111111111110111111111111100001111111111011111111111111111111111
188888888811111110111111100011111111111111111111110111111111111111111111111111011111111111111111111111
188888888811111110111111101111111111111111111111110111111111111111111111111110111111111111111111111111
188888888881111111011111101111111111111111111111110111111111111111111111111101111111111111111111111111
188888888881111111101111110111111111111100000000000011111111111111111111100011111111111111111111111111
188888888888111111101111110111111111111101101110110100011111110000000000011011111111111111111111111111
188888888888811111110111110111111111111101101110110111100000001111111111111011111111111111111111111111
188888888888881111111011110000000000111101101110110111111111111111111111111011111111111111111111111111
188888888888888111111100001110111110111101101110110111111111111111111111111011111111111111111111111111
188888888888888811111101111110000000000000000000110111111111111111111111111011111111111111111111111111
188888888888888881111110111110111111111111111110000000000111111111111111111011111111111111111111111111
188888888888888888111110111111111111100000000001111111111000000000000000000011111111111111111111111111
188888888888888888811110111000000000011111111111111111111111111111111111111111111111111111111111111111
188888888888888888881111010111111111111111111111111111111111111111111111111111111111111111111111111111
188888888888888888888111101111111111111111111111111111111111111111111111111111111111111111111111111111
188888888888888888888811111111111111111111111111111111111111111111111111111111111111111111111111111111
144444444444444444444444444444444444444444444444444444444444444444444444444444444444444444444444444441
144444444444444444444444444444444444444444444444444444444444444444444444444444444444444444444444444441
144444444444444444444444444444444444444444444444444444444444444444444444444444444444444444444444444441
144444444444444444444444444444444444444444444444444444444444444444444444444444444444444444444444444441
144444444444444444444444444444444444444444444444444444444444444444444444444444444444444444444444444441
144444444444444444444444444444444444444444444444444444444444444444444444444444444444444444444444444441
144444444444444444444444444444444444444444444444444444444444444444444444444444444444444444444444444441
144444444444444444444444444444444444444444444444444444444444444444444444444444444444444444444444444441
144444444444444444444444444444444444444444444444444444444444444444444444444444444444444444444444444441
144444444444444444444444444444444444444444444444444444444444444444444444444444444444444444444444444441
111111111111111111111111111111111111111111111111111111111111111111111111111111111111111111111111111111