1111111111111111111111111111111111111111111111111111111111111111111111111111111111111111111111111111111111111111111111111111111111111111111111111111111111111111111111111111111111111111111111111111111111
1111111111111111111111111111111111111111111111111111111111111111111111111111111111111111111111111111111111111111111111111111111111111111111111111111111111111111111111111111111111111111111111111111111111
1111111111111111111111111111111111111111111111111111111111111111111111111111111111111111111111111111111111111111111111111111111111111111111111111111111111111111111111111111111111111111111111111111111111
1111111111111111111111111111111111111111111111111111111111111111111111111111111111111111111188888888888888888888881111111111111111111111111111111111111111111111111111111111111111111111111111111111111111
1111111111111111111111111111111111111111111111111111111111111111111111111111111111111888888811111111111111111111118111111111111111111111111111111111111111111111111111111111111111111111111111111111111111
1111111111111111111111111111111111111111111111111111111111111111111111111111118888888111111111111100000000000011111888111111111111111111111111111111111111111111111111111111111111111111111111111111111111
1111111111111111111111111111111111111111111111111111111111111111111111888888881111111111111110000011111111101100001111811111111111111111111111111111111111111111111111111111111111111111111111111111111111
1111111111111111111111111111111111111111111111111111111111111188888888110000000000000000000001111111111111101111110011188811111111111111111111111111111111111111111111111111111111111111111111111111111111
1111111111111111111111111111111111111111111111111111111888888811111111101011111101111111111111111111111111011111111000011188111111111111111111111111111111111111111111111111111111111111111111111111111111
1111111111111111111111111111111111111111111111118888888111111111111111010111111110111111111111111111111111011111111011100111881111111111111111111111111111111111111111111111111111111111111111111111111111
1111111111111111111111111111111111188888888888881111111111111000000000101111111110111111111111111111111111011111111011110011118811111111111111111111111111111111111111111111111111111111111111111111111111
1111111111111111111111111111188888811111111111111111111111000111111111101111111111011111111111111111111111011111111011110101111188111111111111111111111111111111111111111111111111111111111111111111111111
1111111111111111111111118888811111111111111111111111100000101111111111011111111111101111111111111111111110111111110111101110111111881111111111111111111111111111111111111111111111111111111111111111111111
1111111111111111111118881111111111111111111111111110011111011111111110111111111111001111111111111111111110111111110111101111011111118881111111111111111111111111111111111111111111111111111111111111111111
1111111111111111111188111111111111111111111111111101111110111111111101111111111110110111111111111111111110111111110111011111100111111118811111111111111111111111111111111111111111111111111111111111111111
1111111111111111118811111111111111111111111111100011111101111111111011111111111001111011111111111111111101111111110110111111111001111111188111111111111111111111111111111111111111111111111111111111111111
1111111111111111881111111111111111111111111111011111111010111111110111111111110111111101111111111111110001111111110101111111111100001111111881111111111111111111111111111111111111111111111111111111111111
1111111111111888111111111111111111111111000000111111110111011111101111111111101111111110111111111110001101111111110101111111111101110111111118881111111111111111111111111111111111111111111111111111111111
1111111111111811111111111111111000000000111111111111101111101111011111111111011111111111011111111101111101111111110011111111111011111011111111118811111111111111111111111111111111111111111111111111111111
1111111111881111111111111111110111011111111111111111011111110100101111111100111111111111101111100011111101111111110011111111111011111100111111111188811111111111111111111111111111111111111111111111111111
1111111188111111111111111111101111101111111111111100111111111011110111111011111111111111110110011111111101111111101011111111111011111111001111111111188111111111111111111111111111111111111111111111111111
1111118811111111111111111111011111101111111111111011111111110101111011110111111111111111110101111111111101111111011011111111111011111111110000011111111811111111111111111111111111111111111111111111111111
1111181111111111111111110000111111110111111111100111111111101110111101001111111111111111100011111111111011111110111011111111111011111111111111101111111181111111111111111111111111111111111111111111111111
1118111111111111111111101111111111110111110000011111111110011110111110111111111111111111011011111111111011111110111011111111111011111111111111110111111111811111111111111111111111111111111111111111111111
1181111111111111111100001111111111111011101111111111110001111111011101011111111111111110111011111111110100001110111011111111111011111111111111111011111111181111111111111111111111111111111111111111111111
1111111111111111111011110111111111111101011111111111101111111111100011011111111111111101111101111111000111110000000001111111111011111111111111111101111111118111111111111111111111111111111111111111111111
1111111111111111100111111011111111111100111111111111011111111111011111101111111111111011111110111100110111111110111010111111111011111111111111111110011111111811111111111111111111111111111111111111111111
1111111111111111011111111011111111111010111111111110111111111110111111110111111111110111111111010011110111111110111011000000000011111111111111111111101111111181111111111111111111111111111111111111111111
1111111111111110011111111101111111110111011111111101111111111101111111110111111111101111111110001111110111111101111011101111111011111111111111111111110111111111811111111111111111111111111111111111111111
1111111111111101011111111110111111100111101111111011111111111011111111111011111111101111111001101111101111111011110111101111111011111111111111111111101111111111181111111111111111111111111111111111111111
1111111111111101011111111111011111010111110111110101111111100111111111111101111111110111110111110111101111110111110111101111111011111111111111111110011111111111118111111111111111111111111111111111111111
1111111111111011011111111111011100111011110111101110111111011111111111111110111111111011101111110111011111110111101111101111111011111111111111111101111111111111111811111111111111111111111111111111111111
1111111111110111011111111111011011111011110100011110111110111111111111111111011111111101011111111011011111110111011111101111111011111111111111110011111111111111111181111111111111111111111111111111111111
1111111111101111011111111111100111111101110011111111010001111111111111111111101111111100000000001010111111110111011111011111111011111111111111101111111111111111111111811111111111111111111111111111111111
1111111111011111011111111111101111111110101111111111101111111111111111111111101111111011111111110000000000000000000000000000001011111111111111011111111111111111111111181111111111111111111111111111111111
1111111110111111000011111111101111111111011111111111011111111111111111111111110111100111111111111111111111011111111111011111110011111111110000111111111111111111111111118111111111111111111111111111111111
1111111110111100111100111111110111111110111111111110111111111111111111111111111010011111111111111111111111011111111111011111111011111111001111111111111111111111111111111811111111111111111111111111111111
1111111111000011111110011111110111111101111111111101111111111111111111111111111001111111111111111111111111011111111111011111111011111110111111111111111111111111111111111181111111111111111111111111111111
1111111111011111111101100011111011100011111111100011111111111111111111111111111011111111111111111111111111011111111111011111111011111001111111111111111111111111111111111111811111111111111111111111111111
1111111110101111111011111100111100011111111111011111111111111111111111111111111011111111111111111111111111011111111111011111111011110111111111111111111111111111111111111111181111111111111111111111111111
1111111101110111110111111111011101111111111100111111111111111111111111111111111101111111111111111111111111011111111111011111110111101111111111111111111111111111111111111111118111111111111111111111111111
1111111011110111101111111111101010111111111011111111111111111111111111111111111110111111111111111111111111011111111111011111110111011111111111111111111111111111111111111111118111111111111111111111111111
1111110111111011011111111111110110111111110111111111111111111111111111111111111110111111111111111111111111011111111111011111110110111111111111111111111111111111111111111111111811111111111111111111111111
1111101111110000111111111111101111011111101111111111111111111111111111111111111110111111111111111111111111000000111111011111110101111111111111111111111111111111111111111111111181111111111111111111111111
1110011111001101111111111100011111011111011111111111111111111111111111111111111110111111111111111111111100011111001111011111110011111111111111111111111111111111111111111111111118111111111111111111111111
1101111110111110111111110011111111011100111111111111111111111111111111111111111110111111111111111111111011011111110000011111110111111111111111111111111111111111111111111111011111811111111111111111111111
1101111101111000011111001111111111101011111111111111111111111111111111111111111110111111111111111111110111011111111111011111100111111111111111111111111111111111111111111100111111811111111111111111111111
1110111011110111101110111111111111110111111111111111111111111111111111111111111110111111111111111111101111101111111111011110010111111111111111111111111111111111111111000011111111181111111111111111111111
1110000111101111110101111111111111101011111111111111111111111111111111111111111111011111111111111111011111101111111111011101110111111111111111111111111111111111111100111111111111118111111111111111111111
1110111111011111111011111111111111011101111111111111111111111111111111111111111111101111111111111110111111101111111111010011110111111111111111111111111111111111100011111111111111111811111111111111111111
1110111110111111100101111111111110111101111111111111111111111111111111111111111111101111111111111101111111101111111111001111110111111111111111111111111111111111011111111111111111111811111111111111111111
1110111001111100011101111111111101111101111111111111111111111111111111111111111111101111111111111011111111101111111111011111110111111111111111111111111111110000111111111111111111111118111111111111111111
1111000111111011111110111111111011111110111111111111111111111111111111111111111111101111111111110111111111101111111110111111110111111111111111111111111100001111111111111111111111111118111111111111111111
1111011111110111111110111111110111111111011111111111111111111111111111111111111111101111111111101111111111110111111101111111110111111111111111111100000011111111111111111111111111111111181111111111111111
1111101111001111111110111111101111111111011111111111111111111111111111111111111111110111111111011111111111110111110011111111110111111111111110000011111111111111111111111111111111111111181111111111111111
1111110110111111111111011110011111111111101111111111111111111111111111111111111111110111111100111111111111110111101111111111110111111111100001111111111111111111111111111111111111111111118111111111111111
1111111001111111111111100001111111111111101111111111111111111111111111111111111111110111111011111111111111110111011111111111110111111100010111111111111111111111111111111111111111111111111811111111111111
1111111101111111111110001111111111111111101111111111111111111111111111111111111111111011110111111111111111110000111111111111110000000011110111111111111111111111111111111111111111111111111811111111111111
1111111101111111110001101111111111111111110111111111111111111111111111111111111111111011101111111111111100000000000000000000001011111111110111111111111111111111111111111111111111111111111811111111111111
1111111110111111101111101111111111111111111011111111111111111111111111111111111111111011011100000000000011111111111111101111111101111111110111111111111111111111111111111111111111111111111181111111111111
1111111110111110011111101111111111111111111011111111111111111111111111111111111111111010000011111111111111111111111111101111111101111111111011111111111111111111111111111111111111111111111181111111111111
1111111110111101111111110111111111111111111101111111111111111111111111111111111111111100111111111111111111111111111111101111111101111111111101111111111111111111111111111111111111111111111118111111111111
1111111110110011111111111011111111111111111101111111111111111111111111111111111111000001111111111111111111111111111111101111111101111111111101111111111111111111111111111111111111111111111111811111111111
1111111111001111111111111101111111111111111101111111111111111111111111111111110000111101111111111111111111111111111111101111111101111111111101111111111111111111111111111111111111111111111111181111111111
1111111111011111111111111110111111111111111101111111100000000000000000000000001111111101111111111111111111111111111111101111111101111111111101111111111111111111111111111111111111111111111111181111111111
1111111111011111111111111111011111111111111110100000010111111111011111111111111111111101111111111111111111111111111111110111111101111111111101111111111111111111111111111111111111111111111111118111111111
1111111111011111111111111111011111111111000000011011111011111111011111111111111111111101111111111111111111111111111111110111111101111111111101111111111111111111111111111111111111111111111111118111111111
1111111111011111111111111111011111111100111110111011111011111111011111111111111111111101111111111111111111111111111111110111111101111111111101111111111111111111111111111111111111111111111111111811111111
1111111111011111111111111111101000000001111110111011111011111111011111111111111111111101111111111111111111111111111111110111111101111111111101111111111111111111111111111111111111111111111111111811111111
1111111111011111111111111111110111111011111101111011111101111111011111111111111111111110111111111111111111111111111111110111111101111111111101111111111111111111111111111111111111111111111111111181111111
1111111111011111111111111110001111110111111101111011111101111111011111111111111111111110111111111111111111111111111111110111111110111111111101111111111111111111111111111111111111111111111111111181111111
1111111111011111111111111101111111101111111101111011111101111111101111111111111111111111011111111111111111111111111111110111111110111111111101111111111111111111111111111111111111111111111111111118111111
1111111111011111111111111011111111011111111101111011111101111111101111111111111111111111101111111111111111111111111111110111111110111111111101111111111111111111111111111111111111111111111111111118111111
1111111111101111111111000111111110111111111100011011111101111111101111111111111111111111101111111111111111111111111111110111111110111111111101111111111111111111111111111111111111111111111111111111811111
1111111111101111100000111111111101111111111101100000000001111111110111111111111111111111101111111111111111111111111111110111111110111111111101111111111111111111111111111111111111111111111111111111811111
1111111111100000011111111111111011111111111101111011111101111111111011111111111111111111101111111111111111111111111111111011111111011111111101111111111111111111111111111111111111111111111111111111811111
1111111111101111111111111111110111111111111011111011111101111111111011111111111111111111101111111111111111111111111111111011111111011111111101111111111111111111111111111111111111111111111111111111811111
1111111111101111111111111111101111111111111011111011111101111111111011111111111111111111101111111111111111111111111111111011111111011111111101111111111111111111111111111111111111111111111111111111811111
1111111111101111111111111111011111111111111011111011111101111111111011111111111111111111101111111111111111111111111111111011111111011111111101111111111111111111111111111111111111111111111111111111811111
1111111111101111111111111110111111111111111011111011111101111111111011111111111111111111101111111111111111111111111100000011111111011111111101111111111111111111111111111111111111111111111111111111811111
1111111111101111111111111101111111111111111011111011111101111111111011111111111111111111101111111111111111111111111011111111111111011111111101111111111111111111111111111111111111111111111111111111811111
1111111111101111111111111011111111111111110111110111111101111111111011111111111111111111101111111111111111111111110111111111111111011111111101111111111111111111111111111111111111111111111111111111811111
1111111111101111111111100111111111111111110111101111111101111111111011111111111111111111101111111111111111111111101111111111111111011111111101111111111111111111111111111111111111111111111111111111811111
1111111111101111111111011111111111111111101111101111111101111111111011111111111111111111101111111111111111111111011111111111111111011111111101111111111111111111111111111111111111111111111111111111811111
1111111111101111111110111111111111111111101111101111110001111111111011111111111111111111101111111111111111111111011111111111111000000000000001111111111111111111111111111111111111111111111111111111811111
1111111111101111111101111111111111111111000000000000001110111111111011111111111111111111101111111111111111111110111111111111110111111111111101111111111111111111111111111111111111111111111111111111811111
1111111111101111111011111111111111111111111111011111111110111111111011111111111111111111101111111111111111111110111111111111101111111111111101111111111111111111111111111111111111111111111111111111811111
1111111111101111110111111111111111111111111111011111111110111111111011111111111111111111101111111111111111111101111111111000011111111111111101111111111111111111111111111111111111111111111111111111811111
1111111111101111101111111111111111111111111111011111111110111111111011111111111111111111101111111111111111111101111111100111111111111111111101111111111111111111111111111111111111111111111111111118111111
1111111111101111011111111111111111111111111111011111111110111111111011111111111111111111101111111111111111111000000000011111111111111111111101111111111111111111111111111111111111111111111111111118111111
1111111111101110111111111111111111111111111111011111111110111111111011111111111111111111101110000000000000000111111111111111111111111111111011111111111111111111111111111111111111111111111111111118111111
1111111111101101111111111111111111111111111111011111111110111111111011111111111000000000000001111111111111111011111111111111111111111111111011111111111111111111111111111111111111111111111111111181111111
1111111111100011111111111111111111111111111111011111111110111111111000000000000111111111101111111111111111111011111111111111111111111111111011111111111111111111111111111111111111111111111111111181111111
1111111111100000000000000000000001111111111111101111111110111111111011111111111111111111101111111111111111111011111111111111111111111111111011111111111111111111111111111111111111111111111111111811111111
1111111111101111111111111111111110000000000000001111111110111111111011111111111111111111101111111111111111111101111111111111111111111111111011111111111111111111111111111111111111111111111111111811111111
1111111111101111111111111111111111111111111111101111111110111111111011111111111111111111101111111111111111111101111111111111111111111111111011111111111111111111111111111411111111111111111111118111111111
1111111111101111111111111111111111111111111111110111111110111111111011111111111111111111101111111111111111111101111111111111111111111111111011111111111111111111111111114444411111111111111111181111111111
1111111111101111111111111111111111111111111111110111111110111111111011111111111111111111101111111111111111111101111111111111111111111111111011111111111111111111111111144444444441111111111111181111111111
1111111111110111111111111111111111111111111111110111111111011111111011111111111111111111101111111111111111111101111111111111111111111111111011111111111111111111111111144444444444444111111111811111111111
1111111111110111111111111111111111111111111111110111111111011111111011111111111111111111101111111111111111111101111111111111111111111111111011111111111111111111111111144444444444444444411118111111111111
1111111111110111111111111111111111111111111111110111111111011111111011111111111111111111101111111111111111111101111111111111111111111111111011111111111111111111111111144444444444444444411118111111111111
1111111111111011111111111111111111111111111111110111111111011111111011111111111111111111101111111111111111111101111111111111111111000000000011111111111111111111111111444444444444444444111181111111111111
1111111111111011111111111111111111111111111111110111111111011111111011111111111111111111101111111111111111111101111111111000000000111111110111111111111111111111111111444444444444444444111181111111111111
1111111111111101111111111111111111111111111111110111000000011111111011111111111111111111110111111111111111111110111000000111111111111111101111111111111111111111111111444444444444444444111811111111111111
1111111111111110111111111111111111111111111111111000111111011111111011111111111111111111111011110000000000000000000111111111111111111111011111111111111111111111111114444444444444444441111811111111111111
1111111111111110111111111111111111111111111111111011111111011111111101111111111111111111111000001111111111111111111111111111111111111110111111111111111111111111111114444444444444444441118111111111111111
1111111111111110111111111111111111111111111111111111111111011111111101111111111111111111111011111111111111111111111111111111111111111110111111111111111111111111111114444444444444444441181111111111111111
1111111111111110111111111111111111111111111111111111111111011111111101111111111111111111111011111111111111111111111111111111111111111101111111111111111111111111111144444444444444444411181111111111111111
1111111111111110111111111111111111111111111111111111111111101111111101111111111111111111111011111111111111111111111111111111111111111011111111111111111111111111111144444444444444444411811111111111111111
1111111111111111011111111111111111111111111111111111111111101111111110111111111111111111111011111111111111111111111111111111111111111011111111111111111111111111111144444444444444444411811111111111111111
1111111111111111011111111111111111111111111111111111111111101111111110111111111111111111111011111111111111111111111111111111111111110111111111111111111111111111111444444444444444444118111111111111111111
1111111111111111011111111111111111111111111111111111111111101111111110111111111111111111111011111111111111111111111111111111111111101111111111111111111111111111111444444444444444444118111111111111111111
1111111111111111011111111111111111111111111111111111111111101111111110111111111111111111111011111111111111111111111111111111111111011111111111111111111111111111111444444444444444444444444444444411111111
1111111111111111101111111111111111111111111111111111111111101111111111011111111111111111111011111111111111111111111111111111111110111111111111111111111111111111114444444444444444444444444444444111111111
1111111111111111101111111111111111111111111111111111111111101111111111011111111111111111111011111111111111111111111111111111111101111111111111111111111111111111114444444444444444444444444444444111111111
1111111111111111101111111111111111111111111111111111111111101111111111011111111111111111111011111111111111111111111111111111111011111111111111111111111111111111114444444444444444444444444444441111111111
1111111111111111110111111111111111111111111111111111111111101111111111011111111111111111111011111111111111111111111111111111110111111111111111111111111111111111144444444444444444444444444444441111111111
1111111111111111110111111111111111111111111111111111111111101111111111011111111111111111111011111111111111111111111111111111101111111111111111111111111111111111144444444444444444444444444444441111111111
1111111111111111110111111111111111111111111111111111111111110111111111011111111111111111111011111111111111111111111111111111011111111111111111111111111111111111144444444444444444444444444444411111111111
1111111111111111111011111111111111111111111111111111111111110111111111011111111111111111111011111111111111111111111111111110111111111111111111111111111111111111444444444444444444444444444444411111111111
1111111111111111111011111111111111111111111111111111111111110111111111011111111111111111111011111111111111111111111111111101111111111111111111111111111111111111444444444444444444444444444444111111111111
1111111111111111111101111111111111111111111111111111111111110111111111011111111111111111111101111111111111111111111111111011111111111111111111111111111111111111444444444444444444444444444444111111111111
1111111111111111111101111111111111111111111111111111111111110111111111011111111111111111000001111111111111111111111111110111111111111111111111111111111111111114444444444444444444444444444441111111111111
1111111111111111111101111111111111111111111111111111111111110000000000000000000000000000111101111111111111111111111111101111111111111111111111111111111111111114444444444444444444444444444441111111111111
1111111111111111111110111111111111111111111111111111111111110111111111111111111111111111111101111111111111111111111111011111111111111111111111111111111111111114444444444444444444444444444441111111111111
1111111111111111111111011111111111111111111111111111111111110111111111111111111111111111111101111111111111111111111110111111111111111111111111111111111111111144444444444444444444444444444411111111111111
1111111111111111111111011111111111111111111111111111111111110111111111111111111111111111111101111111111111111111111101111111111111111111111111111111111111111144444444444444444444444444444411111111111111
1111111111111111111111011111111111111111111111111111111111110111111111111111111111111111111101111111111111111111111011111111111111111111111111111111111111111144444444444444444444444444444111111111111111
1111111111111111111111011111111111111111111111111111111111110111111111111111111111111111111101111111111111111111110111111111111111111111111111111111111111111444444444444444444444444444444111111111111111
1111111111111111111111011111111111111111111111111111111111110111111111111111111111111111111101111111111111111111101111111111111111111111111111111111111111111444444444444444444444444444444111111111111111
1111111111111111111111101111111111111111111111111111111111110111111111111111111111111111111101111111111111111111011111111111111111111111111111111111111111111444444444444444444444444444441111111111111111
1111111111111111111111110111111111111111111111111111111111110111111111111111111111111111111101111111111111111110111111111111111111111111111111111111111111114444444444444444444444444444441111111111111111
1111111111111111111111111011111111111111111111111111111111110111111111111111111111111111111101111111111111111101111111111111111111111111111111111111111111114444444444444444444444444444411111111111111111
1111111111111111111111111011111111111111111111111111111111110111111111111111111111111111111110111111111111111011111111111111111111111111111111111111111111114444444444444444444444444444411111111111111111
1111111111111111111111111011111111111111111111111111111111110111111111111111111111111111111111011111111111111001111111111111111111111111111111111111111111144444444444444444444444444444111111111111111111
1111111111111111111111111101111111111111111111111111111111111011111111111111111111111111111111011111111111110110011111111111111111111111111111111111111111144444444444444444444444444444111111111111111111
1111111111111111111111111101111111111111111111111111111111111011111111111111111111111111111111011111111111101111100111111111111111111111111111111111111111144444444444444444444444444444111111111111111111
1111111111111111111111111110111111111111111111111111111111111011111111111111111111111111111111011111111111011111111001111111111111111111111111111111111111444444444444444444444444444441111111111111111111
1111111111111111111111111110111111111111111111111111111111111101111111111111111111111111111111011111111110111111111011111111111111111111111111111111111111444444444444444444444444444441111111111111111111
1111111111111111111111111110111111111111111111111111111111111101111111111111111111111111111111011111111101111111111011111111111111111111111111111111111111444444444444444444444444444411111111111111111111
1111111111111111111111111110111111111111111111111111111111111101111111111111111111111111111111011111111101111111111011111111111111111111111111111111111114444444444444444444444444444411111111111111111111
1111111111111111111111111111011111111111111111111111111111111101111111111111111111111111111111101111111011111111111011111111111111111111111111111111111114444444444444444444444444444411111111111111111111
1111111111111111111111111111011111111111111111111111111111111101111111111111111111111111111111101111110111111111111011111111111111111111111111111111111114444444444444444444444444444111111111111111111111
1111111111111111111111111111101111111111111111111111111111111101111111111111111111111111111111101111101111111111110111111111111111111111111111111111111144444444444444444444444444444111111111111111111111
1111111111111111111111111111101111111111111111111111111111111101111111111111111111111111111111110111011111111111101111111111111111111111111111111111111144444444444444444444444444441111111111111111111111
1111111111111111111111111111101111111111111111111111111111111101111111111111111111111111111111110110111111111111101111111111111111111111111111111111111144444444444444444444444444441111111111111111111111
1111111111111111111111111111110111111111111111111111111111000000000000000000000000000000000000110101111111111111101111111111111111111111111111111111111444444444444444444444444444411111111111111111111111
1111111111111111111111111111110111111111111111111111100000111111111111111111111111111111111111000001111111111111011111111111111111111111111111111111111444444444444444444444444444411111111111111111111111
1111111111111111111111111111111011111111111111111100011111111111111111111111111111111111111111110110111111111111011111111111111111111111111111111111111444444444444444444444444444411111111111111111111111
1111111111111111111111111111111011111111111111110011111111111111111111111111111111111111111111101111001111111110111111111111111111111111111111111111114444444444444444444444444444111111111111111111111111
1111000000000000000000011111111101111111111111101111111111111111111111111111111111111111111111011111110111111110111111111111111111111111111111111111114444444444444444444444444444111111111111111111111111
1111011111111111111111100001111110111111000000011111111111111111111111111111111111111111111110111111111000001101111111111111111111111111111111111111114444444444444444444444444441111111111111111111111111
1111011111111111111111111110000010100000111111111111111111111111111111111111111111111111111101111111111111110001111111111111111111111111111111111111144444444444444444444444444441111111111111111111111111
1110111111111111111111111111111100000000001111111111111111111111111111111111111111111111111011111111111111111111111111111111111111111111111111111111144444444444444444444444444441111111111111111111111111
1110111111111111111111111111111110111111110011111111111111111111111111111111111111111111110111111111111111111111111111111111111111111111111111111111144444444444444444444444444411111111111111111111111111
1110111111111111111111111111111101111111111101111111111111111111111111111111111111111111101111111111111111111111111111111111111111111111111111111111144444444444444444444444444411111111111111111111111111
1110111111111111111111111111111101111111111110000000000001111111111111111111111111111111011111111111111111111111111111111111111111111111111111111111144444444444444444444444444411111111111111111111111111
1110111111111111111111111111111101111111111111111101111110000000000000000000000000000110111111111111111111111111111111111111111111111111111111111111144444444444444444444444444411111111111111111111111111
1110111111111111111111111111111101111111111111111101111111111111111101111111111111111000000001111111111111111111111111111111111111111111111111111111144444444444444444444444444411111111111111111111111111
1110111111111111111111111111111101111111111111111101111111111111111101111111111111111101111110000000111111111111111111111111111111111111111111111111144444444444444444444444444411111111111111111111111111
1110111111111111111111111111111101111111111111111101111111111111111101111111111111111101111111111111000111111111111111111111111111111111111111111111444444444444444444444444444411111111111111111111111111
1110111111111111111111111111111011111111111111111101111111111111111101111111111111111101111111111111011011111111111111111111111111111111111111111111444444444444444444444444444411111111111111111111111111
1110111111111111111111111111111011111111111111111101111111111111111011111111111111111101111111111111011101111111111111111111111111111111111111111111444444444444444444444444444411111111111111111111111111
1110111111111111111111111111111011111111111111111101111111111111111011111111111111111011111111111111011110000000000001111111111111111111111111111111444444444444444444444444444411111111111111111111111111
1110111111111111111111111111111011111111111111111101111111111111111011111111111111111011111111111111011111111111111101111111111111111111111111111111444444444444444444444444444411111111111111111111111111
1101111111111111111111111111111011111111111111111101111111111111111011111111111111111011111111111111011111111111111101111111111111111111111111111111444444444444444444444444444441111111111111111111111111
1101111111111111111111111111111011111111111111111101111111111111111011111111111111111011111111111111011111111111111101111111111111111111111111111114444444444444444444444444444444441111111111111111111111
1100000111111111111111111111111011111111111111111011111111111111111011111111111111111011111111111111011111111111111101111111111111111111111111111114444444444444444444444444444444444441111111111111111111
1111111000000000000001111111111011111111111111111011111111111111111011111111111111111011111111111111011111111111111101111111111111111111111111111114444444444444444444444444444444444444441111111111111111
1111111111111111111110000000011011111111111111111011111111111111111011111111111111111011111111111110111111111111111101111111111111111111111111111114444444444444444444444444444444444444444441111111111111
1111111111111111111111111111100000111111111111111011111111111111111011111111111111111011111111111110111111111111111101111111111111111111111111111114444444444444444444444444444444444444444444441111111111
1111111111111111111111111111111111001111111111111011111111111111111011111111111111111011111111111110111111111111111101111111111111111111111111111114444444444444444444444444444444444444444444444441111111
1111111111111111111111111111111111110000111111111011111111111111111011111111111111111011111111111110111111111111111101111111111111111111111111111144444444444444444444444444444444444444444444444444441111
1111111111111111111111111111111111111111000000111011111111111111111011111111111111110111111111111110111111111111111101111111111111111111111111111144444444444444444444444444444444444444444444444444444441
1111111111111111111111111111111111111111111111000000000000000000111011111111111111110111111111111110111111111111111101111111111111111111111111111144444444444444444444444444444444444444444444444444444441
1111111111111111111111111111111111111111111111111111111111111111000000000000001111110111111111111110111111111111111011111111111111111111111111111144444444444444444444444444444444444444444444444444444441
1111111111111111111111111111111111111111111111111111111111111111111111111111110000110111111111111110111111111111111011111111111111111111111111111144444444444444444444444444444444444444444444444444444441
1111111111111111111111111111111111111111111111111111111111111111111111111111111111001111111111111110111111111111111011111111111111111111111111111444444444444444444444444444444444444444444444444444444441
1111111111111111111111111111111111111111111111111111111111111111111111111111111111110000000000001110111111111111111011111111111111111111111111111444444444444444444444444444444444444444444444444444444441
1441111111111111111111111111111111111111111111111111111111111111111111111111111111111111111111110000000000000111111011111111111111111111111111111444444444444444444444444444444444444444444444444444444441
1444111111111111111111111111111111111111111111111111111111111111111111111111111111111111111111111111111111111000111011111111111111111111111111111444444444444444444444444444444444444444444444444444444441
1444444111111111111111111111111111111111111111111111111111111111111111111111111111111111111111111111111111111111000111111111111111111111111111111444444444444444444444444444444444444444444444444444444441
1444444444111111111111111111111111111111111111111111111111111111111111111111111111111111111111111111111111111111111111111111111111111111111111111444444444444444444444444444444444444444444444444444444441
1444444444444111111111111111111111111111111111111111111111111111111111111111111111111111111111111111111111111111111111111111111111111111111111114444444444444444444444444444444444444444444444444444444441
1444444444444444111111111111111111111111111111111111111111111111111111111111111111111111111111111111111111111111111111111111111111111111111111114444444444444444444444444444444444444444444444444444444441
1444444444444444444111111111111111111111111111111111111111111111111111111111111111111111111111111111111111111111111111111111111111111111111111114444444444444444444444444444444444444444444444444444444441
1444444444444444444444444444444444411111111111111111111111111111111111111111111111111111111111111111111111111111111111111111111111111111111111114444444444444444444444444444444444444444444444444444444441
1444444444444444444444444444444444444111111111111111111111111111111111111111111111111111111111111111111111111111111111111111111111111111111111114444444444444444444444444444444444444444444444444444444441
1444444444444444444444444444444444444441111111111111111111111111111111111111111111111111111111111111111111111111111111111111111111111111111111114444444444444444444444444444444444444444444444444444444441
1444444444444444444444444444444444444444411111111111111111111111111111111111111111111111111111111111111111111111111111111111111111111111111111144444444444444444444444444444444444444444444444444444444441
1444444444444444444444444444444444444444444111111111111111111111111111111111111111111111111111111111111111111111111111111111111111111111111111144444444444444444444444444444444444444444444444444444444441
1444444444444444444444444444444444444444444411111111111111111111111111111111111111111111111111111111111111111111111111111111111111111111111111144444444444444444444444444444444444444444444444444444444441
1444444444444444444444444444444444444444444441111111111111111111111111111111111111111111111111111111111111111111111111111111111111111111111111144444444444444444444444444444444444444444444444444444444441
1444444444444444444444444444444444444444444444111111111111111111111111111111111111111111111111111111111111111111111111111111111111111111111111144444444444444444444444444444444444444444444444444444444441
1444444444444444444444444444444444444444444444411111111111111111111111111111111111111111111111111111111111111111111111111111111111111111111111144444444444444444444444444444444444444444444444444444444441
1444444444444444444444444444444444444444444444441111111111111111111111111111111111111111111111111111111111111111111111111111111111111111111111444444444444444444444444444444444444444444444444444444444441
1444444444444444444444444444444444444444444444444444444444111111111111111111111111111111111111111111111111111111111111111111111111111111111111444444444444444444444444444444444444444444444444444444444441
1444444444444444444444444444444444444444444444444444444444444444444411111111111111111111111111111111111111111111111111111111111111111111111111444444444444444444444444444444444444444444444444444444444441
1444444444444444444444444444444444444444444444444444444444444444444444444444411111111111111111111111111111111111111111111111111111111111111111444444444444444444444444444444444444444444444444444444444441
1444444444444444444444444444444444444444444444444444444444444444444444444444444444444411111111111111111111111111111111111111111111111111111111444444444444444444444444444444444444444444444444444444444441
1444444444444444444444444444444444444444444444444444444444444444444444444444444444444444444441111111111111111111111111111111111111111111111111444444444444444444444444444444444444444444444444444444444441
1111111111111111111111111111111111111111111111111111111111111111111111111111111111111111111111111111111111111111111111111111111111111111111111111111111111111111111111111111111111111111111111111111111111