111111111111111111111111111111111111111111111111111111111111111111111111111111111111111111111111111111
111111111111111111111111111111111118888888888888888888888888888888888888888881111111111111111111111111
111111111111111111111111118888888888888888888888888888888888888888888888888811000011111111111111111111
111111111111111111118888888888888888888888888888888888111111111111111111111110011100000000000000000011
111111111111111188888888888888888888888888888111111111111011111111111111111101101111111111111111100011
111111111111888888888888888888888888888888111111111111000101111111111111111011110111111111111111011011
111111111118888888888888888888888888888811111111111110111110111000001111110111111011111111111110111011
111111111888888888888888888888888888111111111111111110011111000111110111101111111011111111111101111011
111111188888888888888888888888881111111111111111111101011111011111111011011111111011111111111011111011
111111888888888888888888888111111111111111111111111101101111011111111100111111111101111111110111111011
111118888888888888888888811111111111111111111111000011101111011111111010000111111011111111101111111011
111118888888888888888881111111111111111111111000111011101111101111110111111000000111111100011111111011
111188888888888888888111111111111111110000000101111011101111101100001111111110111000110011111111111011
111188888888888888881111111111111110001111111101111011101111100011110001111001111111001111111111111011
111188888888888888811111111111111101111111111110111011101111101111111110110111111111011111111111111011
111888888888888881111111111111111011111111111110111011101111101111111111000111111110111111111111111011
111888888888888811111111111111100011111111111110000000000000000111111111011000111101111111111111111011
118888888888888111111111111100001101111111111110110111101111101011111110111111011011111111111111111011
118888888888811111111111111011101110111111111110110111101111101100011001111111100011111111111111111011
118888888888111111111111100111101111000000000000000000001111101111100111111111110111111111111111111011
188888888881111111111110001011101111111111111111110111101111101111011111111111101111111111111111111011
188888888811111111111001101100101111111111111111110111101111101111011111111111011111111111111111111011
188888888111111111110111101111000000000111111111110111101111101111011111111110111111111111111111111011
188888888111111111101111101111101111111000000000000000000000000110111111111101111111111111111111110011
188888888111111100011111101111101111111111111111111111111111111000111111111011111111111111110000001111
188888888111100011111111101111011111111111111111111111111111111110000001110111111111111111001111111111
188888881111011111111111101111011111111111111111111111111111111110111110101111111111111100111111111111
188888881100111111111111101111011111111111111111111111111111111110111111001111111001110011111111111111
188888881011111111111111101111011111111111111111111111111111111110111111010011111010001111111111111111
188888811011111111111111100000011111111111111111111111111111111111011100111101111010101111111111111111
188888811101111111111111101111011111111111111111111111111111111111101011111110111010101111111111111111
188888811101111111111111101111011111111111111111111111111111111111110111111111011010101111111111111111
188888811110111111111111101111011111111111111111111111111111111111101111111111101010101111111111111111
188888111110111111111111101111011111111111111111111111111111111111011111111111110010101111111111111111
188888111111011111111111100001011111111111111111111111111111111110011111111111111010101111111111111111
188888111111011111111111101110011111111111111111111111111111111101101111111111111000000000111111111111
188881111111011111111111101111011111111111111111111111111111111011110111111111110111111011011111111111
188881111111011111111111101111011111111111111111111111111111111011111011111100001111111011101111111111
188881111111011111111110001111011111111111111111111111111111111011111101111011111111111011110111111111
188881111111000000000001101111011111111111111111111111111111110011111110000111111111110111111011111111
188881111111011111111111101111011000000011111111111111111111101101110000111111111111110111111101111111
188881111111101111111111011111011011111100000000011111111111011110101101111111111111110111111110111111
188881111111101111111111011111011011111111111111000000000000111111011101111111111111101111111111011111
188881111111110111111111011111011011111111111111011111101110001110111101111111111111011111111111101111
188881111111110111111111011111011011111111111111011111101101110101111011111111111111011111111111110111
188881111111111011111111011111000000000000000000001111011101111011111011111111111111011111111111111011
188881111111111101111111011111111111111111111111010000111011111011110111111111111111011111111111111011
188881111111111101111111011111111111111111111111011110111000010111110000111111111110111111111111111011
188881111111111101111111011111111111111111111111011110111011101111110111001111111110111111111111111011
188881111111111101111111011111111111111111111111011101110111110111110111110000011110111111111111111011
188881111111110000000000000000000111111111111110011101110111110111101111111101100000111111111111111011
188881111111001101111111011111111000111111111110100011110111111011101111111101111101000000000011111011
188881000000111101111111101111111011000011111110111011110111111101101111111011111101111111111101110111
188881011111111101111111101111111011111011111110111011101111111101011111111011111101111111111110010111
188881011111111101111111101111111011111011111110111011101111111110111111111000000011111111111111101111
188881011111111110111111101111111011111000000000000111011111111111011111110111111011111111111111111111
188881101111111110111111101111111011111111111111110000011111111111100000110111111011111111111111111111
188881110111111110111111101111111011101111111111111111011111111111101111000111110111111111111111111111
188881110111111110111111101111111000001111111111111110111111111111011111110111110111111111111111111111
188881111011111110000000000000000111101111111111111110111111111110111111110111101111111111111111111111
188881111101111111111111101111111111101111111111111110111111111101111111111011011111111111111111111111
188888111110111111111111101111111111101111111111111101111111111011111111111011011111111111111111111111
188888111110111111111111101111111111101111111111111011111100001011111111111101011111111111111111111111
188888111111011111111111101111111111101111111110000000111011110111000000000000111111111111111111111111
188888811111011111111111101111111111101111100001111011011011110111011111111110111111111111111111111111
188888811111101111111111101111111111101110011111111011101011101110111111111111011111111111111111111111
188888811111101111111111101111111111101001011111111011110001011101111111111111101111111111111111111111
188888881111101111111111101111110000000111101111111011110110011011111111111111101111111111111111111111
188888881111101111111111100000001111101111101111111011110111100000000000000000001111111111111111111111
188888881111110111111111101111111111101111110000000111110111111011111101111111101111111111111111111111
188888881111110111111111101111111111101111111111110111110111110111111011111111101111111111111111111111
188888881111110111111111101111111111101111111111110111110111101111111011111111101111111111111111111111
188888888111111011111111101111111111101111111111110111110111101111110111111111101111111111111111111111
188888888111111101111111101111111111101111111111110111110111101111101111111111101111111111111111111111
188888888111111110111111101111111111101111111111110000000000011111101111111111011111111111111111111111
188888888111111110111111101111111100001111111111110111111111100000001111111111011111111111111111111111
188888888811111110111111100000000011111111111111110111111111111111111111111110111111111111111111111111
188888888811111111011111101111111111111111111111110111111111111111111111111101111111111111111111111111
188888888881111111011111101111111111111111111111110111111111111111111111111011111111111111111111111111
188888888881111111101111101111111111111100000000000011111111111111111110000011111111111111111111111111
188888888888111111101111110111111111111101101110110100011111100000000001111011111111111111111111111111
188888888888811111110111110111111111111101101110110111100000011111111111111011111111111111111111111111
188888888888881111111011110000000000111101101110110111111111111111111111111011111111111111111111111111
188888888888888111111011101110111111011101101110110111111111111111111111111011111111111111111111111111
188888888888888811111100011110000000000000000000110111111111111111111111111011111111111111111111111111
188888888888888881111101111110111111111111110000000000011111111111111111111011111111111111111111111111
188888888888888888111110111111110000000000001111111111100000000000000000000011111111111111111111111111
188888888888888888811111011110001111111111111111111111111111111111111111111111111111111111111111111111
188888888888888888881111100001111111111111111111111111111111111111111111111111111111111111111111111111
188888888888888888888111101111111111111111111111111111111111111111111111111111111111111111111111111111
188888888888888888888811111111111111111111111111111111111111111111111111111111111111111111111111111111
144444444444444444444444444444444444444444444444444444444444444444444444444444444444444444444444444441
144444444444444444444444444444444444444444444444444444444444444444444444444444444444444444444444444441
144444444444444444444444444444444444444444444444444444444444444444444444444444444444444444444444444441
144444444444444444444444444444444444444444444444444444444444444444444444444444444444444444444444444441
144444444444444444444444444444444444444444444444444444444444444444444444444444444444444444444444444441
144444444444444444444444444444444444444444444444444444444444444444444444444444444444444444444444444441
144444444444444444444444444444444444444444444444444444444444444444444444444444444444444444444444444441
144444444444444444444444444444444444444444444444444444444444444444444444444444444444444444444444444441
144444444444444444444444444444444444444444444444444444444444444444444444444444444444444444444444444441
144444444444444444444444444444444444444444444444444444444444444444444444444444444444444444444444444441
111111111111111111111111111111111111111111111111111111111111111111111111111111111111111111111111111111