111111111111111111111111111111111111111111111111111111111111111111111111111111111111111111111111111111
111111111111111111111111111111111111111111111111111111111111111111111111111181111111111111111111111111
111111111111111111111111111111111111111111111111111111888888888888888888888811000111111111111111111111
111111111111111111111111111111111111111111111888888888111111111111111111111110011000000000000000000011
111111111111111111111111111111111111111111888111111111110011111111111111111101011111111111111111101011
111111111111111111111111111111111111111188111111111111101101111111111111111011101111111111111111011011
111111111111111111111111111111111111888811111111111110011110111111001111100111110111111111111110111011
111111111111111111111111111111118888111111111111111110111111000000110111011111111011111111111101111011
111111111111111111111111111888881111111111111111111110011111011111111010111111111101111111111011111011
111111111111111111111111118111111111111111111111111101101111011111111100111111111001111111100111111011
111111111111111111111111811111111111111111111111000011101111011111111011000000100111111110011111111011
111111111111111111111181111111111111111111111000111011101111011111110111111110000000111001111111111011
111111111111111111118111111111111111110000000101111011101111101111101111111101111111010111111111111011
111111111111111111181111111111111110001111111101111011101111100000010011111011111111101111111111111011
111111111111111111811111111111111101111111111110111011101111101111111101110111111111101111111111111011
111111111111111181111111111111110011111111111110110111101111101111111110000011111111011111111111111011
111111111111111811111111111111100011111111111110000000000000001111111110111101111110111111111111111011
111111111111118111111111111000001100111111111110110111101111100000111101111110111101111111111111111011
111111111111811111111111110111101111011111111110110111101111101111010011111111000011111111111111111011
111111111118111111111111101111101111100000000000000000001111101111101111111111110111111111111111111011
111111111181111111111111000001101111111111111111110111101111101111011111111111101111111111111111111011
111111111811111111111100101110001111111111111111110111101111101111011111111111011111111111111111111011
111111118111111111110011101111100000000000000000000111101111101110111111111110111111111111111111111011
111111118111111111001111101111101111111111111111110000000000000010111111111101111111111111111110000011
111111118111111000111111101111101111111111111111111111111111111100000011111011111111111111110001111111
111111118111110111111111101111101111111111111111111111111111111110111101110111111111111111001111111111
111111181111101111111111101111101111111111111111111111111111111110111110101111111111111100111111111111
111111181100011111111111101111101111111111111111111111111111111110111111001111111001110011111111111111
111111181011111111111111101111101111111111111111111111111111111110111110010011111010001111111111111111
111111811011111111111111100001011111111111111111111111111111111111011101111101111010101111111111111111
111111811011111111111111101110011111111111111111111111111111111111101011111110111010101111111111111111
111111811011111111111111101111011111111111111111111111111111111111110111111111011010101111111111111111
111111811101111111111111101111011111111111111111111111111111111111101111111111101010101111111111111111
111118111101111111111111101111011111111111111111111111111111111111011111111111110010101111111111111111
111118111101111111111111101111011111111111111111111111111111111110011111111111111010101111111111111111
111118111101111111111111100000011111111111111111111111111111111101101111111111111100000001111111111111
111181111101111111111111101111011111111111111111111111111111111011110111111111111001111010111111111111
111181111101111111111111101111011111111111111111111111111111111011111011111111000111111011011111111111
111181111110111111111000001111011111111111111111111111111111110111111101111100111111111011101111111111
111181111111000000000111101111011111111111111111111111111111110011111110000011111111111011110011111111
111181111111101111111111101111011000000000111111111111111111101101111100111111111111110111111101111111
111181111111110111111111101111011011111111000000000001111111011110100010111111111111110111111110111111
111181111111110111111111101111011011111111111111011110000000111111011101111111111111101111111111011111
111181111111110111111111101111011011111111111111011111101110011110111101111111111111101111111111101111
111181111111110111111111101111011011111111111111011111011101100101111011111111111111101111111111110111
111181111111110111111111011111000000000000000000011110111101111011111011111111111111011111111111111011
111181111111110111111111011111111111111111111111000000111000110111110111111111111110111111111111111011
111181111111111011111111011111111111111111111111011110111011001111110111111111111110111111111111111011
111181111111111101111111011111111111111111111110111101110111101111101000000111111110111111111111111011
111181111111111101111111011111111111111111111110111101110111101111011111111000001101111111111111111011
111181111111111100000000000000000011111111111110011101101111110111011111111101110000111111111111110111
111181111111100010111111011111110100111111111110100011101111111011011111111101111011000011111111101111
111181000000011110111111011111110111000011111110111011011111111100111111111011111011111100001111101111
111181011111111110111111011111110111111011111110110111011111111110111111111011111011111111110000101111
111181101111111110111111011111110111111011111110110111011111111110111111111000000011111111111111001111
111181110111111110111111011111110111111000000000000111011111111111011111111011110111111111111111111111
111181111011111110111111011111110111111111111111110000011111111111100001110111110111111111111111111111
111181111011111110111111101111110100001111111111111111011111111111011110000111110111111111111111111111
111181111101111110111111101111111011101111111111111111011111111110111111111011110111111111111111111111
111181111110111110000000000000000111101111111111111110111111111101111111111101110111111111111111111111
111181111111011111111111101111111111101111111111111110111111111101111111111101101111111111111111111111
111118111111011111111111101111111111101111111111111101111111111101111111111110011111111111111111111111
111118111111011111111111101111111111101111111111111101111100011011111111111110011111111111111111111111
111118111111101111111111101111111111101111111111100011111101100111000000000000111111111111111111111111
111111811111101111111111101111111111101111111100011001111101101110111111111110111111111111111111111111
111111811111101111111111101111111111101000000011111010011011101110111111111111011111111111111111111111
111111811111101111111111101111111111100111011111111011100011011101111111111111011111111111111111111111
111111181111101111111111101111110000001111011111111011110100001101111111111111101111111111111111111111
111111181111101111111111100000001111101111101111111011110111110000000000000000001111111111111111111111
111111181111101111111111101111111111101111110000000111110111110111111101111111101111111111111111111111
111111181111101111111111101111111111101111111111110111110111101111111101111111101111111111111111111111
111111181111101111111111101111111111101111111111110111110111101111111011111111101111111111111111111111
111111118111110111111111101111111111101111111111110111110111101111111011111111011111111111111111111111
111111118111110111111111101111111111101111111111110111110111011111110111111110111111111111111111111111
111111118111111011111111101111111111101111111111110000000000001111110111111110111111111111111111111111
111111118111111011111111101111000000001111111111110111111111110000001111111110111111111111111111111111
111111111811111101111111100000111111111111111111110111111111111111111111111110111111111111111111111111
111111111811111110111111101111111111111111111111110111111111111111111111111110111111111111111111111111
111111111181111110111111101111111111111111111111110111111111111111111111111101111111111111111111111111
111111111181111111011111110111111111111100000000000000011111111111111111110011111111111111111111111111
111111111118111111101111110111111111111101101110110111101111111100000000001011111111111111111111111111
111111111111811111110111110111111111111101101110110111110000000011111111111011111111111111111111111111
111111111111181111111011110000000000111101101110110111111111111111111111111011111111111111111111111111
111111111111118111111011101110111110111101101110110111111111111111111111111011111111111111111111111111
111111111111111811111100011110111000000000000000110111111111111111111111111011111111111111111111111111
111111111111111181111101111110000111111111111100000000000000000000000000000011111111111111111111111111
111111111111111118111110111111111111110000000011111111111111111111111111111011111111111111111111111111
111111111111111111811111011111111111101111111111111111111111111111111111111111111111111111111111111111
111111111111111111181111011111111100011111111111111111111111111111111111111111111111111111111111111111
111111111111111111118111100000000011111111111111111111111111111111111111111111111111111111111111111111
111111111111111111111811111111111111111111111111111111111111111111111111111111111111111111111111111111
144444444444444444444444444444444444444444444444444444444444444444444444444444444444444444444444444441
144444444444444444444444444444444444444444444444444444444444444444444444444444444444444444444444444441
144444444444444444444444444444444444444444444444444444444444444444444444444444444444444444444444444441
144444444444444444444444444444444444444444444444444444444444444444444444444444444444444444444444444441
144444444444444444444444444444444444444444444444444444444444444444444444444444444444444444444444444441
144444444444444444444444444444444444444444444444444444444444444444444444444444444444444444444444444441
144444444444444444444444444444444444444444444444444444444444444444444444444444444444444444444444444441
144444444444444444444444444444444444444444444444444444444444444444444444444444444444444444444444444441
144444444444444444444444444444444444444444444444444444444444444444444444444444444444444444444444444441
144444444444444444444444444444444444444444444444444444444444444444444444444444444444444444444444444441
111111111111111111111111111111111111111111111111111111111111111111111111111111111111111111111111111111