111111111111111111111111111111111111111111111111111111111111111111111111111111111111111111111111111111
111111111111111111111111111111111111111111111111111111111111111111111111111181111111111111111111111111
111111111111111111111111111111111111111111111111111111888888888888888888888811000011111111111111111111
111111111111111111111111111111111111111111111888888888111111111111111111111110101100000000000000000011
111111111111111111111111111111111111111111888111111111111011111111111111111101110111111111111111110011
111111111111111111111111111111111111111188111111111111000101111111111111110011111011111111111111101011
111111111111111111111111111111111111888811111111111110111110111100001111101111111011111111111111011011
111111111111111111111111111111118888111111111111111100111111000011110111011111111101111111111100111011
111111111111111111111111111888881111111111111111111101011111011111111010111111111101111111111011111011
111111111111111111111111118111111111111111111111111011101111011111111100011111110001111111110111111011
111111111111111111111111811111111111111111111110000011101111101111111011100000101111111100001111111011
111111111111111111111181111111111111111111111101111011101111101111110111111111011111111011111111111011
111111111111111111118111111111111111110000000010111011101111101110001111111110100111110111111111111011
111111111111111111181111111111111111101111111110110111101111100001110111111101111000001111111111111011
111111111111111111811111111111111111011111111110110111101111101111111011111011111111011111111111111011
111111111111111181111111111111111110111111111110110111101111101111111100000001111110111111111111111011
111111111111111811111111111111100001111111111110000000000000000111111110111110011101111111111111111011
111111111111118111111111111111001101111111111110110111101111101001111001111111101011111111111111111011
111111111111811111111111111110101110011111111110110111101111101110110111111111110011111111111111111011
111111111118111111111111000001101111100000000000000000001111101111001111111111110111111111111111111011
111111111181111111111110101011101111111111111111110111101111101111011111111111101111111111111111111011
111111111811111111111101101100001111111111111111110111101111101110111111111111011111111111111111111011
111111118111111111110011101111100000000000011111110111101111101110111111111110111111111111111111111011
111111118111111110001111101111101111111111100000000000000000000010111111111101111111111111111111111011
111111118111111101111111101111101111111111111111111111111111111100111111111011111111111111111111110111
111111118111100011111111101111101111111111111111111111111111111110000011110111111111111111111000001111
111111181110011111111111101111101111111111111111111111111111111110111100110111111111111111100111111111
111111181101111111111111101111101111111111111111111111111111111110111111001111111001111111011111111111
111111181011111111111111101111011111111111111111111111111111111110111111010111111010000000111111111111
111111811011111111111111100001011111111111111111111111111111111111011100111011111010101111111111111111
111111811101111111111111101110011111111111111111111111111111111111101011111101111010101111111111111111
111111811101111111111111101111011111111111111111111111111111111111110111111110111010101111111111111111
111111811101111111111111101111011111111111111111111111111111111111101111111111001010101111111111111111
111118111110111111111111101111011111111111111111111111111111111111011111111111110010101111111111111111
111118111110111111111111101111011111111111111111111111111111111110111111111111111010101111111111111111
111118111110111111111111100000011111111111111111111111111111111110011111111111111000000001111111111111
111181111110111111111111101111011111111111111111111111111111111110101111111111100111111100111111111111
111181111110111111111111101111011111111111111111111111111111111101110111111111011111111101011111111111
111181111111011111111110001111011111111111111111111111111111111011111001111000111111111011101111111111
111181111111000000000001101111011111111111111111111111111111110011111100000111111111111011110111111111
111181111111101111111111101111011001111111111111111111111111101101111010111111111111110111111011111111
111181111111101111111111101111011010000000000000000000111111011110100110111111111111101111111101111111
111181111111101111111111101111011011111111111111011111000000011111011101111111111111101111111110011111
111181111111101111111111101111011011111111111111011111011101101110111101111111111111101111111111101111
111181111111110111111111101111011011111111111111011111011011110101111011111111111111011111111111110111
111181111111111011111111101111000000000000000000011111011011111011111011111111111110111111111111111011
111181111111111011111111101111111111111111111111000000111011110111110111111111111110111111111111110111
111181111111111101111111011111111111111111111111011101110100001111110000011111111110111111111111110111
111181111111111101111111011111111111111111111111011101101111101111101111100111111110111111111111101111
111181111111111101111111011111111111111111111111011101101111110111101111111001111101111111111111101111
111181111111111000000000000000000000001111111110111011101111111011101111111010000000011111111111101111
111181111111000101111111011111110111110111111110000011011111111101011111111011111101101111111111101111
111181000000111110111111011111110111111011111110111011011111111101011111111011111101110111111111101111
111181011111111110111111011111110111111011111110111011011111111101011111111011111011111011111111101111
111181101111111110111111011111110111111011111110110111011111111110111111111000000011111100000000001111
111181101111111110111111011111110111111000000000000111011111111111011111111011110111111111111111111111
111181101111111110111111101111110111111111111111110001011111111111100001110111110111111111111111111111
111181110111111110111111101111110111101111111111111110011111111111101110000111110111111111111111111111
111181111011111110111111101111110000001111111111111111011111111111011111111011101111111111111111111111
111181111011111110000000000000001111101111111111111110111111111111011111111101011111111111111111111111
111181111011111111111111101111111111101111111111111110111111111110111111111101011111111111111111111111
111118111101111111111111101111111111101111111111111101111111111101111111111110011111111111111111111111
111118111101111111111111101111111111101111111111111011111100111011111111111110011111111111111111111111
111118111110111111111111101111111111101111111111111011111011000111000000000000111111111111111111111111
111111811110111111111111101111111111101111111100000000110111101111011111111110111111111111111111111111
111111811111011111111111101111111111101111000011111011010111101110111111111111011111111111111111111111
111111811111101111111111101111111111101000101111110111100001101101111111111111101111111111111111111111
111111181111101111111111101111000000000111101111110111110110000011111111111111101111111111111111111111
111111181111101111111111100000111111101111110111110111110111111000000000000000001111111111111111111111
111111181111101111111111101111111111101111110000000111110111111011111101111111101111111111111111111111
111111181111110111111111101111111111101111111111110111110111110111111101111111101111111111111111111111
111111181111110111111111101111111111101111111111110111110111101111111011111111101111111111111111111111
111111118111111011111111101111111111101111111111110111110111101111111011111111101111111111111111111111
111111118111111101111111101111111111101111111111110111110111101111111011111111101111111111111111111111
111111118111111101111111101111111111101111111111110000000000000000110111111111011111111111111111111111
111111118111111101111111101111111111101111111111110111111111111111001111111110111111111111111111111111
111111111811111110111111100000000000011111111111110111111111111111111111111110111111111111111111111111
111111111811111111011111101111111111111111111111110111111111111111111111111101111111111111111111111111
111111111181111111101111101111111111111111111111110111111111111111111111111101111111111111111111111111
111111111181111111110111101111111111111100000000000011111111111111111100000011111111111111111111111111
111111111118111111111011101111111111111101101110110101111111111000000011111011111111111111111111111111
111111111111811111111011110111111111111101101110110110000000000111111111111011111111111111111111111111
111111111111181111111011110000000000111101101110110111111111111111111111111011111111111111111111111111
111111111111118111111100001110111111011101101110110111111111111111111111111011111111111111111111111111
111111111111111811111101111110111100000000000000110111111111111111111111111011111111111111111111111111
111111111111111181111110111110000011111111111111110000000000000000000000001011111111111111111111111111
111111111111111118111111011111111111110000000000001111111111111111111111110011111111111111111111111111
111111111111111111811111011111111111001111111111111111111111111111111111111111111111111111111111111111
111111111111111111181111101000000000111111111111111111111111111111111111111111111111111111111111111111
111111111111111111118111100111111111111111111111111111111111111111111111111111111111111111111111111111
111111111111111111111811111111111111111111111111111111111111111111111111111111111111111111111111111111
144444444444444444444444444444444444444444444444444444444444444444444444444444444444444444444444444441
144444444444444444444444444444444444444444444444444444444444444444444444444444444444444444444444444441
144444444444444444444444444444444444444444444444444444444444444444444444444444444444444444444444444441
144444444444444444444444444444444444444444444444444444444444444444444444444444444444444444444444444441
144444444444444444444444444444444444444444444444444444444444444444444444444444444444444444444444444441
144444444444444444444444444444444444444444444444444444444444444444444444444444444444444444444444444441
144444444444444444444444444444444444444444444444444444444444444444444444444444444444444444444444444441
144444444444444444444444444444444444444444444444444444444444444444444444444444444444444444444444444441
144444444444444444444444444444444444444444444444444444444444444444444444444444444444444444444444444441
144444444444444444444444444444444444444444444444444444444444444444444444444444444444444444444444444441
111111111111111111111111111111111111111111111111111111111111111111111111111111111111111111111111111111