111111111111111111111111111111111111111111111111111111111111111111111111111111111111111111111111111111
111111111111111111111111111111111118888888888888888888888888888888888888888881111111111111111111111111
111111111111111111111111118888888888888888888888888888888888888888888888888811001111111111111111111111
111111111111111111118888888888888888888888888888888888111111111111111111111110010000000000000000000011
111111111111111188888888888888888888888888888111111111111011111111111111111101101111111111111111110011
111111111111888888888888888888888888888888111111111111100101111111111111111011101111111111111111101011
111111111118888888888888888888888888888811111111111110011110111111101111110111110111111111111111011011
111111111888888888888888888888888888111111111111111101011111000000010111001111111011111111111110111011
111111188888888888888888888888881111111111111111111101101111011111111010111111111101111111111001111011
111111888888888888888888888111111111111111111111111011101111101111111100111111111101111111110111111011
111118888888888888888888811111111111111111111111110011101111101111111011011111100011111111101111111011
111118888888888888888881111111111111111111111000001011101111101111110111100000000011111100011111111011
111188888888888888888111111111111111110000000101111011101111101111000111111101111100010011111111111011
111188888888888888881111111111111110001111111101111011101111100000111001111011111111101111111111111011
111188888888888888811111111111111101111111111110111011101111101111111110110111111111011111111111111011
111888888888888881111111111111110011111111111110110111101111101111111111000111111111011111111111111011
111888888888888811111111111111101111111111111110000000000000000011111111011011111110111111111111111011
118888888888888111111111111100000001111111111110110111101111101101111110111100000101111111111111111011
118888888888811111111111111011101110011111111110110111101111101110010001111111111011111111111111111011
118888888888111111111100000011101111100000000000000000001111101111101111111111110111111111111111111011
188888888881111111111011101101101111111111111111110111101111101111011111111111101111111111111111111011
188888888811111111000111101110001111111111111111110111101111101111011111111111011111111111111111111011
188888888111111110111111101111100111111111111111110111101111101111011111111110111111111111111111111011
188888888111111101111111101111101000000000000000000000000000001111011111111101111111111111111111100011
188888888111111011111111101111101111111111111111111111111111110000111111111101111111111111111111011111
188888888111110111111111101111101111111111111111111111111111111110011111111011111111111111100000111111
188888881111001111111111101111101111111111111111111111111111111110101111110111111111111100011111111111
188888881110111111111111101111011111111111111111111111111111111110110000001111111001111011111111111111
188888881001111111111111101111011111111111111111111111111111111110111111010111111010000111111111111111
188888811101111111111111100000011111111111111111111111111111111111011110111011111010101111111111111111
188888811101111111111111101111011111111111111111111111111111111111101101111101111010101111111111111111
188888811101111111111111101111011111111111111111111111111111111111110011111110011010101111111111111111
188888811101111111111111101111011111111111111111111111111111111111101111111111101010101111111111111111
188888111110111111111111101111011111111111111111111111111111111111011111111111110010101111111111111111
188888111110111111111111100111011111111111111111111111111111111110111111111111111000101111111111111111
188888111111011111111111101000011111111111111111111111111111111110011111111111111100000001111111111111
188881111111011111111111101111011111111111111111111111111111111101100111111111111011111010111111111111
188881111111011111111111101111011111111111111111111111111111111101111011111111000111111011011111111111
188881111111011111110000001111011111111111111111111111111111111011111101111000111111111011101111111111
188881111111000000001111101111011111111111111111111111111111110111111110000111111111110111110111111111
188881111111011111111111101111011000000000111111111111111111101001111100111111111111110111111011111111
188881111111101111111111101111011011111111000000000000111111011110110001111111111111110111111101111111
188881111111101111111111101111011011111111111111011111000000111111001011111111111111101111111110011111
188881111111110111111111101111011011111111111111011111101101011110111011111111111111101111111111101111
188881111111110111111111101111011011111111111111011111011101101101110111111111111111011111111111110111
188881111111110111111111101111000000000000000000000000111011110011110111111111111111011111111111111011
188881111111111011111111011111111111111111111111011110111011110111110111111111111111011111111111111011
188881111111111011111111011111111111111111111111011101111000101111110000111111111111011111111111110111
188881111111111011111111011111111111111111111110111011111011001111110111000011111110111111111111110111
188881111111111101111111011111111111111111111110111011111011101111101111111100011110111111111111110111
188881111111100000000000000000000011111111111110000011111011110111101111111101100000001111111111101111
188881110000011101111111101111110100001111111110111011110111110111101111111101111101110000000111101111
188881001111111101111111101111111011110011111110111011110111111011011111111011111101111111111011101111
188881101111111101111111101111111011111011111110111011110111111100111111111011111101111111111100001111
188881101111111101111111101111111011111011111110111011101111111110111111111000000011111111111111101111
188881101111111101111111101111111011111000000000011011101111111111011111110111111011111111111111111111
188881110111111101111111101111111011111111111111100000101111111111100000110111110111111111111111111111
188881111011111101111111101111111000001111111111111111011111111111011111000111110111111111111111111111
188881111101111110111111101111000011101111111111111111011111111110111111110111110111111111111111111111
188881111101111110000000000000111111101111111111111111011111111101111111111011110111111111111111111111
188881111110111111111111101111111111101111111111111110111111111101111111111101110111111111111111111111
188888111110111111111111101111111111101111111111111101111111111011111111111101101111111111111111111111
188888111110111111111111101111111111101111111111111101111100001011111111111101011111111111111111111111
188888111111011111111111101111111111101111111000000011111101110111000000000000111111111111111111111111
188888811111101111111111101111111111101111110111111001111101101111011111111110111111111111111111111111
188888811111110111111111101111111111101111001111111010001011011110111111111111011111111111111111111111
188888811111111011111111101111111111100000011111111011110111011101111111111111011111111111111111111111
188888881111111011111111101111100000001111011111111011110000000011111111111111011111111111111111111111
188888881111111011111111100000011111101111101111110111110111111000000000000000001111111111111111111111
188888881111111101111111101111111111101111110000000111110111111011111101111111011111111111111111111111
188888881111111101111111101111111111101111111111110111110111110111111101111111011111111111111111111111
188888881111111110111111101111111111101111111111110111110111110111111101111110111111111111111111111111
188888888111111111011111101111111111101111111111110111110111101111111011111110111111111111111111111111
188888888111111111011111101111111111101111111111110111110111101111110111111110111111111111111111111111
188888888111111111101111101111111111101111111111110000000000000001101111111110111111111111111111111111
188888888111111111110111101000000000001111111111110111111111111110001111111110111111111111111111111111
188888888811111111110111100111111111111111111111110111111111111111111111111101111111111111111111111111
188888888811111111110111101111111111111111111111110111111111111111111111111101111111111111111111111111
188888888881111111110111101111111111111111111111110111111111111111111111111101111111111111111111111111
188888888881111111111011110111111111111100000000000001111111111000000000000011111111111111111111111111
188888888888111111111011110111111111111101101110110110000000100111111111111011111111111111111111111111
188888888888811111111011110111111111111101101110110111111111011111111111111011111111111111111111111111
188888888888881111111011100000000000111101101110110111111111111111111111111011111111111111111111111111
188888888888888111111010011110111111011101101110110111111111111111111111111011111111111111111111111111
188888888888888811111101111110100000000000000000110111111111111111111111111011111111111111111111111111
188888888888888881111101111110011111111111111111000000000000000111111111111011111111111111111111111111
188888888888888888111110111111111000000000000000111111111111111000000000000011111111111111111111111111
188888888888888888811111011111000111111111111111111111111111111111111111111111111111111111111111111111
188888888888888888881111011000111111111111111111111111111111111111111111111111111111111111111111111111
188888888888888888888111100111111111111111111111111111111111111111111111111111111111111111111111111111
188888888888888888888811111111111111111111111111111111111111111111111111111111111111111111111111111111
144444444444444444444444444444444444444444444444444444444444444444444444444444444444444444444444444441
144444444444444444444444444444444444444444444444444444444444444444444444444444444444444444444444444441
144444444444444444444444444444444444444444444444444444444444444444444444444444444444444444444444444441
144444444444444444444444444444444444444444444444444444444444444444444444444444444444444444444444444441
144444444444444444444444444444444444444444444444444444444444444444444444444444444444444444444444444441
144444444444444444444444444444444444444444444444444444444444444444444444444444444444444444444444444441
144444444444444444444444444444444444444444444444444444444444444444444444444444444444444444444444444441
144444444444444444444444444444444444444444444444444444444444444444444444444444444444444444444444444441
144444444444444444444444444444444444444444444444444444444444444444444444444444444444444444444444444441
144444444444444444444444444444444444444444444444444444444444444444444444444444444444444444444444444441
111111111111111111111111111111111111111111111111111111111111111111111111111111111111111111111111111111