111111111111111111111111111111111111111111111111111111111111111111111111111111111111111111111111111111
111111111111111111111111111111111111111111111111111111111111111111111111111111111111111111111111111111
111111111111111111111111111111111111111111111111111111111111111111111111111111000001111111111111111111
111111111111111111111111111111111111111111111111111111111111111111111111111110011110000000000000000011
111111111111111111111111111111111111111111111111111111110011111111111111111101011111111111111111101011
111111111111111111111111111111111111111111111111111111001101111111111111110011101111111111111111011011
111111111111111111111111111111111111111111111111111110111110100000001111101111101111111111111110111011
111111111111111111111111111111111111111111111111111110111111011111110111011111110111111111111101111011
111111111111111111111111111111111111111111111111111101011111011111111010111111111011111111111011111011
111111111111111111111111111111111111111111111111111011101111011111111100111111111001111111000111111011
111111111111111111111111111111111111111111111110000011101111101111111011000001110111111110111111111011
111111111111111111111111111111111111111111111001111011101111101111110111111110000000111101111111111011
111111111111111111111111111111111111110000000101111011101111101110000111111110111111010011111111111011
111111111111111111111111111111111111001111111101111011101111100001111011111101111111101111111111111011
111111111111111111111111111111111100111111111101110111101111101111111100010011111111011111111111111011
111111111111111111111111111111110011111111111110110111101111101111111111000001111110111111111111111011
111111111111111111111111111111001111111111111110000000000000001111111100111110111101111111111111111011
111111111111111111111111111110100001111111111110110111101111100111111011111111011011111111111111111011
111111111111111111111111111101101110011111111110110111101111101011110111111111100011111111111111111011
111111111111111111111111100001101111100000000000000000001111101100001111111111110111111111111111111011
111111111111111111111111001110101111111111111111110111101111101111101111111111101111111111111111111011
111111111111111111111100101111001111111111111111110111101111101111101111111111011111111111111111111011
111111111111111111100011101111100000001111111111110111101111101111011111111110111111111111111111111011
111111111111111111011111101111101111110000000000000000000000000011011111111101111111111111111111111011
111111111111111110111111101111011111111111111111111111111111111100111111111101111111111111111000000111
111111111111110001111111101111011111111111111111111111111111111110000000111011111111111111110111111111
111111111110001111111111101111011111111111111111111111111111111110111111010111111111111110001111111111
111111111101111111111111101111011111111111111111111111111111111110111111101111111011110001111111111111
111111111011111111111111101111011111111111111111111111111111111110111111010111111000001111111111111111
111111111011111111111111100111011111111111111111111111111111111111011100111011111010101111111111111111
111111111011111111111111101000011111111111111111111111111111111111101011111101111010101111111111111111
111111111011111111111111101111011111111111111111111111111111111111110111111110111010101111111111111111
111111111101111111111111101111011111111111111111111111111111111111101111111111001010101111111111111111
111111111110111111111111101111011111111111111111111111111111111111011111111111110010101111111111111111
111111111110111111111111100000011111111111111111111111111111111110111111111111111010101111111111111111
111111111110111111111111101111011111111111111111111111111111111101011111111111100000000000111111111111
111111111111011111111111101111011111111111111111111111111111111011101111111111011111111011011111111111
111111111111011111111111101111011111111111111111111111111111111011110111111110111111111011101111111111
111111111111011111100000001111011111111111111111111111111111111011111011110001111111111011110111111111
111111111111000000011111101111011111111111111111111111111111110011111000001111111111110111111011111111
111111111111011111111111101111011000111111111111111111111111101101110110111111111111101111111101111111
111111111111011111111111101111011011000000000000000000111111011110101101111111111111101111111110111111
111111111111101111111111101111011011111111111111011111000000111111011101111111111111101111111111011111
111111111111110111111111011111011011111111111111011111101110011110111101111111111111101111111111101111
111111111111110111111111011111011011111111111111011111101101101101111101111111111111101111111111110111
111111111111111011111111011111000000000000000000011111011011110011111101111111111111101111111111111011
111111111111111011111111011111111111111111111111000000111001110111111011111111111111101111111111111011
111111111111111011111111011111111111111111111111011110110110110111110011111111111111101111111111111011
111111111111111011111111011111111111111111111111011101110111001111110100111111111111011111111111111011
111111111111111101111111011111111111111111111110111101110111110111110111000000001110111111111111111011
111111111111111000000000000000000000011111111110001011110111110111101111111011110000011111111111111011
111111111100000101111111011111110111101111111110110011101111111011011111111011111101100011111111111011
111111000011111110111111011111110111110011111110111011011111111010111111111011111011111100111111111011
111111011111111110111111011111110111111011111110111011011111111100111111111011111011111111000001110111
111111011111111110111111011111110111111011111110111011011111111110111111111000000011111111111110001111
111111011111111110111111101111110111111000000000011011011111111111011111111011110111111111111111111111
111111011111111110111111101111110111111111111111100001011111111111100000111011101111111111111111111111
111111011111111110111111101111111010001111111111111110011111111111011111000111011111111111111111111111
111111011111111110111111101111111001101111111111111111011111111111011111110111011111111111111111111111
111111011111111110000000000000000111101111111111111110111111111111011111111011011111111111111111111111
111111101111111111111111101111111111101111111111111101111111111110111111111010111111111111111111111111
111111110111111111111111101111111111101111111111111101111111111101111111111010111111111111111111111111
111111110111111111111111101111111111101111111111111011111100011011111111111100111111111111111111111111
111111110111111111111111101111111111101111111111110011111101100111000000000000111111111111111111111111
111111111011111111111111101111111111101111111110001000111011110110111111111110111111111111111111111111
111111111101111111111111101111111111101111000001110111010111101101111111111110111111111111111111111111
111111111101111111111111101111111111101110101111110111100000101101111111111111011111111111111111111111
111111111110111111111111101110000000000001101111110111110111001011111111111111101111111111111111111111
111111111110111111111111100001111111101111101111110111110111110000000000000000001111111111111111111111
111111111111011111111111101111111111101111110000000111110111111011111011111111011111111111111111111111
111111111111101111111111101111111111101111111111110111110111111011111011111111011111111111111111111111
111111111111101111111111101111111111101111111111110111110111111011111011111111011111111111111111111111
111111111111110111111111101111111111101111111111110111110111110111110111111111011111111111111111111111
111111111111110111111111101111111111101111111111110111110111101111101111111110111111111111111111111111
111111111111111011111111101111111111101111111111110000000000000001101111111110111111111111111111111111
111111111111111101111111101111111111001111111111110111111111111110001111111101111111111111111111111111
111111111111111110111111100000000000111111111111110111111111111111111111111011111111111111111111111111
111111111111111111011111101111111111111111111111110111111111111111111111111011111111111111111111111111
111111111111111111101111101111111111111111111111110111111111111111111111111011111111111111111111111111
111111111111111111110111101111111111111100000000000000011111111111111110000011111111111111111111111111
111111111111111111111011101111111111111101101110110111100000111000000001111011111111111111111111111111
111111111111111111111101101111111111111101101110110111111111000111111111111011111111111111111111111111
111111111111111111111101000000000000111101101110110111111111111111111111111011111111111111111111111111
111111111111111111111100111110111111011101101110110111111111111111111111111011111111111111111111111111
111111111111111111111101111110111110000000000000110111111111111111111111111011111111111111111111111111
111111111111111111111101111110000001111111110000000000000000000000001111111011111111111111111111111111
111111111111111111111110111111111111100000001111111111111111111111110000000011111111111111111111111111
111111111111111111111111011100000000011111111111111111111111111111111111111111111111111111111111111111
111111111111111111111111011011111111111111111111111111111111111111111111111111111111111111111111111111
111111111111111111111111100111111111111111111111111111111111111111111111111111111111111111111111111111
111111111111111111111111111111111111111111111111111111111111111111111111111111111111111111111111111111
144444444444444444444444444444444444444444444444444444444444444444444444444444444444444444444444444441
144444444444444444444444444444444444444444444444444444444444444444444444444444444444444444444444444441
144444444444444444444444444444444444444444444444444444444444444444444444444444444444444444444444444441
144444444444444444444444444444444444444444444444444444444444444444444444444444444444444444444444444441
144444444444444444444444444444444444444444444444444444444444444444444444444444444444444444444444444441
144444444444444444444444444444444444444444444444444444444444444444444444444444444444444444444444444441
144444444444444444444444444444444444444444444444444444444444444444444444444444444444444444444444444441
144444444444444444444444444444444444444444444444444444444444444444444444444444444444444444444444444441
144444444444444444444444444444444444444444444444444444444444444444444444444444444444444444444444444441
144444444444444444444444444444444444444444444444444444444444444444444444444444444444444444444444444441
111111111111111111111111111111111111111111111111111111111111111111111111111111111111111111111111111111