111111111111111111111111111111111111111111111111111111111111111111111111111111111111111111111111111111
111111111111111111111111111111111111111111111111111111111111111111111111111181111111111111111111111111
111111111111111111111111111111111111111111111111111111888888888888888888888810000000000000000011111111
111111111111111111111111111111111111111111111888888888111111111111111111111101011111111111111100000011
111111111111111111111111111111111111111111888111111111110011111111111111111011011111111111111111110011
111111111111111111111111111111111111111188111111111111101101111111111111110111101111111111111111101011
111111111111111111111111111111111111888811111111111110011110111111101111101111110111111111111110011011
111111111111111111111111111111118888111111111111111101011111000000010111011111111011111111111101111011
111111111111111111111111111888881111111111111111111101011111101111111010111111111011111111111011111011
111111111111111111111111118111111111111111111111111011101111101111111100111111110001111111100111111011
111111111111111111111111811111111111111111111111110011101111101111111011011111101111111110011111111011
111111111111111111111181111111111111111111111000001011101111101111110111100000001111111101111111111011
111111111111111111118111111111111111111000000110111011101111100000000111111110110111110011111111111011
111111111111111111181111111111111111000111111110110111101111101111111011111001111000001111111111111011
111111111111111111811111111111111100111111111110110111101111101111111101110111111111011111111111111011
111111111111111181111111111111110011111111111110110111101111101111111110001111111111011111111111111011
111111111111111811111111111100000001111111111110000000000000001111111110010011111110111111111111111011
111111111111118111111111111011101110111111111110110111101111100011111001111101111101111111111111111011
111111111111811111111111110111101111001111111110110111101111101100110111111110000011111111111111111011
111111111118111111111110000011101111110000000000000000001111101111001111111111110111111111111111111011
111111111181111111111101101101101111111111111111110111101111101111101111111111101111111111111111111011
111111111811111111110011101110001111111111111111110111101111101111011111111111011111111111111111111011
111111118111111111101111101111101111111111111111110111101111101110111111111110111111111111111111111011
111111118111111100011111101111100000000000000000000000000000000000111111111101111111111111111110000011
111111118111110011111111101111101111111111111111111111111111111110000111111101111111111111111001111111
111111118111101111111111101111101111111111111111111111111111111110111011111011111111111111110111111111
111111181111011111111111101111101111111111111111111111111111111110111101110111111111111111001111111111
111111181100111111111111101111101111111111111111111111111111111110111110001111111011110000111111111111
111111181011111111111111101111011111111111111111111111111111111110111111010111111000001111111111111111
111111811011111111111111101111011111111111111111111111111111111111011100111011111010101111111111111111
111111811011111111111111100000011111111111111111111111111111111111101011111101111010101111111111111111
111111811011111111111111101111011111111111111111111111111111111111110111111110011010101111111111111111
111111811011111111111111101111011111111111111111111111111111111111101111111111101010101111111111111111
111118111101111111111111101111011111111111111111111111111111111111011111111111110010101111111111111111
111118111101111111111111100001011111111111111111111111111111111110011111111111111000101111111111111111
111118111110111111111111101110011111111111111111111111111111111101101111111111110000000001111111111111
111181111110111111111111101111011111111111111111111111111111111101110111111111001111111100111111111111
111181111111011111111111101111011111111111111111111111111111111011111011111100111111111011011111111111
111181111111000000000000001111011111111111111111111111111111110111111101110011111111111011101111111111
111181111111011111111111101111011111111111111111111111111111110011111110001111111111110111110111111111
111181111111011111111111101111011000000111111111111111111111101101111101111111111111101111111011111111
111181111111011111111111101111011011111000000000000011111111011110111001111111111111011111111101111111
111181111111011111111111011111011011111111111111011100000000111111000101111111111111011111111110111111
111181111111011111111111011111011011111111111111011111101110001110111011111111111111011111111111011111
111181111111101111111111011111011011111111111111011111011110110101111011111111111111011111111111101111
111181111111101111111111011111000000000000000000000110111101111011111011111111111110111111111111110011
111181111111110111111111011111111111111111111110111000111001110111111011111111111110111111111111110111
111181111111110111111111011111111111111111111110111110111010110111110001111111111101111111111111110111
111181111111111011111111011111111111111111111110111110111011001111110110011111111101111111111111110111
111181111111111101111111011111111111111111111110111101110111110111101111100000011101111111111111110111
111181111000000000000000000000000111111111111110111011110111111011101111111011100001111111111111110111
111181100111111101111111011111110011111111111110000011110111111101101111111011111100011111111111101111
111181011111111101111111101111110100000011111110111011110111111101011111111011111101100001111111101111
111181101111111101111111101111110111111011111110111011110111111100111111111011111101111110111111101111
111181110111111101111111101111110111111011111110111011110111111110111111111000000011111111000000001111
111181110111111101111111101111110111111000000000010111101111111111011111110111110111111111111111111111
111181111011111101111111101111110111111111111111100001011111111111100111110111101111111111111111111111
111181111011111101111111101111110100001111111111111110011111111111101000000111101111111111111111111111
111181111011111110111111100000000011101111111111111111011111111111011111111011101111111111111111111111
111181111101111110000000001111111111101111111111111111011111111110111111111101101111111111111111111111
111181111101111111111111101111111111101111111111111111011111111110111111111101101111111111111111111111
111118111101111111111111101111111111101111111111111110111111111101111111111101011111111111111111111111
111118111101111111111111101111111111101111111111111101111101111011111111111110111111111111111111111111
111118111110111111111111101111111111101111110000000011111010000111000000000000111111111111111111111111
111111811110111111111111101111111111101111101111111001110111110111011111111111011111111111111111111111
111111811111011111111111101111111111101100011111111010010111110111011111111111101111111111111111111111
111111811111101111111111101111111111100011101111111011100001101110111111111111101111111111111111111111
111111181111110111111111101111111111101111101111111011110110011101111111111111101111111111111111111111
111111181111111011111111100000000000001111110111110111110111100000000000000000001111111111111111111111
111111181111111011111111101111111111101111110000000111110111111011111101111111101111111111111111111111
111111181111111101111111101111111111101111111111110111110111111011111011111111101111111111111111111111
111111181111111101111111101111111111101111111111110111110111110111110111111111011111111111111111111111
111111118111111110111111101111111111101111111111110111110111101111110111111111011111111111111111111111
111111118111111111011111101111111111101111111111110111110111011111110111111110111111111111111111111111
111111118111111111101111101111111111101111111111110000000000000000001111111101111111111111111111111111
111111118111111111110111101111111111101111111111110111111111111111101111111101111111111111111111111111
111111111811111111111011100000000000011111111111110111111111111111111111111101111111111111111111111111
111111111811111111111011101111111111111111111111110111111111111111111111111101111111111111111111111111
111111111181111111111011101111111111111111111111110111111111111111111111111011111111111111111111111111
111111111181111111111101101111111111111100000000000000000011111111111111110011111111111111111111111111
111111111118111111111101110111111111111101101110110111111100111111111100001011111111111111111111111111
111111111111811111111101110111111111111101101110110111111111000000000011111011111111111111111111111111
111111111111181111111101100000000000111101101110110111111111111111111111111011111111111111111111111111
111111111111118111111100011110111110111101101110110111111111111111111111111011111111111111111111111111
111111111111111811111101111110000000000000000000110111111111111111111111111011111111111111111111111111
111111111111111181111110111110111111111111111110000000000000000000011111111011111111111111111111111111
111111111111111118111111011111111111100000000001111111111111111111100000000011111111111111111111111111
111111111111111111811111101110000000011111111111111111111111111111111111111111111111111111111111111111
111111111111111111181111101001111111111111111111111111111111111111111111111111111111111111111111111111
111111111111111111118111100111111111111111111111111111111111111111111111111111111111111111111111111111
111111111111111111111811111111111111111111111111111111111111111111111111111111111111111111111111111111
144444444444444444444444444444444444444444444444444444444444444444444444444444444444444444444444444441
144444444444444444444444444444444444444444444444444444444444444444444444444444444444444444444444444441
144444444444444444444444444444444444444444444444444444444444444444444444444444444444444444444444444441
144444444444444444444444444444444444444444444444444444444444444444444444444444444444444444444444444441
144444444444444444444444444444444444444444444444444444444444444444444444444444444444444444444444444441
144444444444444444444444444444444444444444444444444444444444444444444444444444444444444444444444444441
144444444444444444444444444444444444444444444444444444444444444444444444444444444444444444444444444441
144444444444444444444444444444444444444444444444444444444444444444444444444444444444444444444444444441
144444444444444444444444444444444444444444444444444444444444444444444444444444444444444444444444444441
144444444444444444444444444444444444444444444444444444444444444444444444444444444444444444444444444441
111111111111111111111111111111111111111111111111111111111111111111111111111111111111111111111111111111