111111111111111111111111111111111111111111111111111111111111111111111111111111111111111111111111111111
111111111111111111111111111111111118888888888888888888888888888888888888888881111111111111111111111111
111111111111111111111111118888888888888888888888888888888888888888888888888811000000000000000001111111
111111111111111111118888888888888888888888888888888888111111111111111111111110011111111111111110000011
111111111111111188888888888888888888888888888111111111111011111111111111111101011111111111111111110011
111111111111888888888888888888888888888888111111111111110101111111111111111011101111111111111111101011
111111111118888888888888888888888888888811111111111110001110111100001111110111101111111111111111011011
111111111888888888888888888888888888111111111111111101011111000011110111101111110111111111111110111011
111111188888888888888888888888881111111111111111111101101111011111111011011111111011111111111001111011
111111888888888888888888888111111111111111111111111101101111101111111100111111111101111111110111111011
111118888888888888888888811111111111111111111110000011101111101111111010111111110011111111101111111011
111118888888888888888881111111111111111111110001111011101111101111110111000000001111111000011111111011
111188888888888888888111111111111111111000001101111011101111101000000111111110110000010111111111111011
111188888888888888881111111111111111110111111101110111101111100111111011111101111111101111111111111011
111188888888888888811111111111111111001111111110110111101111101111111100011011111111011111111111111011
111888888888888881111111111111111110111111111110110111101111101111111111100000111110111111111111111011
111888888888888811111111111111100001111111111110000000000000001111111110011111001110111111111111111011
118888888888888111111111111100000111111111111110110111101111100111111001111111110101111111111111111011
118888888888811111111111111011101000001111111110110111101111101011110111111111111011111111111111111011
118888888888111111111110000111101111110000000000000000001111101100001111111111110111111111111111111011
188888888881111111111101100011101111111111111111110111101111101111101111111111101111111111111111111011
188888888811111111111011101100101111111111111111110111101111101111011111111111011111111111111111111011
188888888111111111000111101111000001111111111111110111101111101111011111111110111111111111111111111011
188888888111111110111111101111101110000000000000000000000000000010111111111101111111111111111111100011
188888888111111101111111101111101111111111111111111111111111111100011111111101111111111111111000011111
188888888111111011111111101111101111111111111111111111111111111110100000111011111111111110000111111111
188888881111100111111111101111101111111111111111111111111111111110111111010111111111111101111111111111
188888881110011111111111101111101111111111111111111111111111111110111111100111111001111011111111111111
188888881001111111111111101111101111111111111111111111111111111110111110011011111010000111111111111111
188888811011111111111111100000011111111111111111111111111111111111011101111101111010101111111111111111
188888811011111111111111101111011111111111111111111111111111111111101011111110111010101111111111111111
188888811011111111111111101111011111111111111111111111111111111111110111111111011010101111111111111111
188888811011111111111111101111011111111111111111111111111111111111101111111111101010101111111111111111
188888111101111111111111101111011111111111111111111111111111111111011111111111110010101111111111111111
188888111101111111111111100001011111111111111111111111111111111110011111111111111000101111111111111111
188888111101111111111111101110011111111111111111111111111111111110101111111111111100000001111111111111
188881111110111111111111101111011111111111111111111111111111111101110111111110000011111100011111111111
188881111111011111111111101111011111111111111111111111111111111101111011111001111111111011101111111111
188881111111011100000000001111011111111111111111111111111111111011111101110111111111111011110111111111
188881111111000011111111101111011111111111111111111111111111110111111110001111111111111011111011111111
188881111111101111111111101111011011111111111111111111111111101011111101111111111111111011111101111111
188881111111101111111111011111011000000000000000000111111111011101110011111111111111110111111110111111
188881111111110111111111011111011011111111111111011000000000111110001011111111111111101111111111011111
188881111111111011111111011111011011111111111111011111101101011110111011111111111111011111111111101111
188881111111111011111111011111011011111111111111011111101101101101111011111111111111011111111111110111
188881111111111011111111011111000000000000000000000011011101110011110111111111111110111111111111111011
188881111111111011111111011111111111111111111111011100111001111011110111111111111110111111111111111011
188881111111111101111111011111111111111111111110111101111010110111110000011111111110111111111111111011
188881111111111101111111011111111111111111111110111101111011001111101111100111111101111111111111111011
188881111111111101111111011111111111111111111110111011111011110111101111111001111101111111111111110111
188881111110000000000000000000000000111111111110000011111011111011011111111100000000001111111111110111
188881100001111101111111011111110111000111111110111011111011111010111111111011111101110000011111110111
188881011111111101111111011111111011111011111110111011110111111100111111111011111011111111100011101111
188881101111111101111111011111111011111011111110111011101111111100111111111011111011111111111100001111
188881110111111110111111101111111011111011111110110111101111111110111111111000000011111111111111101111
188881110111111110111111101111111011111000000000010111101111111111011111111011111011111111111111111111
188881111011111110111111101111111011111111111111100000101111111111100000011011111011111111111111111111
188881111101111110111111101111111011101111111111111111011111111111011111100111110111111111111111111111
188881111110111110111111100000000000001111111111111110111111111111011111111011110111111111111111111111
188881111111011110000000001111111111101111111111111101111111111111011111111011110111111111111111111111
188881111111011111111111101111111111101111111111111101111111111110111111111101101111111111111111111111
188888111111101111111111101111111111101111111111111011111111111101111111111101011111111111111111111111
188888111111101111111111101111111111101111111111111011111100001011111111111100111111111111111111111111
188888111111101111111111101111111111101111111111110011111101110111000000000000111111111111111111111111
188888811111110111111111101111111111101111100000000100111011110110111111111110111111111111111111111111
188888811111110111111111101111111111101111011111110111001011101101111111111110111111111111111111111111
188888811111111011111111101111111111101100011111110111110011101011111111111111011111111111111111111111
188888881111111011111111101111100000000011101111110111110100011011111111111111101111111111111111111111
188888881111111101111111100000011111101111101111110111110111100000000000000000001111111111111111111111
188888881111111110111111101111111111101111110000000111110111111011111011111111011111111111111111111111
188888881111111111011111101111111111101111111111110111110111110111111011111111011111111111111111111111
188888881111111111011111101111111111101111111111110111110111110111111011111110111111111111111111111111
188888888111111111011111101111111111101111111111110111110111110111110111111101111111111111111111111111
188888888111111111011111101111111111101111111111110111110111101111101111111101111111111111111111111111
188888888111111111011111101111111111101111111111110000000000000111101111111101111111111111111111111111
188888888111111111011111101111111111101111111111110111111111111000001111111011111111111111111111111111
188888888811111111101111100000000000011111111111110111111111111111111111111011111111111111111111111111
188888888811111111101111101111111111111111111111110111111111111111111111111011111111111111111111111111
188888888881111111110111101111111111111111111111110111111111111111111111111011111111111111111111111111
188888888881111111110111101111111111111100000000000000011111111000000000000011111111111111111111111111
188888888888111111110111101111111111111101101110110111100000110111111111111011111111111111111111111111
188888888888811111111011110111111111111101101110110111111111001111111111111011111111111111111111111111
188888888888881111111011100000000000111101101110110111111111111111111111111011111111111111111111111111
188888888888888111111011011110111111011101101110110111111111111111111111111011111111111111111111111111
188888888888888811111100111110111111000000000000110111111111111111111111111011111111111111111111111111
188888888888888881111101111110000000111111111100000000000000011111111111111011111111111111111111111111
188888888888888888111110111111111111000000000011111111111111100000000000000011111111111111111111111111
188888888888888888811111011111111100111111111111111111111111111111111111111111111111111111111111111111
188888888888888888881111011110000011111111111111111111111111111111111111111111111111111111111111111111
188888888888888888888111100001111111111111111111111111111111111111111111111111111111111111111111111111
188888888888888888888811111111111111111111111111111111111111111111111111111111111111111111111111111111
144444444444444444444444444444444444444444444444444444444444444444444444444444444444444444444444444441
144444444444444444444444444444444444444444444444444444444444444444444444444444444444444444444444444441
144444444444444444444444444444444444444444444444444444444444444444444444444444444444444444444444444441
144444444444444444444444444444444444444444444444444444444444444444444444444444444444444444444444444441
144444444444444444444444444444444444444444444444444444444444444444444444444444444444444444444444444441
144444444444444444444444444444444444444444444444444444444444444444444444444444444444444444444444444441
144444444444444444444444444444444444444444444444444444444444444444444444444444444444444444444444444441
144444444444444444444444444444444444444444444444444444444444444444444444444444444444444444444444444441
144444444444444444444444444444444444444444444444444444444444444444444444444444444444444444444444444441
144444444444444444444444444444444444444444444444444444444444444444444444444444444444444444444444444441
111111111111111111111111111111111111111111111111111111111111111111111111111111111111111111111111111111