111111111111111111111111111111111111111111111111111111111111111111111111111111111111111111111111111111
111111111111111111111111111111111111111111111111111111111111111111111111111181111111111111111111111111
111111111111111111111111111111111111111111111111111111888888888888888888888811000000000000001111111111
111111111111111111111111111111111111111111111888888888111111111111111111111110101111111111110000000011
111111111111111111111111111111111111111111888111111111111011111111111111111101110111111111111111110011
111111111111111111111111111111111111111188111111111111100101111111111111111011110111111111111111101011
111111111111111111111111111111111111888811111111111110011110110000001111100111111011111111111111011011
111111111111111111111111111111118888111111111111111110011111001111110111011111111101111111111100111011
111111111111111111111111111888881111111111111111111101011111011111111010111111111101111111111011111011
111111111111111111111111118111111111111111111111111101101111011111111100011111111001111111100111111011
111111111111111111111111811111111111111111111111000011101111101111111011100000100111111111011111111011
111111111111111111111181111111111111111100000000111011101111101111110111111111011111111110111111111011
111111111111111111118111111111111111100011111110111011101111100000001111111110100000011001111111111011
111111111111111111181111111111111111011111111110110111101111101111110001111001111111100111111111111011
111111111111111111811111111111111110111111111110110111101111101111111110110111111111011111111111111011
111111111111111181111111111111111101111111111110110111101111101111111111000011111110111111111111111011
111111111111111811111111111111100011111111111110000000000000001111111100111101111110111111111111111011
111111111111118111111111111110000011111111111110110111101111100011111011111110001101111111111111111011
111111111111811111111111111001101100011111111110110111101111101100110111111111110011111111111111111011
111111111118111111111110000111101111100000000000000000001111101111001111111111110111111111111111111011
111111111181111111111001100001101111111111111111110111101111101111011111111111101111111111111111111011
111111111811111111110111101110101111111111111111110111101111101111011111111111011111111111111111111011
111111118111111111101111101111000000000000111111110111101111101111011111111110111111111111111111111011
111111118111111110011111101111101111111111000000000000000000000001011111111101111111111111111111111011
111111118111111101111111101111101111111111111111111111111111111110011111111101111111111111111110000111
111111118111111011111111101111101111111111111111111111111111111110100011111011111111111111111101111111
111111181111110111111111101111101111111111111111111111111111111110111100010111111111111000000011111111
111111181100001111111111101111101111111111111111111111111111111110111111101111111011110111111111111111
111111181011111111111111101111011111111111111111111111111111111110111111010111111000001111111111111111
111111811011111111111111101111011111111111111111111111111111111111011110111011111010101111111111111111
111111811011111111111111100000011111111111111111111111111111111111101001111100111010101111111111111111
111111811101111111111111101111011111111111111111111111111111111111110111111111011010101111111111111111
111111811110111111111111101111011111111111111111111111111111111111101111111111101010101111111111111111
111118111110111111111111101111011111111111111111111111111111111111011111111111110010101111111111111111
111118111110111111111111100111011111111111111111111111111111111110111111111111111000101111111111111111
111118111110111111111111101000011111111111111111111111111111111101011111111111111000000001111111111111
111181111110111111111111101111011111111111111111111111111111111011101111111110000111111010111111111111
111181111110111111111111101111011111111111111111111111111111111011110011111101111111111011011111111111
111181111110111111110000001111011111111111111111111111111111111011111101100011111111111011101111111111
111181111111000000001111101111011111111111111111111111111111110111111110011111111111111011110111111111
111181111111011111111111101111011000001111111111111111111111101011111001111111111111111011111011111111
111181111111011111111111101111011011110000000000001111111111011101110101111111111111111011111101111111
111181111111011111111111101111011011111111111111010000000000111110001101111111111111110111111110011111
111181111111101111111111101111011011111111111111011111101110011110111011111111111111110111111111101111
111181111111101111111111101111011011111111111111011111101101100101111011111111111111110111111111110111
111181111111101111111111101111000000000000000000000011011101111011111011111111111111110111111111111011
111181111111101111111111101111111111111111111110111100111001111011110111111111111111110111111111111011
111181111111101111111111101111111111111111111110111110111010010111110000011111111111101111111111111011
111181111111110111111111011111111111111111111110111101111011101111110111100111111111011111111111110111
111181111111111011111111011111111111111111111110111101111011101111101111111000111110111111111111110111
111181111111111000000000000000000001111111111110001101110111110111101111111101000000000111111111110111
111181111111100101111111101111110110011111111110110011110111111011101111111011111101111011111111101111
111181000000011101111111101111111011100011111110111011101111111011011111111011111101111100111111101111
111181101111111101111111101111111011111011111110110111101111111101011111111011111011111111000001101111
111181110111111101111111101111111011111011111110110111101111111110111111111000000011111111111110001111
111181111011111101111111101111111011111000000000010111011111111111011111111011110111111111111111111111
111181111101111110111111101111111011111111111111100011011111111111100000111011101111111111111111111111
111181111110111110111111101111111000001111111111111100011111111111101111000111101111111111111111111111
111181111111011110111111101111000011101111111111111110111111111111101111111011101111111111111111111111
111181111111101110000000000000111111101111111111111101111111111111011111111101101111111111111111111111
111181111111110111111111101111111111101111111111111101111111111110111111111101101111111111111111111111
111118111111110111111111101111111111101111111111111101111111111101111111111110011111111111111111111111
111118111111110111111111101111111111101111111111111011111100111011111111111110011111111111111111111111
111118111111111011111111101111111111101111111111111000111011000111000000000000111111111111111111111111
111111811111111011111111101111111111101111110000000011011011110110111111111111011111111111111111111111
111111811111111011111111101111111111101100001111111011100111101110111111111111101111111111111111111111
111111811111111011111111101111111111100011101111111011110000011110111111111111101111111111111111111111
111111181111111101111111101111110000001111101111111011110111000101111111111111101111111111111111111111
111111181111111101111111100000001111101111110111111011110111111000000000000000001111111111111111111111
111111181111111110111111101111111111101111110000000111110111110111111011111111011111111111111111111111
111111181111111110111111101111111111101111111111110111110111110111111011111111011111111111111111111111
111111181111111111011111101111111111101111111111110111110111110111110111111110111111111111111111111111
111111118111111111011111101111111111101111111111110111110111101111110111111110111111111111111111111111
111111118111111111101111101111111111101111111111110111110111011111110111111110111111111111111111111111
111111118111111111101111101111111111101111111111110000000000011111110111111101111111111111111111111111
111111118111111111101111101111100000001111111111110111111111100000001111111101111111111111111111111111
111111111811111111110111100000011111111111111111110111111111111111111111111101111111111111111111111111
111111111811111111110111101111111111111111111111110111111111111111111111111011111111111111111111111111
111111111181111111110111101111111111111111111111110111111111111111111111111011111111111111111111111111
111111111181111111110111101111111111111100000000000011111111111111111111111011111111111111111111111111
111111111118111111110111101111111111111101101110110100001111111111111000000011111111111111111111111111
111111111111811111110111101111111111111101101110110111110000000000000111111011111111111111111111111111
111111111111181111111011110000000000111101101110110111111111111111111111111011111111111111111111111111
111111111111118111111101101110111110111101101110110111111111111111111111111011111111111111111111111111
111111111111111811111100011110111000000000000000110111111111111111111111111011111111111111111111111111
111111111111111181111110111110000111111100000000000000000000000000000000001011111111111111111111111111
111111111111111118111110111111111000000011111111111111111111111111111111110011111111111111111111111111
111111111111111111811111011110000111111111111111111111111111111111111111111111111111111111111111111111
111111111111111111181111010001111111111111111111111111111111111111111111111111111111111111111111111111
111111111111111111118111101111111111111111111111111111111111111111111111111111111111111111111111111111
111111111111111111111811111111111111111111111111111111111111111111111111111111111111111111111111111111
144444444444444444444444444444444444444444444444444444444444444444444444444444444444444444444444444441
144444444444444444444444444444444444444444444444444444444444444444444444444444444444444444444444444441
144444444444444444444444444444444444444444444444444444444444444444444444444444444444444444444444444441
144444444444444444444444444444444444444444444444444444444444444444444444444444444444444444444444444441
144444444444444444444444444444444444444444444444444444444444444444444444444444444444444444444444444441
144444444444444444444444444444444444444444444444444444444444444444444444444444444444444444444444444441
144444444444444444444444444444444444444444444444444444444444444444444444444444444444444444444444444441
144444444444444444444444444444444444444444444444444444444444444444444444444444444444444444444444444441
144444444444444444444444444444444444444444444444444444444444444444444444444444444444444444444444444441
144444444444444444444444444444444444444444444444444444444444444444444444444444444444444444444444444441
111111111111111111111111111111111111111111111111111111111111111111111111111111111111111111111111111111