111111111111111111111111111111111111111111111111111111111111111111111111111111111111111111111111111111
111111111111111111111111111111111118888888888888888888888888888888888888888881111111111111111111111111
111111111111111111111111118888888888888888888888888888888888888888888888888811011111111111111111111111
111111111111111111118888888888888888888888888888888888111111111111111111111110100000000000000000000011
111111111111111188888888888888888888888888888111111111110011111111111111111101101111111111111111110011
111111111111888888888888888888888888888888111111111111101101111111111111111011101111111111111111001011
111111111118888888888888888888888888888811111111111110011110111111101111100111110111111111111110111011
111111111888888888888888888888888888111111111111111100111111000000010111011111111011111111111101111011
111111188888888888888888888888881111111111111111111101011111011111111010111111111101111111111011111011
111111888888888888888888888111111111111111111111111101101111011111111101111111110001111111100111111011
111118888888888888888888811111111111111111111110000011101111011111111010011111101111111110011111111011
111118888888888888888881111111111111111111000001110111101111011111110111100000000011111001111111111011
111188888888888888888111111111111111111000111110110111101111011111101111111101111101110111111111111011
111188888888888888881111111111111111000111111110110111101111100000010111111011111110001111111111111011
111188888888888888811111111111111110111111111110110111101111101111111001110111111111011111111111111011
111888888888888881111111111111110001111111111110110111101111101111111110000001111110111111111111111011
111888888888888811111111111111100111111111111110000000000000001111111101111110011101111111111111111011
118888888888888111111111111110001011111111111110110111101111100011111011111111101011111111111111111011
118888888888811111111111110001101100011111111110110111101111101100010111111111110011111111111111111011
118888888888111111111111000011101111100000000000000000001111101111101111111111110111111111111111111011
188888888881111111111100101101101111111111111111110111101111101111101111111111101111111111111111111011
188888888811111111111011101110001111111111111111110111101111101111101111111111011111111111111111111011
188888888111111111110111101111100000011111111111110111101111101111101111111110111111111111111111111011
188888888111111111001111101111101111100000000000000000000000001111011111111101111111111111111111110011
188888888111111110111111101111101111111111111111111111111111110000011111111011111111111111111110001111
188888888111111101111111101111011111111111111111111111111111111110100001111011111111111111111001111111
188888881111000011111111101111011111111111111111111111111111111110111110110111111111111111110111111111
188888881100111111111111101111011111111111111111111111111111111110111111001111111001111110001111111111
188888881011111111111111101111011111111111111111111111111111111110111110110111111010000001111111111111
188888811011111111111111100011011111111111111111111111111111111111011101111011111010101111111111111111
188888811011111111111111101100011111111111111111111111111111111111101011111100111010101111111111111111
188888811011111111111111101111011111111111111111111111111111111111110111111111011010101111111111111111
188888811101111111111111101111011111111111111111111111111111111111101111111111101010101111111111111111
188888111101111111111111101111011111111111111111111111111111111111011111111111110010101111111111111111
188888111101111111111111100001011111111111111111111111111111111110111111111111111010101111111111111111
188888111101111111111111101110011111111111111111111111111111111101011111111111111100000001111111111111
188881111110111111111111101111011111111111111111111111111111111011101111111111100011111100011111111111
188881111110111111111111101111011111111111111111111111111111111011110011111111011111111011101111111111
188881111110111110000000001111011111111111111111111111111111110111111101111100111111111011110111111111
188881111111000001111111101111011111111111111111111111111111110011111100000011111111111011111011111111
188881111111101111111111101111011001111111111111111111111111101101111010111111111111110111111101111111
188881111111110111111111101111011010000000000000000000111111011110110110111111111111110111111110111111
188881111111110111111111101111011011111111111111011111000000111111001110111111111111101111111111011111
188881111111110111111111101111011011111111111111011111101110011110111101111111111111101111111111101111
188881111111111011111111101111011011111111111111011111101101100101111011111111111111011111111111110111
188881111111111011111111101111000000000000000000011111011101111011111011111111111110111111111111111011
188881111111111011111111101111111111111111111110100000111011111011111011111111111110111111111111111011
188881111111111011111111101111111111111111111110111101111000110111110000111111111110111111111111111011
188881111111111011111111101111111111111111111110111101110111001111110111001111111101111111111111110111
188881111111111101111111101111111111111111111110111101110111110111101111110001111101111111111111110111
188881111111110000000000000000000000001111111110011101110111111011011111111100000000011111111111110111
188881111111101101111111011111110111110111111110100011101111111100111111111101111101100111111111110111
188881000000011101111111101111110111111011111110111011101111111110111111111011111101111000000011110111
188881101111111110111111101111110111111011111110110111101111111110111111111011111011111111111100110111
188881101111111110111111101111110111111011111110110111101111111110111111111000000011111111111111001111
188881110111111110111111101111110111111000000000010111101111111111011111111011110111111111111111111111
188881110111111110111111101111110111111111111111100011101111111111100011110111110111111111111111111111
188881110111111110111111101111111000001111111111111100011111111111011100000111110111111111111111111111
188881110111111110111111101111000011101111111111111110111111111110111111111011101111111111111111111111
188881111011111110000000000000111111101111111111111101111111111101111111111011101111111111111111111111
188881111011111111111111101111111111101111111111111101111111111011111111111101101111111111111111111111
188888111011111111111111101111111111101111111111111011111111110111111111111101011111111111111111111111
188888111101111111111111101111111111101111111111111011111100010111111111111110111111111111111111111111
188888111101111111111111101111111111101111111111100001111011100111000000000000111111111111111111111111
188888811110111111111111101111111111101111111111011010110111101111011111111110111111111111111111111111
188888811110111111111111101111111111101100000000111011010111011110111111111111011111111111111111111111
188888811111011111111111101111111111100011101111111011100011011101111111111111011111111111111111111111
188888881111101111111111101100000000001111101111110111110100000011111111111111101111111111111111111111
188888881111110111111111100011111111101111110111110111110111111000000000000000001111111111111111111111
188888881111110111111111101111111111101111110000000111110111111011111101111111101111111111111111111111
188888881111110111111111101111111111101111111111110111110111110111111011111111011111111111111111111111
188888881111110111111111101111111111101111111111110111110111101111111011111110111111111111111111111111
188888888111111011111111101111111111101111111111110111110111011111110111111110111111111111111111111111
188888888111111011111111101111111111101111111111110111110111011111110111111110111111111111111111111111
188888888111111101111111101111111111101111111111110000000000001111110111111110111111111111111111111111
188888888111111110111111101100000000001111111111110111111111110000001111111101111111111111111111111111
188888888811111111011111100011111111111111111111110111111111111111111111111011111111111111111111111111
188888888811111111101111110111111111111111111111110111111111111111111111111011111111111111111111111111
188888888881111111110111110111111111111111111111110111111111111111111111111011111111111111111111111111
188888888881111111111011110111111111111100000000000000001111111111111110000011111111111111111111111111
188888888888111111111011110111111111111101101110110111110011111100000001111011111111111111111111111111
188888888888811111111011110111111111111101101110110111111100000011111111111011111111111111111111111111
188888888888881111111011100000000000111101101110110111111111111111111111111011111111111111111111111111
188888888888888111111100011110111111011101101110110111111111111111111111111011111111111111111111111111
188888888888888811111101111110110000000000000000110111111111111111111111111011111111111111111111111111
188888888888888881111101111110001111111111100000000000000011111111111111111011111111111111111111111111
188888888888888888111101111111111111111000011111111111111100000000000000000011111111111111111111111111
188888888888888888811110111111111100000111111111111111111111111111111111111111111111111111111111111111
188888888888888888881111011110000011111111111111111111111111111111111111111111111111111111111111111111
188888888888888888888111100001111111111111111111111111111111111111111111111111111111111111111111111111
188888888888888888888811111111111111111111111111111111111111111111111111111111111111111111111111111111
144444444444444444444444444444444444444444444444444444444444444444444444444444444444444444444444444441
144444444444444444444444444444444444444444444444444444444444444444444444444444444444444444444444444441
144444444444444444444444444444444444444444444444444444444444444444444444444444444444444444444444444441
144444444444444444444444444444444444444444444444444444444444444444444444444444444444444444444444444441
144444444444444444444444444444444444444444444444444444444444444444444444444444444444444444444444444441
144444444444444444444444444444444444444444444444444444444444444444444444444444444444444444444444444441
144444444444444444444444444444444444444444444444444444444444444444444444444444444444444444444444444441
144444444444444444444444444444444444444444444444444444444444444444444444444444444444444444444444444441
144444444444444444444444444444444444444444444444444444444444444444444444444444444444444444444444444441
144444444444444444444444444444444444444444444444444444444444444444444444444444444444444444444444444441
111111111111111111111111111111111111111111111111111111111111111111111111111111111111111111111111111111