111111111111111111111111111111111111111111111111111111111111111111111111111111111111111111111111111111
111111111111111111111111111111111111111111111111111111111111111111111111111111111111111111111111111111
111111111111111111111111111111111111111111111111111111111111111111111111111111000000000000000000001111
111111111111111111111111111111111111111111111111111111111111111111111111111100101111111111111111110011
111111111111111111111111111111111111111111111111111111110011111111111111111011110111111111111111110011
111111111111111111111111111111111111111111111111111111101101111111111111110111110111111111111111001011
111111111111111111111111111111111111111111111111111110011110111000001111101111110111111111111110111011
111111111111111111111111111111111111111111111111111101011111000111110111011111111011111111111101111011
111111111111111111111111111111111111111111111111111101011111011111111010111111111101111111111011111011
111111111111111111111111111111111111111111111111111011101111101111111101111111111101111111110111111011
111111111111111111111111111111111111111111111111111011101111101111111010000001110011111111101111111011
111111111111111111111111111111111111111111100000000011101111101111110111111110001111111110011111111011
111111111111111111111111111111111111100000011101110111101111101100000111111100100011110001111111111011
111111111111111111111111111111111111011111111101110111101111100011111011111011111100001111111111111011
111111111111111111111111111111111100111111111101110111101111101111111101110111111111011111111111111011
111111111111111111111111111111111011111111111110110111101111101111111110000111111110111111111111111011
111111111111111111111111111110000111111111111110000000000000001111111101111011111110111111111111111011
111111111111111111111111111101100001111111111110110111101111100000111011111101111101111111111111111011
111111111111111111111111111011101110111111111110110111101111101111010111111110000011111111111111111011
111111111111111111111111100011101111000000000000000000001111101111101111111111110111111111111111111011
111111111111111111111110001101101111111111111111110111101111101111101111111111101111111111111111111011
111111111111111111111001101110001111111111111111110111101111101111011111111111011111111111111111111011
111111111111111111110111101111100000000000000001110111101111101111011111111110111111111111111111111011
111111111111111111101111101111101111111111111110000000000000000011011111111101111111111111111000000011
111111111111111111011111101111101111111111111111111111111111111100111111111101111111111111110111111111
111111111111111110111111101111101111111111111111111111111111111110001111111011111111111111101111111111
111111111111000001111111101111101111111111111111111111111111111110110001110111111111111100011111111111
111111111100111111111111101111101111111111111111111111111111111110111110001111111001111011111111111111
111111111011111111111111101111101111111111111111111111111111111110111111010111111010000111111111111111
111111111011111111111111100111011111111111111111111111111111111111011110111011111010101111111111111111
111111111011111111111111101000011111111111111111111111111111111111101001111101111010101111111111111111
111111111011111111111111101111011111111111111111111111111111111111110111111110111010101111111111111111
111111111101111111111111101111011111111111111111111111111111111111101111111111011010101111111111111111
111111111101111111111111101111011111111111111111111111111111111111011111111111101010101111111111111111
111111111101111111111111100111011111111111111111111111111111111110111111111111110000101111111111111111
111111111101111111111111101000011111111111111111111111111111111110011111111111111110000001111111111111
111111111101111111111111101111011111111111111111111111111111111110101111111111111101111010111111111111
111111111101111111111111101111011111111111111111111111111111111101110011111111110011111011011111111111
111111111110111111111100001111011111111111111111111111111111111011111101111100001111111011100111111111
111111111111000000000011101111011111111111111111111111111111110111111110000011111111110111111011111111
111111111111101111111111011111011000000000000111111111111111101011111100111111111111101111111101111111
111111111111101111111111011111011011111111111000001111111111011100111001111111111111011111111110111111
111111111111110111111111011111011011111111111111010000000000111111000011111111111111011111111111011111
111111111111110111111111011111011011111111111111011111101110001110111011111111111111011111111111101111
111111111111110111111111011111011011111111111111011111011101110101110111111111111111011111111111110111
111111111111110111111111011111000000000000000000000010111011111011110111111111111111011111111111111011
111111111111110111111111011111111111111111111111011100111011110111110111111111111111011111111111110111
111111111111111011111111011111111111111111111111011110111001101111110000001111111110111111111111110111
111111111111111011111111011111111111111111111111011110111010001111101111110111111110111111111111110111
111111111111111011111111011111111111111111111111011101110111101111101111111001111101111111111111101111
111111111111111100000000000000000001111111111110011011110111110111101111111100000000000111111111101111
111111111111110001111111011111110110001111111110100011110111111011011111111101111101111000001111101111
111111000000001110111111011111110111110011111110111011110111111011011111111101111011111111110001101111
111111011111111110111111011111110111111011111110111011110111111101011111111011111011111111111110101111
111111101111111110111111011111110111111011111110111011101111111110111111111000000011111111111111001111
111111101111111110111111011111110111111000000000110111011111111111011111111011110111111111111111111111
111111101111111110111111101111111011111111111111000000011111111111100111111011101111111111111111111111
111111101111111110111111101111111011101111111111111111011111111111011000000111011111111111111111111111
111111101111111110111111101111110000001111111111111110111111111111011111111011011111111111111111111111
111111110111111110000000000000001111101111111111111110111111111110111111111100111111111111111111111111
111111111011111111111111101111111111101111111111111101111111111110111111111100111111111111111111111111
111111111101111111111111101111111111101111111111111101111111111101111111111100111111111111111111111111
111111111101111111111111101111111111101111111111111101111100011011111111111110111111111111111111111111
111111111110111111111111101111111111101111111110000011111011100111000000000000111111111111111111111111
111111111110111111111111101111111111101111110001111001110111101111011111111110111111111111111111111111
111111111111011111111111101111111111101111001111111010110111011110111111111110111111111111111111111111
111111111111101111111111101111111111101100101111110111000011011101111111111111011111111111111111111111
111111111111101111111111101111111111000011101111110111110100001101111111111111101111111111111111111111
111111111111101111111111100000000000101111110111110111110111110000000000000000001111111111111111111111
111111111111101111111111101111111111101111110000000111110111110111111101111111011111111111111111111111
111111111111101111111111101111111111101111111111110111110111101111111011111111011111111111111111111111
111111111111110111111111101111111111101111111111110111110111101111111011111111011111111111111111111111
111111111111110111111111101111111111101111111111110111110111101111110111111111011111111111111111111111
111111111111111011111111101111111111101111111111110111110111101111110111111110111111111111111111111111
111111111111111011111111101111111111101111111111110000000000000001110111111110111111111111111111111111
111111111111111101111111101111000000001111111111110111111111111110001111111110111111111111111111111111
111111111111111101111111100000111111111111111111110111111111111111111111111110111111111111111111111111
111111111111111110111111101111111111111111111111110111111111111111111111111101111111111111111111111111
111111111111111111011111101111111111111111111111110111111111111111111111111011111111111111111111111111
111111111111111111101111110111111111111100000000000001111111111111110000000011111111111111111111111111
111111111111111111110111110111111111111101101110110110011111111110001111111011111111111111111111111111
111111111111111111110111110111111111111101101110110111100000000001111111111011111111111111111111111111
111111111111111111111011100000000000111101101110110111111111111111111111111011111111111111111111111111
111111111111111111111100011110111111011101101110110111111111111111111111111011111111111111111111111111
111111111111111111111101111110111000000000000000110111111111111111111111111011111111111111111111111111
111111111111111111111110111110000111111111111111110000000000000000000111111011111111111111111111111111
111111111111111111111110111111111000000000000000001111111111111111111000000011111111111111111111111111
111111111111111111111110111110000111111111111111111111111111111111111111111111111111111111111111111111
111111111111111111111111010001111111111111111111111111111111111111111111111111111111111111111111111111
111111111111111111111111101111111111111111111111111111111111111111111111111111111111111111111111111111
111111111111111111111111111111111111111111111111111111111111111111111111111111111111111111111111111111
144444444444444444444444444444444444444444444444444444444444444444444444444444444444444444444444444441
144444444444444444444444444444444444444444444444444444444444444444444444444444444444444444444444444441
144444444444444444444444444444444444444444444444444444444444444444444444444444444444444444444444444441
144444444444444444444444444444444444444444444444444444444444444444444444444444444444444444444444444441
144444444444444444444444444444444444444444444444444444444444444444444444444444444444444444444444444441
144444444444444444444444444444444444444444444444444444444444444444444444444444444444444444444444444441
144444444444444444444444444444444444444444444444444444444444444444444444444444444444444444444444444441
144444444444444444444444444444444444444444444444444444444444444444444444444444444444444444444444444441
144444444444444444444444444444444444444444444444444444444444444444444444444444444444444444444444444441
144444444444444444444444444444444444444444444444444444444444444444444444444444444444444444444444444441
111111111111111111111111111111111111111111111111111111111111111111111111111111111111111111111111111111