111111111111111111111111111111111111111111111111111111111111111111111111111111111111111111111111111111
111111111111111111111111111111111111111111111111111111111111111111111111111181111111111111111111111111
111111111111111111111111111111111111111111111111111111888888888888888888888811000000000000001111111111
111111111111111111111111111111111111111111111888888888111111111111111111111110101111111111110000000011
111111111111111111111111111111111111111111888111111111111011111111111111111101110111111111111111110011
111111111111111111111111111111111111111188111111111111000101111111111111111011111011111111111111101011
111111111111111111111111111111111111888811111111111110111110110000001111110111111101111111111111011011
111111111111111111111111111111118888111111111111111110011111001111110111101111111101111111111110111011
111111111111111111111111111888881111111111111111111101011111011111111011011111111101111111111001111011
111111111111111111111111118111111111111111111111111101101111011111111100001111111001111111000111111011
111111111111111111111111811111111111111111111110000011101111101111111011110001110111111110111111111011
111111111111111111111181111111111111111100000001111011101111101111110111111110001111111101111111111011
111111111111111111118111111111111111100011111110111011101111101110000111111100100011110011111111111011
111111111111111111181111111111111111011111111110111011101111100001111011111011111100001111111111111011
111111111111111111811111111111111100111111111110111011101111101111111100010111111111011111111111111011
111111111111111181111111111111110011111111111110111011101111101111111111000111111111011111111111111011
111111111111111811111111111111000011111111111110000000000000001111111110111011111110111111111111111011
111111111111118111111111111110101100111111111110110111101111100111111101111100011101111111111111111011
111111111111811111111111111101101111011111111110110111101111101000010011111111100011111111111111111011
111111111118111111111111000011101111100000000000000000001111101111101111111111110111111111111111111011
111111111181111111111100100011101111111111111111110111101111101111101111111111101111111111111111111011
111111111811111111111011101100101111111111111111110111101111101111011111111111011111111111111111111011
111111118111111111100111101111000000000111111111110111101111101110111111111110111111111111111111111011
111111118111111000011111101111101111111000000000000000000000000000111111111101111111111111111111100011
111111118111110111111111101111101111111111111111111111111111111110000111111011111111111111111000011111
111111118111101111111111101111101111111111111111111111111111111110111011110111111111111111110111111111
111111181111011111111111101111101111111111111111111111111111111110111101101111111111111111001111111111
111111181100111111111111101111101111111111111111111111111111111110111110001111111011111000111111111111
111111181011111111111111101111101111111111111111111111111111111110111111010111111000000111111111111111
111111811101111111111111100000011111111111111111111111111111111111011110111011111010101111111111111111
111111811101111111111111101111011111111111111111111111111111111111101101111101111010101111111111111111
111111811101111111111111101111011111111111111111111111111111111111110011111110111010101111111111111111
111111811101111111111111101111011111111111111111111111111111111111101111111111011010101111111111111111
111118111110111111111111101111011111111111111111111111111111111111011111111111101010101111111111111111
111118111110111111111111100011011111111111111111111111111111111110111111111111110000101111111111111111
111118111110111111111111101100011111111111111111111111111111111110011111111111111100000001111111111111
111181111110111111111111101111011111111111111111111111111111111110101111111000000011111100111111111111
111181111110111111111111101111011111111111111111111111111111111101110111110111111111111101011111111111
111181111111011110000000001111011111111111111111111111111111111011111011001111111111111101101111111111
111181111111000001111111101111011111111111111111111111111111110111111100111111111111111101110111111111
111181111111101111111111101111011000011111111111111111111111101011110001111111111111111101111011111111
111181111111101111111111101111011011100000000000001111111111011101101101111111111111111011111101111111
111181111111110111111111101111011011111111111111010000000000011110011101111111111111111011111110011111
111181111111110111111111101111011011111111111111011111011101101110111011111111111111110111111111101111
111181111111111011111111101111011011111111111111011111011011110101111011111111111111101111111111110111
111181111111111011111111101111000000000000000000000001011011111011110111111111111111011111111111111011
111181111111111101111111101111111111111111111111011110111011110111110111111111111110111111111111110111
111181111111111101111111011111111111111111111111011110111000101111110000111111111101111111111111110111
111181111111111101111111011111111111111111111111011101110111001111101111000111111101111111111111110111
111181111111111101111111011111111111111111111111011101110111110111011111111001111101111111111111101111
111181111111111100000000000000000111111111111110000101110111110111011111111100000000011111111111101111
111181100000000001111111011111110011111111111110111011110111111011011111111101111101100111111111101111
111181011111111101111111101111110100000011111110110111101111111010111111111101111101111011111111101111
111181011111111110111111101111110111111011111110110111101111111100111111111011111101111100000000101111
111181011111111110111111101111110111111011111110110111101111111110111111111000000011111111111111001111
111181101111111110111111101111110111111000000000000111011111111111011111111011111011111111111111111111
111181101111111110111111101111111011111111111111110000011111111111100000111011110111111111111111111111
111181101111111110111111101111111000001111111111111111011111111111011111000111101111111111111111111111
111181110111111110111111101100000011101111111111111110111111111110111111110111101111111111111111111111
111181110111111110000000000011111111101111111111111101111111111110111111111011101111111111111111111111
111181111011111111111111101111111111101111111111111101111111111110111111111101011111111111111111111111
111118111011111111111111101111111111101111111111111101111111111101111111111110111111111111111111111111
111118111011111111111111101111111111101111111111111011111100001011111111111110111111111111111111111111
111118111101111111111111101111111111101111111111000011111101110111000000000000111111111111111111111111
111111811101111111111111101111111111101111100000111000111011110110111111111110111111111111111111111111
111111811110111111111111101111111111101100011111111011010111110101111111111110111111111111111111111111
111111811110111111111111101111111111101011011111111011100000101011111111111111011111111111111111111111
111111181111011111111111101111111000000111011111110111110111001011111111111111011111111111111111111111
111111181111101111111111100000000111101111101111110111110111110000000000000000001111111111111111111111
111111181111110111111111101111111111101111110000000111110111111011111101111111101111111111111111111111
111111181111110111111111101111111111101111111111110111110111111011111101111111101111111111111111111111
111111181111111011111111101111111111101111111111110111110111110111111011111111101111111111111111111111
111111118111111011111111101111111111101111111111110111110111110111111011111111101111111111111111111111
111111118111111011111111101111111111101111111111110111110111101111111011111111011111111111111111111111
111111118111111101111111101111111111101111111111110000000000011111110111111111011111111111111111111111
111111118111111110111111101111111100001111111111110111111111100000001111111110111111111111111111111111
111111111811111111011111100000000011111111111111110111111111111111111111111101111111111111111111111111
111111111811111111011111110111111111111111111111110111111111111111111111111101111111111111111111111111
111111111181111111101111110111111111111111111111110111111111111111111111111101111111111111111111111111
111111111181111111101111110111111111111100000000000011111111111111110000000011111111111111111111111111
111111111118111111110111110111111111111101101110110101111111110000001111111011111111111111111111111111
111111111111811111111011110111111111111101101110110110000000001111111111111011111111111111111111111111
111111111111181111111011100000000000111101101110110111111111111111111111111011111111111111111111111111
111111111111118111111100011110111111011101101110110111111111111111111111111011111111111111111111111111
111111111111111811111101111110100000000000000000110111111111111111111111111011111111111111111111111111
111111111111111181111101111110011111111111111111000000000001111111111111111011111111111111111111111111
111111111111111118111110111111111110000000000000111111111110000000000000000011111111111111111111111111
111111111111111111811111011100000001111111111111111111111111111111111111111111111111111111111111111111
111111111111111111181111101011111111111111111111111111111111111111111111111111111111111111111111111111
111111111111111111118111100111111111111111111111111111111111111111111111111111111111111111111111111111
111111111111111111111811111111111111111111111111111111111111111111111111111111111111111111111111111111
144444444444444444444444444444444444444444444444444444444444444444444444444444444444444444444444444441
144444444444444444444444444444444444444444444444444444444444444444444444444444444444444444444444444441
144444444444444444444444444444444444444444444444444444444444444444444444444444444444444444444444444441
144444444444444444444444444444444444444444444444444444444444444444444444444444444444444444444444444441
144444444444444444444444444444444444444444444444444444444444444444444444444444444444444444444444444441
144444444444444444444444444444444444444444444444444444444444444444444444444444444444444444444444444441
144444444444444444444444444444444444444444444444444444444444444444444444444444444444444444444444444441
144444444444444444444444444444444444444444444444444444444444444444444444444444444444444444444444444441
144444444444444444444444444444444444444444444444444444444444444444444444444444444444444444444444444441
144444444444444444444444444444444444444444444444444444444444444444444444444444444444444444444444444441
111111111111111111111111111111111111111111111111111111111111111111111111111111111111111111111111111111