111111111111111111111111111111111111111111111111111111111111111111111111111111111111111111111111111111
111111111111111111111111111111111111111111111111111111111111111111111111111181111111111111111111111111
111111111111111111111111111111111111111111111111111111888888888888888888888811000000000000111111111111
111111111111111111111111111111111111111111111888888888111111111111111111111110101111111111000000000011
111111111111111111111111111111111111111111888111111111111011111111111111111101101111111111111111110011
111111111111111111111111111111111111111188111111111111110101111111111111111011110111111111111111101011
111111111111111111111111111111111111888811111111111110001110111111101111110111111011111111111111011011
111111111111111111111111111111118888111111111111111100111111000000010111001111111011111111111110111011
111111111111111111111111111888881111111111111111111011011111011111111010111111111101111111111001111011
111111111111111111111111118111111111111111111111111011101111101111111100000001111101111110000111111011
111111111111111111111111811111111111111111111111000011101111101111111011111110111011111101111111111011
111111111111111111111181111111111111111111111000111011101111101111110111111111000111111011111111111011
111111111111111111118111111111111111111000000110110111101111101000001111111110100111110111111111111011
111111111111111111181111111111111111110111111110110111101111100111110011111001111000001111111111111011
111111111111111111811111111111111111101111111110110111101111101111111100110111111111011111111111111011
111111111111111181111111111111111110011111111110110111101111101111111111001111111110111111111111111011
111111111111111811111111111111000001111111111110000000000000000111111111010000111110111111111111111011
111111111111118111111111111000101110111111111110110111101111101011111110111111000101111111111111111011
111111111111811111111111110111101111001111111110110111101111101101110001111111111011111111111111111011
111111111118111111111111101111101111110000000000000000001111101110001111111111110111111111111111111011
111111111181111111111110000111101111111111111111110111101111101111101111111111101111111111111111111011
111111111811111111111101101000101111111111111111110111101111101111011111111111011111111111111111111011
111111118111111111110011101111000000000000000001110111101111101111011111111110111111111111111111111011
111111118111111110001111101111101111111111111110000000000000000111011111111101111111111111111111100011
111111118111110001111111101111101111111111111111111111111111111000111111111101111111111111111111011111
111111118111101111111111101111101111111111111111111111111111111110011111111011111111111111111000111111
111111181111011111111111101111101111111111111111111111111111111110100011110111111111111111100111111111
111111181110111111111111101111101111111111111111111111111111111110111100001111111011110000011111111111
111111181001111111111111101111011111111111111111111111111111111110111111010111111000001111111111111111
111111811101111111111111100001011111111111111111111111111111111111011110111011111010101111111111111111
111111811101111111111111101110011111111111111111111111111111111111101001111100111010101111111111111111
111111811110111111111111101111011111111111111111111111111111111111110111111111011010101111111111111111
111111811110111111111111101111011111111111111111111111111111111111101111111111101010101111111111111111
111118111110111111111111101111011111111111111111111111111111111111011111111111110010101111111111111111
111118111110111111111111100000011111111111111111111111111111111110111111111111111000101111111111111111
111118111110111111111111101111011111111111111111111111111111111110011111111111110000000001111111111111
111181111110111111111111101111011111111111111111111111111111111101101111111111101111111010111111111111
111181111111011111111111101111011111111111111111111111111111111011110111110000011111110111011111111111
111181111111011111100000001111011111111111111111111111111111111011111011001111111111110111101111111111
111181111111000000011111101111011111111111111111111111111111110111111100111111111111101111110111111111
111181111111101111111111101111011000111111111111111111111111101011110001111111111111101111111011111111
111181111111101111111111101111011011000000000000000000111111011101101101111111111111101111111101111111
111181111111110111111111101111011011111111111111011111000000111110011101111111111111101111111110011111
111181111111110111111111011111011011111111111111011111011101011110111101111111111111011111111111101111
111181111111110111111111011111011011111111111111011110111101100101111011111111111110111111111111110111
111181111111111011111111011111000000000000000000000010111011111011110111111111111110111111111111111011
111181111111111101111111011111111111111111111110111100111011111011110111111111111110111111111111111011
111181111111111101111111011111111111111111111110111110111000010111110000111111111110111111111111111011
111181111111111101111111011111111111111111111110111101110111101111110111000111111110111111111111111011
111181111111111101111111011111111111111111111110111101110111101111110111111000111110111111111111111011
111181111111111100000000000000000111111111111110000011110111110111101111111101000000000111111111111011
111181111111111001111111011111110000111111111110111011110111110111101111111101111011111000001111110111
111181000000000101111111011111110111000011111110110111101111111011011111111101111011111111110000101111
111181101111111101111111011111110111111011111110110111101111111100111111111101111011111111111111001111
111181101111111101111111011111110111111011111110110111101111111110111111111000000011111111111111101111
111181110111111101111111101111110111111000000000110111101111111111011111111011110111111111111111111111
111181111011111110111111101111111011111111111111000000011111111111100000110111101111111111111111111111
111181111011111110111111101111111000001111111111111111011111111111011111000111101111111111111111111111
111181111011111110111111101111000011101111111111111110111111111111011111111011011111111111111111111111
111181111101111110000000000000111111101111111111111110111111111110111111111101011111111111111111111111
111181111110111111111111101111111111101111111111111110111111111101111111111101011111111111111111111111
111118111110111111111111101111111111101111111111111110111111111011111111111110111111111111111111111111
111118111111011111111111101111111111101111111111111101111100110111111111111110111111111111111111111111
111118111111101111111111101111111111101111111100000000111101000111000000000000111111111111111111111111
111111811111110111111111101111111111101111100011111011011011101110111111111111011111111111111111111111
111111811111110111111111101111111111101111011111110111101011101101111111111111011111111111111111111111
111111811111110111111111101111111111101100011111110111110001101101111111111111011111111111111111111111
111111181111110111111111101111111100000011101111110111110110011011111111111111101111111111111111111111
111111181111111011111111100000000011101111110111110111110111100000000000000000001111111111111111111111
111111181111111011111111101111111111101111110000000111110111110111111011111111101111111111111111111111
111111181111111011111111101111111111101111111111110111110111101111110111111111101111111111111111111111
111111181111111101111111101111111111101111111111110111110111101111110111111111101111111111111111111111
111111118111111110111111101111111111101111111111110111110111011111101111111111011111111111111111111111
111111118111111111011111101111111111101111111111110111110111011111101111111110111111111111111111111111
111111118111111111101111101111111111101111111111110000000000000111101111111110111111111111111111111111
111111118111111111101111100000000000001111111111110111111111111000001111111101111111111111111111111111
111111111811111111101111101111111111111111111111110111111111111111111111111011111111111111111111111111
111111111811111111101111110111111111111111111111110111111111111111111111111011111111111111111111111111
111111111181111111110111110111111111111111111111110111111111111111111111111011111111111111111111111111
111111111181111111110111110111111111111100000000000000001111111111111000000011111111111111111111111111
111111111118111111110111110111111111111101101110110111110011111111000111111011111111111111111111111111
111111111111811111111011110111111111111101101110110111111100000000111111111011111111111111111111111111
111111111111181111111011110000000000111101101110110111111111111111111111111011111111111111111111111111
111111111111118111111100001110111111011101101110110111111111111111111111111011111111111111111111111111
111111111111111811111101111110100000000000000000110111111111111111111111111011111111111111111111111111
111111111111111181111101111110011111111111111111000000001111111111111111111011111111111111111111111111
111111111111111118111110111111111000000000000000111111110000000000000000000011111111111111111111111111
111111111111111111811110111110000111111111111111111111111111111111111111111111111111111111111111111111
111111111111111111181111011001111111111111111111111111111111111111111111111111111111111111111111111111
111111111111111111118111100111111111111111111111111111111111111111111111111111111111111111111111111111
111111111111111111111811111111111111111111111111111111111111111111111111111111111111111111111111111111
144444444444444444444444444444444444444444444444444444444444444444444444444444444444444444444444444441
144444444444444444444444444444444444444444444444444444444444444444444444444444444444444444444444444441
144444444444444444444444444444444444444444444444444444444444444444444444444444444444444444444444444441
144444444444444444444444444444444444444444444444444444444444444444444444444444444444444444444444444441
144444444444444444444444444444444444444444444444444444444444444444444444444444444444444444444444444441
144444444444444444444444444444444444444444444444444444444444444444444444444444444444444444444444444441
144444444444444444444444444444444444444444444444444444444444444444444444444444444444444444444444444441
144444444444444444444444444444444444444444444444444444444444444444444444444444444444444444444444444441
144444444444444444444444444444444444444444444444444444444444444444444444444444444444444444444444444441
144444444444444444444444444444444444444444444444444444444444444444444444444444444444444444444444444441
111111111111111111111111111111111111111111111111111111111111111111111111111111111111111111111111111111