111111111111111111111111111111111111111111111111111111111111111111111111111111111111111111111111111111
111111111111111111111111111111111111111111111111111111111111111111111111111181111111111111111111111111
111111111111111111111111111111111111111111111111111111888888888888888888888811000000011111111111111111
111111111111111111111111111111111111111111111888888888111111111111111111111110101111100000000000000011
111111111111111111111111111111111111111111888111111111110011111111111111111101101111111111111111100011
111111111111111111111111111111111111111188111111111111101101111111111111111011101111111111111111011011
111111111111111111111111111111111111888811111111111110011110111100001111110111110111111111111110111011
111111111111111111111111111111118888111111111111111110011111000011110111101111111011111111111101111011
111111111111111111111111111888881111111111111111111110101111011111111010011111111101111111111011111011
111111111111111111111111118111111111111111111111111101101111011111111100001111111101111111110111111011
111111111111111111111111811111111111111111111111000011101111011111111011110001110011111111101111111011
111111111111111111111181111111111111111111111100111011101111011111110111111110001111111111011111111011
111111111111111111118111111111111111111000000001111011101111101000000111111101110001111100111111111011
111111111111111111181111111111111111110111111101110111101111100111111011111011111110000011111111111011
111111111111111111811111111111111110001111111110110111101111101111111101110111111111101111111111111011
111111111111111181111111111111111101111111111110110111101111101111111110001111111111011111111111111011
111111111111111811111111111111000011111111111110000000000000000111111110110011111110111111111111111011
111111111111118111111111111110100001111111111110110111101111101001111001111101111101111111111111111011
111111111111811111111111111001101110001111111110110111101111101110110111111110000011111111111111111011
111111111118111111111111100111101111110000000000000000001111101111001111111111110111111111111111111011
111111111181111111111111001000101111111111111111110111101111101111101111111111101111111111111111111011
111111111811111111000000101111001111111111111111110111101111101111101111111111011111111111111111111011
111111118111111110111111101111100001111111111111110111101111101111011111111110111111111111111111111011
111111118111111101111111101111101110000000000000000000000000000000111111111101111111111111111111111011
111111118111111011111111101111101111111111111111111111111111111110011111111011111111111111100000000111
111111118111110111111111101111101111111111111111111111111111111110100011110111111111111111011111111111
111111181110001111111111101111101111111111111111111111111111111110111101101111111111111100111111111111
111111181101111111111111101111011111111111111111111111111111111110111110001111111001111011111111111111
111111181011111111111111101111011111111111111111111111111111111110111110010111111010000111111111111111
111111811011111111111111100111011111111111111111111111111111111111011101111011111010101111111111111111
111111811011111111111111101000011111111111111111111111111111111111101011111101111010101111111111111111
111111811101111111111111101111011111111111111111111111111111111111110111111110111010101111111111111111
111111811101111111111111101111011111111111111111111111111111111111101111111111001010101111111111111111
111118111101111111111111101111011111111111111111111111111111111111011111111111110010101111111111111111
111118111110111111111111101111011111111111111111111111111111111110111111111111111010101111111111111111
111118111110111111111111100000011111111111111111111111111111111110011111111110000000000001111111111111
111181111110111111111111101111011111111111111111111111111111111101101111111101111111111010111111111111
111181111111011111111111101111011111111111111111111111111111111011110011110011111111110111011111111111
111181111111011111111111101111011111111111111111111111111111111011111101101111111111101111101111111111
111181111111000000000000001111011111111111111111111111111111110011111100011111111111011111110011111111
111181111111011111111111101111011001111111111111111111111111101101111010111111111111011111111101111111
111181111111101111111111101111011010000000000000000000011111011110110110111111111111011111111110111111
111181111111110111111111101111011011111111111111011111100000111111001110111111111111011111111111011111
111181111111110111111111101111011011111111111111011111011110001110111101111111111111011111111111101111
111181111111110111111111101111011011111111111111011110111110110101111011111111111111011111111111110111
111181111111111011111111101111000000000000000000000010111101111011111011111111111111011111111111111011
111181111111111011111111101111111111111111111111011100111011111011111011111111111110111111111111111011
111181111111111101111111011111111111111111111110111110110101110111110000111111111110111111111111111011
111181111111111101111111011111111111111111111110111101110110001111110111000111111110111111111111111011
111181111111111101111111011111111111111111111110111011110111101111110111111000111110111111111111111011
111181111111111100000000000000000111111111111110011011110111110111101111111101000000011111111111110111
111181111111100010111111011111110001111111111110100011101111111011101111111011111101101111111111110111
111181000000011110111111011111110110000011111110110111101111111101101111111011111101110001111111110111
111181101111111110111111011111111011111011111110110111011111111101011111111011111011111110011111101111
111181101111111110111111011111111011111011111110110111011111111110111111111000000011111111100000001111
111181110111111110111111101111111011111000000000010111011111111111011111111011111011111111111111111111
111181111011111110111111101111111011111111111111100011011111111111100011111011111011111111111111111111
111181111011111110111111101111111010001111111111111100011111111111101100000111110111111111111111111111
111181111101111110111111101111100001101111111111111110111111111111011111111011110111111111111111111111
111181111110111110000000000000011111101111111111111110111111111110111111111011110111111111111111111111
111181111111011111111111101111111111101111111111111101111111111101111111111011101111111111111111111111
111118111111101111111111101111111111101111111111111101111111111011111111111101011111111111111111111111
111118111111110111111111101111111111101111111111111101111100110111111111111101011111111111111111111111
111118111111110111111111101111111111101111111111110001111101000111000000000000111111111111111111111111
111111811111110111111111101111111111101111111000001010111011101111011111111110111111111111111111111111
111111811111111011111111101111111111101100000111110111000111011110111111111111011111111111111111111111
111111811111111011111111101111111111101011011111110111110000011101111111111111011111111111111111111111
111111181111111011111111101100000000000111101111110111110111011011111111111111101111111111111111111111
111111181111111011111111100011111111101111101111110111110111100000000000000000001111111111111111111111
111111181111111101111111101111111111101111110000000111110111110111111101111111011111111111111111111111
111111181111111110111111101111111111101111111111110111110111101111111011111111011111111111111111111111
111111181111111110111111101111111111101111111111110111110111101111111011111111011111111111111111111111
111111118111111110111111101111111111101111111111110111110111101111110111111110111111111111111111111111
111111118111111110111111101111111111101111111111110111110111101111110111111110111111111111111111111111
111111118111111110111111101111111111101111111111110000000000000001101111111110111111111111111111111111
111111118111111111011111101111111100001111111111110111111111111110001111111110111111111111111111111111
111111111811111111101111100000000011111111111111110111111111111111111111111110111111111111111111111111
111111111811111111101111101111111111111111111111110111111111111111111111111110111111111111111111111111
111111111181111111110111110111111111111111111111110111111111111111111111111101111111111111111111111111
111111111181111111110111110111111111111100000000000111111111111111111111111011111111111111111111111111
111111111118111111110111110111111111111101101110110000000000111111000000000011111111111111111111111111
111111111111811111111011110111111111111101101110110111111111000000111111111011111111111111111111111111
111111111111181111111101100000000000111101101110110111111111111111111111111011111111111111111111111111
111111111111118111111101011110111110111101101110110111111111111111111111111011111111111111111111111111
111111111111111811111100111110111110000000000000110111111111111111111111111011111111111111111111111111
111111111111111181111110111110000001111111110000000000000000000001111111111011111111111111111111111111
111111111111111118111110111111111111100000001111111111111111111110000000000011111111111111111111111111
111111111111111111811111011111100000011111111111111111111111111111111111111111111111111111111111111111
111111111111111111181111010000011111111111111111111111111111111111111111111111111111111111111111111111
111111111111111111118111101111111111111111111111111111111111111111111111111111111111111111111111111111
111111111111111111111811111111111111111111111111111111111111111111111111111111111111111111111111111111
144444444444444444444444444444444444444444444444444444444444444444444444444444444444444444444444444441
144444444444444444444444444444444444444444444444444444444444444444444444444444444444444444444444444441
144444444444444444444444444444444444444444444444444444444444444444444444444444444444444444444444444441
144444444444444444444444444444444444444444444444444444444444444444444444444444444444444444444444444441
144444444444444444444444444444444444444444444444444444444444444444444444444444444444444444444444444441
144444444444444444444444444444444444444444444444444444444444444444444444444444444444444444444444444441
144444444444444444444444444444444444444444444444444444444444444444444444444444444444444444444444444441
144444444444444444444444444444444444444444444444444444444444444444444444444444444444444444444444444441
144444444444444444444444444444444444444444444444444444444444444444444444444444444444444444444444444441
144444444444444444444444444444444444444444444444444444444444444444444444444444444444444444444444444441
111111111111111111111111111111111111111111111111111111111111111111111111111111111111111111111111111111