111111111111111111111111111111111111111111111111111111111111111111111111111111111111111111111111111111
111111111111111111111111111111111111111111111111111111111111111111111111111181111111111111111111111111
111111111111111111111111111111111111111111111111111111888888888888888888888811000000000000000011111111
111111111111111111111111111111111111111111111888888888111111111111111111111110011111111111111100000011
111111111111111111111111111111111111111111888111111111110011111111111111111101101111111111111111101011
111111111111111111111111111111111111111188111111111111101101111111111111111011110111111111111111011011
111111111111111111111111111111111111888811111111111110011110111100001111110111110111111111111110111011
111111111111111111111111111111118888111111111111111100111111000011110111001111110111111111111101111011
111111111111111111111111111888881111111111111111111011011111011111111010111111111011111111111011111011
111111111111111111111111118111111111111111111111111011101111011111111100001111111001111111110111111011
111111111111111111111111811111111111111111111111111011101111011111111011110001100111111111001111111011
111111111111111111111181111111111111111111000000000011101111011111110111111110011111111000111111111011
111111111111111111118111111111111111110000111101111011101111011100000111111110100000110111111111111011
111111111111111111181111111111111111101111111101111011101111100011111001111101111111001111111111111011
111111111111111111811111111111111000011111111101110111101111101111111110010011111111011111111111111011
111111111111111181111111111111110111111111111101110111101111101111111111100001111110111111111111111011
111111111111111811111111111111000111111111111110000000000000001111111110011110011101111111111111111011
111111111111118111111111111100101011111111111110110111101111100001111101111111100101111111111111111011
111111111111811111111111111011101101111111111110110111101111101110111011111111111011111111111111111011
111111111118111111111111000111101110000000000000000000001111101111000111111111110111111111111111111011
111111111181111111111110100111101111111111111111110111101111101111101111111111101111111111111111111011
111111111811111111111101101000001111111111111111110111101111101111101111111111011111111111111111111011
111111118111111111111011101111100000000000000000110111101111101111011111111110111111111111111111111011
111111118111111111110111101111101111111111111111000000000000000111011111111101111111111111111111111011
111111118111111111101111101111011111111111111111111111111111111000011111111011111111111111111111100111
111111118111111111011111101111011111111111111111111111111111111110100001110111111111111111100000011111
111111181111111110111111101111011111111111111111111111111111111110111110010111111111111111011111111111
111111181100000001111111101111011111111111111111111111111111111110111111001111111011111110111111111111
111111181011111111111111101111011111111111111111111111111111111110111110110111111000000001111111111111
111111811011111111111111101111011111111111111111111111111111111111011101111011111010101111111111111111
111111811011111111111111100000011111111111111111111111111111111111101011111100111010101111111111111111
111111811101111111111111101111011111111111111111111111111111111111110111111111011010101111111111111111
111111811101111111111111101111011111111111111111111111111111111111101111111111101010101111111111111111
111118111101111111111111101111011111111111111111111111111111111111011111111111110010101111111111111111
111118111101111111111111100001011111111111111111111111111111111110111111111111111010101111111111111111
111118111101111111111111101110011111111111111111111111111111111101011111111111100000000001111111111111
111181111110111111111111101111011111111111111111111111111111111011101111111100011111111100111111111111
111181111110111111111111101111011111111111111111111111111111111011110111100011111111111101011111111111
111181111111010000000000001111011111111111111111111111111111110111111001011111111111111101101111111111
111181111111001111111111101111011111111111111111111111111111110111111100111111111111111101110011111111
111181111111101111111111101111011000000111111111111111111111101011111010111111111111111101111101111111
111181111111110111111111101111011011111000000000000111111111011100110110111111111111111101111110111111
111181111111110111111111101111011011111111111111011000000000111111001101111111111111111011111111011111
111181111111110111111111101111011011111111111111011111011110001110111011111111111111110111111111101111
111181111111111011111111101111011011111111111111011110111110110101111011111111111111101111111111110111
111181111111111011111111101111000000000000000000000000111101111011110111111111111111011111111111111011
111181111111111011111111101111111111111111111111011110111011110111110111111111111111011111111111111011
111181111111111011111111011111111111111111111110111110111001101111110111111111111110111111111111111011
111181111111111011111111011111111111111111111110111110111010001111110000000011111110111111111111111011
111181111111111011111111011111111111111111111110111101111011110111101111111101111101111111111111110111
111181111111000000000000000000000111111111111110001011111011110111101111111100000000011111111111101111
111181110000111101111111011111110000000111111110110011111011111011101111111101111101101111111111101111
111181001111111101111111011111110111111011111110111011110111111101011111111011111101110000011111101111
111181011111111101111111011111110111111011111110111011110111111110111111111011111011111111100111101111
111181101111111101111111011111110111111011111110111011101111111110111111111000000011111111111000001111
111181101111111101111111011111110111111000000000001011101111111111011111111011110111111111111111111111
111181110111111101111111011111111011111111111111110011011111111111100001111011110111111111111111111111
111181111011111110111111101111111010001111111111111100011111111111101110000111101111111111111111111111
111181111101111110111111101111111001101111111111111111011111111111011111110111011111111111111111111111
111181111110111110000000000000000111101111111111111111011111111110111111111011011111111111111111111111
111181111111011111111111101111111111101111111111111110111111111101111111111010111111111111111111111111
111118111111101111111111101111111111101111111111111110111111111011111111111010111111111111111111111111
111118111111101111111111101111111111101111111111111101111101110111111111111100111111111111111111111111
111118111111101111111111101111111111101111111000000000111100000111000000000000111111111111111111111111
111111811111101111111111101111111111101111110111110111011011110110111111111110111111111111111111111111
111111811111101111111111101111111111101111001111110111101011101110111111111111011111111111111111111111
111111811111110111111111101111111111100000101111110111110000011101111111111111011111111111111111111111
111111181111110111111111101111111100001111110111110111110111001011111111111111101111111111111111111111
111111181111110111111111100000000011101111110111110111110111110000000000000000001111111111111111111111
111111181111110111111111101111111111101111110000000111110111110111111011111111011111111111111111111111
111111181111111011111111101111111111101111111111110111110111101111111011111111011111111111111111111111
111111181111111101111111101111111111101111111111110111110111101111110111111110111111111111111111111111
111111118111111101111111101111111111101111111111110111110111011111101111111110111111111111111111111111
111111118111111110111111101111111111101111111111110111110111011111101111111110111111111111111111111111
111111118111111111011111101111111111101111111111110000000000000000001111111101111111111111111111111111
111111118111111111011111101111110000001111111111110111111111111111101111111101111111111111111111111111
111111111811111111101111100000001111111111111111110111111111111111111111111101111111111111111111111111
111111111811111111101111110111111111111111111111110111111111111111111111111011111111111111111111111111
111111111181111111101111110111111111111111111111110111111111111111111111111011111111111111111111111111
111111111181111111101111110111111111111100000000000111111111111111111000000011111111111111111111111111
111111111118111111101111110111111111111101101110110011111111111111110111111011111111111111111111111111
111111111111811111110111110111111111111101101110110100000000000000001111111011111111111111111111111111
111111111111181111110111000000000000111101101110110111111111111111111111111011111111111111111111111111
111111111111118111111010111110111110111101101110110111111111111111111111111011111111111111111111111111
111111111111111811111101111110111110000000000000110111111111111111111111111011111111111111111111111111
111111111111111181111110111110000001111111110000000000000000000000000011111011111111111111111111111111
111111111111111118111111011111000000000000001111111111111111111111111100000011111111111111111111111111
111111111111111111811111011100111111111111111111111111111111111111111111111111111111111111111111111111
111111111111111111181111100011111111111111111111111111111111111111111111111111111111111111111111111111
111111111111111111118111101111111111111111111111111111111111111111111111111111111111111111111111111111
111111111111111111111811111111111111111111111111111111111111111111111111111111111111111111111111111111
144444444444444444444444444444444444444444444444444444444444444444444444444444444444444444444444444441
144444444444444444444444444444444444444444444444444444444444444444444444444444444444444444444444444441
144444444444444444444444444444444444444444444444444444444444444444444444444444444444444444444444444441
144444444444444444444444444444444444444444444444444444444444444444444444444444444444444444444444444441
144444444444444444444444444444444444444444444444444444444444444444444444444444444444444444444444444441
144444444444444444444444444444444444444444444444444444444444444444444444444444444444444444444444444441
144444444444444444444444444444444444444444444444444444444444444444444444444444444444444444444444444441
144444444444444444444444444444444444444444444444444444444444444444444444444444444444444444444444444441
144444444444444444444444444444444444444444444444444444444444444444444444444444444444444444444444444441
144444444444444444444444444444444444444444444444444444444444444444444444444444444444444444444444444441
111111111111111111111111111111111111111111111111111111111111111111111111111111111111111111111111111111