1111111111111111111111111111111111111111111111111111111111111111111111111111111111111111111111111111111111111111111111111111111111111111111111111111111111111111111111111111111111111111111111111111111111
1111111111111111111111111111111111111111111111111111111111111111111111111111111111111111111111111111111111111111111111111111111111111111111111111111111111111111111111111111111111111111111111111111111111
1111111111111111111111111111111111111111111111111111111111111111111111111111111111111111111111111111111111111111111111111111111111111111111111111111111111111111111111111111111111111111111111111111111111
1111111111111111111111111111111111111111111111111111111111111111111111111111111111111111111188888888888888888888881111111111111111111111111111111111111111111111111111111111111111111111111111111111111111
1111111111111111111111111111111111111111111111111111111111111111111111111111111111111888888811111111111111111111118111111111111111111111111111111111111111111111111111111111111111111111111111111111111111
1111111111111111111111111111111111111111111111111111111111111111111111111111118888888111111111111111111110001111111888111111111111111111111111111111111111111111111111111111111111111111111111111111111111
1111111111111111111111111111111111111111111111111111111111111111111111888888881111111111111111111111000001100001111111811111111111111111111111111111111111111111111111111111111111111111111111111111111111
1111111111111111111111111111111111111111111111111111111111111188888888000000000000000000000000000000111111101110000001188811111111111111111111111111111111111111111111111111111111111111111111111111111111
1111111111111111111111111111111111111111111111111111111888888811000111111011111101111111111111111111111111011111110110111188111111111111111111111111111111111111111111111111111111111111111111111111111111
1111111111111111111111111111111111111111111111118888888111111110111111110111111110111111111111111111111111011111110111000111881111111111111111111111111111111111111111111111111111111111111111111111111111
1111111111111111111111111111111111188888888888881111111110000001111111101111111111011111111111111111111110111111110111101011118811111111111111111111111111111111111111111111111111111111111111111111111111
1111111111111111111111111111188888811111111111111100000001110111111111011111111111101111111111111111111110111111110111101100111188111111111111111111111111111111111111111111111111111111111111111111111111
1111111111111111111111118888811111111111111111111011111111101111111110111111111111101111111111111111111110111111101111101111001111881111111111111111111111111111111111111111111111111111111111111111111111
1111111111111111111118881111111111111111111111110111111111011111111101111111111111101111111111111111111110111111101111101111110111118881111111111111111111111111111111111111111111111111111111111111111111
1111111111111111111188111111111111111111111000001111111110111111111011111111111100010111111111111111111110111111101111011111111011111118811111111111111111111111111111111111111111111111111111111111111111
1111111111111111118811111111111111111111000111111111111101111111110111111111111011110111111111111111111000111111101111011111111101111111188111111111111111111111111111111111111111111111111111111111111111
1111111111111111881111111111111111111110111111111111110010111111101111111111110111111011111111111111000101111111011111011111111100111111111881111111111111111111111111111111111111111111111111111111111111
1111111111111888111111111111111111000001111111111111001111011111011111111111101111111101111111111110111011111111011111011111111101000001111118881111111111111111111111111111111111111111111111111111111111
1111111111111811111111111111111000111111111111111110111111101110011111111110011111111110111111111101111011111111011111011111111101111110111111118811111111111111111111111111111111111111111111111111111111
1111111111881111111111111111110111011111111111111101111111110101101111111101111111111111011111000011111011111111011110111111111101111111011111111188811111111111111111111111111111111111111111111111111111
1111111188111111111111111111101111101111111111111011111111110011110111111011111111111111101110111111111011111110111110111111111101111111101111111111188111111111111111111111111111111111111111111111111111
1111118811111111111111111111011111101111111111000111111111001011111011100111111111111111110101111111111011111110111110111111111101111111110011111111111811111111111111111111111111111111111111111111111111
1111181111111111111111110000111111101111111110111111111110111101111101011111111111111111111011111111111011111110111101111111111101111111111100011111111181111111111111111111111111111111111111111111111111
1118111111111111111111001111111111101111111101111111111001111110111110111111111111111111110101111111110000001110111011111111111011111111111111101111111111811111111111111111111111111111111111111111111111
1181111111111111111000110111111111110111111011111111110111111111011100111111111111111111101101111111000111110000111011111111111011111111111111110111111111181111111111111111111111111111111111111111111111
1111111111111111110111110111111111111011000111111111101111111111100011011111111111111111011110111110110111111110000011111111111011111111111111111011111111118111111111111111111111111111111111111111111111
1111111111111111101111110111111111111100111111111111011111111111011111101111111111111110111110111101110111111110110101111111111011111111111111111101111111111811111111111111111111111111111111111111111111
1111111111111111011111111011111111111010111111111110111111111110111111101111111111110001111111000011110111111101110110000000000011111111111111111110001111111181111111111111111111111111111111111111111111
1111111111111110011111111011111111110110111111111101111111100001111111110111111111101111111111011111110111111101101111101111111011111111111111111111000001111111811111111111111111111111111111111111111111
1111111111111110011111111101111111101010111111111011111111011111111111111011111111110111111100011111101111111011101111101111111011111111111111111110111110111111181111111111111111111111111111111111111111
1111111111111101011111111110111111011101011111000101111110111111111111111101111111111011110011101111101111111011011111101111111011111111111111111001111111011111118111111111111111111111111111111111111111
1111111111111011011111111110111000111110101100111110111101111111111111111101111111111101101111101111011111110111011111101111111011111111111111100111111111100111111811111111111111111111111111111111111111
1111111111110111011111111111010111111110110011111110111011111111111111111110111111111101011111110111011111110111011111101111111011111111111111011111111111111011111181111111111111111111111111111111111111
1111111111101111011111111111101111111110110111111111010111111111111111111111011111111100011111111010111111110110111111101111111011111111111100111111111111111101111111811111111111111111111111111111111111
1111111111011111011111111111110111111111001111111111001111111111111111111111101111111011100000000000000000000000000000011111111011111111110011111111111111111110111111181111111111111111111111111111111111
1111111110111111001111111111111011111110011111111110111111111111111111111111110111110111111111111111111111101111111111000000000011111111101111111111111111111111001111118111111111111111111111111111111111
1111111111011110110111111111111011111101111111110001111111111111111111111111111011001111111111111111111111101111111111011111110111111111011111111111111111111111110111111811111111111111111111111111111111
1111111111000001111000011111111101111011111111101111111111111111111111111111111000111111111111111111111111101111111111011111110111111110111111111111111111111111111011111181111111111111111111111111111111
1111111111011111111011100011111101100111111110011111111111111111111111111111111101111111111111111111111111101111111111011111110111111001111111111111111111111111111101111111811111111111111111111111111111
1111111110101111110111111101111101011111111101111111111111111111111111111111111101111111111111111111111111011111111111011111110111110111111111111111111111111111111110111111181111111111111111111111111111
1111111101110111101111111110011100111111111011111111111111111111111111111111111101111111111111111111111111011111111111011111110111101111111111111111111111111111111111011111118111111111111111111111111111
1111111011110111011111111111101010111111110111111111111111111111111111111111111101111111111111111111111111011111111111011111110111011111111111111111111111111111111111101111118111111111111111111111111111
1111110111110110111111111111110111011111101111111111111111111111111111111111111101111111111111111111111111011111111111011111110110111111111111111111111111111111111111110011111811111111111111111111111111
1111101111100001111111111111001111011111011111111111111111111111111111111111111101111111111111111111111111000000111111011111110101111111111111111111111111111111111111111101111181111111111111111111111111
1110011100011101111111111000111111011110111111111111111111111111111111111111111101111111111111111111111110011111000011011111110011111111111111111111111111111111111111111110111118111111111111111111111111
1101111011111110111111110111111111011101111111111111111111111111111111111111111101111111111111111111110001011111111100011111110111111111111111111111111111111111111111100000011111811111111111111111111111
1110110111111110011111101111111111101011111111111111111111111111111111111111111110111111111111111111101111011111111111011111100111111111111111111111111111111111111000011111111111811111111111111111111111
1110001111111101101110011111111111110111111111111111111111111111111111111111111110111111111111111111011111101111111111011111010111111111111111111111111111111100000111111111111111181111111111111111111111
1110111111110011110101111111111111100111111111111111111111111111111111111111111110111111111111111110111111101111111111011110110111111111111111111111111111111011111111111111111111118111111111111111111111
1110111111101111111011111111111111011011111111111111111111111111111111111111111110111111111111111101111111101111111111010001110111111111111111111111111111100111111111111111111111111811111111111111111111
1110111100011111110101111111111100111011111111111111111111111111111111111111111110111111111111111011111111101111111111001111110111111111111111111111110000011111111111111111111111111811111111111111111111
1111011011111111101101111111111011111011111111111111111111111111111111111111111111011111111111110111111111101111111111011111111011111111111111111111101111111111111111111111111111111118111111111111111111
1111000111111111011101111111110111111011111111111111111111111111111111111111111111011111111111101111111111101111111100111111111011111111111111111111011111111111111111111111111111111118111111111111111111
1111001111111110111110111111001111111011111111111111111111111111111111111111111111101111111111011111111111110111110011111111111011111111111111100000111111111111111111111111111111111111181111111111111111
1111110111111101111111011110111111111101111111111111111111111111111111111111111111101111111110111111111111110111101111111111111011111111111111011111111111111111111111111111111111111111181111111111111111
1111111011000011111111011101111111111101111111111111111111111111111111111111111111101111111101111111111111110111011111111111111011111111000000111111111111111111111111111111111111111111118111111111111111
1111111100111111111111100011111111111110111111111111111111111111111111111111111111101111111011111111111111110100111111111111111011111000110111111111111111111111111111111111111111111111111811111111111111
1111111110111111111110001111111111111110111111111111111111111111111111111111111111110111110111111111111111110011111111111111111000000111110111111111111111111111111111111111111111111111111811111111111111
1111111110111111111001110111111111111110111111111111111111111111111111111111111111110111101111111111111110000000000000000000000011111111110111111111111111111111111111111111111111111111111811111111111111
1111111110111111110111110111111111111110111111111111111111111111111111111111111111111011011110000000000001111111111111011111111011111111110111111111111111111111111111111111111111111111111181111111111111
1111111110111111001111110111111111111111011111111111111111111111111111111111111111111010000001111111111111111111111111011111111101111111110111111111111111111111111111111111111111111111111181111111111111
1111111110111110111111111011111111111111101111111111111111111111111111111111111000000001111111111111111111111111111111011111111101111111110111111111111111111111111111111111111111111111111118111111111111
1111111111011101111111111101111111111111110111111111111111111111111111111111000111111101111111111111111111111111111111011111111101111111110111111111111111111111111111111111111111111111111111811111111111
1111111111010011111111111110111111111111111011111111111111111111111100000000111111111101111111111111111111111111111111011111111101111111110111111111111111111111111111111111111111111111111111181111111111
1111111111001111111111111111011111111111111011111111000000000000000011111111111111111101111111111111111111111111111111011111111101111111110111111111111111111111111111111111111111111111111111181111111111
1111111111011111111111111111011111111111111101110000110111111111011111111111111111111101111111111111111111111111111111011111111101111111110111111111111111111111111111111111111111111111111111118111111111
1111111111011111111111111111101111111111000000001011110111111111011111111111111111111101111111111111111111111111111111011111111101111111110111111111111111111111111111111111111111111111111111118111111111
1111111111011111111111111111101111000000111110111011110111111111011111111111111111111101111111111111111111111111111111101111111101111111110111111111111111111111111111111111111111111111111111111811111111
1111111111011111111111111111110110111101111110111011111011111111011111111111111111111101111111111111111111111111111111101111111101111111110111111111111111111111111111111111111111111111111111111811111111
1111111111011111111111111111000001111011111110111011111011111111011111111111111111111101111111111111111111111111111111101111111110111111110111111111111111111111111111111111111111111111111111111181111111
1111111111011111111111111100111111110111111110111011111011111111011111111111111111111101111111111111111111111111111111110111111110111111110111111111111111111111111111111111111111111111111111111181111111
1111111111011111111110000011111111101111111110111011111101111111011111111111111111111101111111111111111111111111111111110111111110111111110111111111111111111111111111111111111111111111111111111118111111
1111111111011111111001111111111111011111111101111011111101111111011111111111111111111101111111111111111111111111111111110111111110111111110111111111111111111111111111111111111111111111111111111118111111
1111111111101000000111111111111100111111111010011011111101111111011111111111111111111101111111111111111111111111111111110111111110111111111011111111111111111111111111111111111111111111111111111111811111
1111111111100111111111111111110011111111111011100000000001111111011111111111111111111110111111111111111111111111111111110111111110111111111011111111111111111111111111111111111111111111111111111111811111
1111111111101111111111111111101111111111111011110111111101111111011111111111111111111110111111111111111111111111111111110111111110111111111101111111111111111111111111111111111111111111111111111111811111
1111111111101111111111111111011111111111111011110111111101111111011111111111111111111110111111111111111111111111111111110111111110111111111101111111111111111111111111111111111111111111111111111111811111
1111111111101111111111111110111111111111110111101111111101111111011111111111111111111110111111111111111111111111111111110111111110111111111101111111111111111111111111111111111111111111111111111111811111
1111111111101111111111111101111111111111110111101111111101111111101111111111111111111110111111111111111111111111111111110111111110111111111101111111111111111111111111111111111111111111111111111111811111
1111111111101111111111111011111111111111101111101111111101111111110111111111111111111110111111111111111111111111111111110011111110111111111101111111111111111111111111111111111111111111111111111111811111
1111111111101111111111110111111111111111101111101111111101111111110111111111111111111110111111111111111111111111111000001111111110111111111101111111111111111111111111111111111111111111111111111111811111
1111111111101111111111101111111111111111101111101111111101111111110111111111111111111110111111111111111111111111110111111111111110111111111101111111111111111111111111111111111111111111111111111111811111
1111111111101111111111011111111111111111101111101111111101111111110111111111111111111111011111111111111111111111101111111111111111011111111101111111111111111111111111111111111111111111111111111111811111
1111111111101111111110111111111111111111101111101111111101111111110111111111111111111111011111111111111111111111101111111111111111011111111101111111111111111111111111111111111111111111111111111111811111
1111111111101111111101111111111111111111011111011111000001111111110111111111111111111111011111111111111111111111011111111111111100000000000001111111111111111111111111111111111111111111111111111111811111
1111111111101111111011111111111111111111000000000000111110111111110111111111111111111111011111111111111111111110111111111111111011111111111101111111111111111111111111111111111111111111111111111111811111
1111111111101111110111111111111111111111111111011111111110111111110111111111111111111111011111111111111111111110111111111111100111111111111101111111111111111111111111111111111111111111111111111111811111
1111111111101111101111111111111111111111111111101111111110111111110111111111111111111111011111111111111111111101111111111100011111111111111101111111111111111111111111111111111111111111111111111111811111
1111111111101111011111111111111111111111111111101111111110111111110111111111111111111111011111111111111111111011111000000011111111111111111101111111111111111111111111111111111111111111111111111118111111
1111111111101110111111111111111111111111111111101111111110111111110111111111111111111111011111111111111111111011110111111111111111111111111101111111111111111111111111111111111111111111111111111118111111
1111111111101101111111111111111111111111111111101111111110111111110111111111111111111111101111111111111111110000001111111111111111111111111101111111111111111111111111111111111111111111111111111118111111
1111111111101011111111111111111111111111111111101111111110111111110111111111000000000000000000000000000000000111111111111111111111111111111101111111111111111111111111111111111111111111111111111181111111
1111111111100111111111111111111111111111111111101111111110111111111000000000111111111111101111111111111111110111111111111111111111111111111101111111111111111111111111111111111111111111111111111181111111
1111111111100000000000000111111111111111111111101111111110111111111011111111111111111111101111111111111111110111111111111111111111111111111101111111111111111111111111111111111111111111111111111811111111
1111111111101111111111111000000000000000000000001111111110111111111011111111111111111111101111111111111111110111111111111111111111111111111101111111111111111111111111111111111111111111111111111811111111
1111111111101111111111111111111111111111111111101111111110111111111011111111111111111111101111111111111111110111111111111111111111111111111101111111111111111111111111111411111111111111111111118111111111
1111111111101111111111111111111111111111111111101111111111011111111011111111111111111111101111111111111111110111111111111111111111111111111101111111111111111111111111114444411111111111111111181111111111
1111111111101111111111111111111111111111111111101111111111011111111011111111111111111111101111111111111111110111111111111111111111111111111101111111111111111111111111144444444441111111111111181111111111
1111111111110111111111111111111111111111111111101111111111011111111011111111111111111111101111111111111111110111111111111111111111111111111011111111111111111111111111144444444444444111111111811111111111
1111111111111011111111111111111111111111111111110111111111011111111011111111111111111111101111111111111111110111111111111111111111111111111011111111111111111111111111144444444444444444411118111111111111
1111111111111011111111111111111111111111111111110111111111011111111011111111111111111111101111111111111111110111111111111111111111111111111011111111111111111111111111144444444444444444411118111111111111
1111111111111011111111111111111111111111111111110111111111011111111101111111111111111111110111111111111111111011111111111111111111111110000011111111111111111111111111444444444444444444111181111111111111
1111111111111011111111111111111111111111111111110111111111011111111101111111111111111111110111111111111111111101111111111111111111000001110111111111111111111111111111444444444444444444111181111111111111
1111111111111101111111111111111111111111111111111011111111011111111101111111111111111111111011111111111111111110111111111111111110111111101111111111111111111111111111444444444444444444111811111111111111
1111111111111101111111111111111111111111111111111011111110011111111101111111111111111111111011000000000000000000000000000000000001111111011111111111111111111111111114444444444444444441111811111111111111
1111111111111101111111111111111111111111111111111000000001011111111101111111111111111111111010111111111111111111111111111111111111111110111111111111111111111111111114444444444444444441118111111111111111
1111111111111101111111111111111111111111111111111111111111011111111101111111111111111111111001111111111111111111111111111111111111111101111111111111111111111111111114444444444444444441181111111111111111
1111111111111110111111111111111111111111111111111111111111011111111101111111111111111111111011111111111111111111111111111111111111111011111111111111111111111111111144444444444444444411181111111111111111
1111111111111110111111111111111111111111111111111111111111011111111101111111111111111111111011111111111111111111111111111111111111110111111111111111111111111111111144444444444444444411811111111111111111
1111111111111110111111111111111111111111111111111111111111101111111101111111111111111111111011111111111111111111111111111111111111101111111111111111111111111111111144444444444444444411811111111111111111
1111111111111110111111111111111111111111111111111111111111101111111110111111111111111111111011111111111111111111111111111111111111011111111111111111111111111111111444444444444444444118111111111111111111
1111111111111111011111111111111111111111111111111111111111110111111110111111111111111111111011111111111111111111111111111111111110111111111111111111111111111111111444444444444444444118111111111111111111
1111111111111111011111111111111111111111111111111111111111110111111110111111111111111111111011111111111111111111111111111111111101111111111111111111111111111111111444444444444444444444444444444411111111
1111111111111111011111111111111111111111111111111111111111110111111111011111111111111111111011111111111111111111111111111111111011111111111111111111111111111111114444444444444444444444444444444111111111
1111111111111111101111111111111111111111111111111111111111110111111111011111111111111111111011111111111111111111111111111111110111111111111111111111111111111111114444444444444444444444444444444111111111
1111111111111111101111111111111111111111111111111111111111110111111111011111111111111111111011111111111111111111111111111111101111111111111111111111111111111111114444444444444444444444444444441111111111
1111111111111111110111111111111111111111111111111111111111110111111111011111111111111111111011111111111111111111111111111111011111111111111111111111111111111111144444444444444444444444444444441111111111
1111111111111111110111111111111111111111111111111111111111110111111111011111111111111111111011111111111111111111111111111110111111111111111111111111111111111111144444444444444444444444444444441111111111
1111111111111111110111111111111111111111111111111111111111110111111111011111111111111111111011111111111111111111111111111110111111111111111111111111111111111111144444444444444444444444444444411111111111
1111111111111111110111111111111111111111111111111111111111110111111111011111111111111111111011111111111111111111111111111101111111111111111111111111111111111111444444444444444444444444444444411111111111
1111111111111111111011111111111111111111111111111111111111110111111111011111111111111111111011111111111111111111111111111011111111111111111111111111111111111111444444444444444444444444444444111111111111
1111111111111111111011111111111111111111111111111111111111110111111111011111111111111111111101111111111111111111111111110111111111111111111111111111111111111111444444444444444444444444444444111111111111
1111111111111111111101111111111111111111111111111111111111110111111111011110000000000000000001111111111111111111111111101111111111111111111111111111111111111114444444444444444444444444444441111111111111
1111111111111111111101111111111111111111111111111111111111110000000000000001111111111111111101111111111111111111111111011111111111111111111111111111111111111114444444444444444444444444444441111111111111
1111111111111111111110111111111111111111111111111111111111110111111111111111111111111111111110111111111111111111111110111111111111111111111111111111111111111114444444444444444444444444444441111111111111
1111111111111111111110111111111111111111111111111111111111110111111111111111111111111111111110111111111111111111111101111111111111111111111111111111111111111144444444444444444444444444444411111111111111
1111111111111111111110111111111111111111111111111111111111111011111111111111111111111111111111011111111111111111111011111111111111111111111111111111111111111144444444444444444444444444444411111111111111
1111111111111111111110111111111111111111111111111111111111111011111111111111111111111111111111011111111111111111110111111111111111111111111111111111111111111144444444444444444444444444444111111111111111
1111111111111111111111011111111111111111111111111111111111111011111111111111111111111111111111011111111111111111101111111111111111111111111111111111111111111444444444444444444444444444444111111111111111
1111111111111111111111101111111111111111111111111111111111111011111111111111111111111111111111011111111111111111011111111111111111111111111111111111111111111444444444444444444444444444444111111111111111
1111111111111111111111110111111111111111111111111111111111111011111111111111111111111111111111011111111111111110111111111111111111111111111111111111111111111444444444444444444444444444441111111111111111
1111111111111111111111111011111111111111111111111111111111111011111111111111111111111111111111011111111111111110111111111111111111111111111111111111111111114444444444444444444444444444441111111111111111
1111111111111111111111111011111111111111111111111111111111111011111111111111111111111111111111011111111111111101111111111111111111111111111111111111111111114444444444444444444444444444411111111111111111
1111111111111111111111111011111111111111111111111111111111111011111111111111111111111111111111011111111111111000111111111111111111111111111111111111111111114444444444444444444444444444411111111111111111
1111111111111111111111111101111111111111111111111111111111111011111111111111111111111111111111011111111111110111011111111111111111111111111111111111111111144444444444444444444444444444111111111111111111
1111111111111111111111111101111111111111111111111111111111111011111111111111111111111111111111011111111111101111101111111111111111111111111111111111111111144444444444444444444444444444111111111111111111
1111111111111111111111111110111111111111111111111111111111111011111111111111111111111111111111101111111111011111110011111111111111111111111111111111111111144444444444444444444444444444111111111111111111
1111111111111111111111111111011111111111111111111111111111111011111111111111111111111111111111101111111110111111111101111111111111111111111111111111111111444444444444444444444444444441111111111111111111
1111111111111111111111111111011111111111111111111111111111111011111111111111111111111111111111101111111110111111111101111111111111111111111111111111111111444444444444444444444444444441111111111111111111
1111111111111111111111111111101111111111111111111111111111111011111111111111111111111111111111101111111101111111111011111111111111111111111111111111111111444444444444444444444444444411111111111111111111
1111111111111111111111111111101111111111111111111111111111111011111111111111111111111111111111101111111011111111111011111111111111111111111111111111111114444444444444444444444444444411111111111111111111
1111111111111111111111111111101111111111111111111111111111111011111111111111111111111111111111110111110111111111111011111111111111111111111111111111111114444444444444444444444444444411111111111111111111
1111111111111111111111111111101111111111111111111111111111111011111111111111111111111111111111111011110111111111110111111111111111111111111111111111111114444444444444444444444444444111111111111111111111
1111111111111111111111111111110111111111111111111111111111111011111111111111111111111111111111111011101111111111110111111111111111111111111111111111111144444444444444444444444444444111111111111111111111
1111111111111111111111111111110111111111111111111111111111111011111111111111111111111111111111111011011111111111110111111111111111111111111111111111111144444444444444444444444444441111111111111111111111
1111111111111111111111111111110111111111111111111111111111111101111111111111111111111111111111111010111111111111110111111111111111111111111111111111111144444444444444444444444444441111111111111111111111
1111111111111111111111111111111011111111111111111111111110000000000000000000000000011111111111111001111111111111110111111111111111111111111111111111111444444444444444444444444444411111111111111111111111
1111111111111111111111111111111011111111111111111111110001111111111111111111111111100000000000000000000111111111101111111111111111111111111111111111111444444444444444444444444444411111111111111111111111
1111111111111111111111111111111101111111111111111110001111111111111111111111111111111111111111110111111011111111101111111111111111111111111111111111111444444444444444444444444444411111111111111111111111
1111111111111111111111111111111101111111111111000001111111111111111111111111111111111111111111101111111100111111011111111111111111111111111111111111114444444444444444444444444444111111111111111111111111
1111000000000000011111111111111110111111111000111111111111111111111111111111111111111111111111011111111111011110111111111111111111111111111111111111114444444444444444444444444444111111111111111111111111
1111011111111111100001111111111110111000000111111111111111111111111111111111111111111111111110111111111111100110111111111111111111111111111111111111114444444444444444444444444441111111111111111111111111
1111011111111111111110000001111110100111111111111111111111111111111111111111111111111111111101111111111111111001111111111111111111111111111111111111144444444444444444444444444441111111111111111111111111
1111011111111111111111111110000000000111111111111111111111111111111111111111111111111111111011111111111111111111111111111111111111111111111111111111144444444444444444444444444441111111111111111111111111
1111011111111111111111111111111110111000000000011111111111111111111111111111111111111111110111111111111111111111111111111111111111111111111111111111144444444444444444444444444411111111111111111111111111
1111011111111111111111111111111110111111111111101111111111111111111111111111111111111111101111111111111111111111111111111111111111111111111111111111144444444444444444444444444411111111111111111111111111
1111011111111111111111111111111110111111111111110000000000000000011111111111111111111111011111111111111111111111111111111111111111111111111111111111144444444444444444444444444411111111111111111111111111
1111011111111111111111111111111110111111111111111101111111111111100000000000000000111110111111111111111111111111111111111111111111111111111111111111144444444444444444444444444411111111111111111111111111
1110111111111111111111111111111110111111111111111101111111111111111101111111111111000000000011111111111111111111111111111111111111111111111111111111144444444444444444444444444411111111111111111111111111
1110111111111111111111111111111110111111111111111101111111111111111101111111111111111101111100001111111111111111111111111111111111111111111111111111144444444444444444444444444411111111111111111111111111
1110111111111111111111111111111110111111111111111101111111111111111101111111111111111101111111110000000000111111111111111111111111111111111111111111444444444444444444444444444411111111111111111111111111
1110111111111111111111111111111110111111111111111101111111111111111101111111111111111011111111111111011111000111111111111111111111111111111111111111444444444444444444444444444411111111111111111111111111
1110111111111111111111111111111110111111111111111101111111111111111101111111111111111011111111111111011111111000000111111111111111111111111111111111444444444444444444444444444411111111111111111111111111
1110111111111111111111111111111110111111111111111101111111111111111101111111111111111011111111111111011111111111111001111111111111111111111111111111444444444444444444444444444411111111111111111111111111
1110111111111111111111111111111110111111111111111101111111111111111101111111111111110111111111111110111111111111111101111111111111111111111111111111444444444444444444444444444411111111111111111111111111
1110111111111111111111111111111110111111111111111101111111111111111101111111111111110111111111111110111111111111111101111111111111111111111111111111444444444444444444444444444441111111111111111111111111
1101111111111111111111111111111101111111111111111101111111111111111101111111111111110111111111111110111111111111111101111111111111111111111111111114444444444444444444444444444444441111111111111111111111
1100011111111111111111111111111011111111111111111101111111111111111101111111111111110111111111111110111111111111111101111111111111111111111111111114444444444444444444444444444444444441111111111111111111
1111100000000000011111111111111011111111111111111101111111111111111101111111111111101111111111111110111111111111111101111111111111111111111111111114444444444444444444444444444444444444441111111111111111
1111111111111111100011111111111011111111111111111101111111111111111101111111111111101111111111111110111111111111111101111111111111111111111111111114444444444444444444444444444444444444444441111111111111
1111111111111111111100000000000000000001111111111101111111111111111101111111111111101111111111111110111111111111111101111111111111111111111111111114444444444444444444444444444444444444444444441111111111
1111111111111111111111111111111111111110011111111101111111111111111101111111111111101111111111111110111111111111111011111111111111111111111111111114444444444444444444444444444444444444444444444441111111
1111111111111111111111111111111111111111100011111101111111111111111101111111111111101111111111111110111111111111111011111111111111111111111111111144444444444444444444444444444444444444444444444444441111
1111111111111111111111111111111111111111111100011011111111111111111101111111111111101111111111111110111111111111111011111111111111111111111111111144444444444444444444444444444444444444444444444444444441
1111111111111111111111111111111111111111111111100000000000000000111011111111111111101111111111111110111111111111111011111111111111111111111111111144444444444444444444444444444444444444444444444444444441
1111111111111111111111111111111111111111111111111111111111111111000011111111111111101111111111111110111111111111111011111111111111111111111111111144444444444444444444444444444444444444444444444444444441
1111111111111111111111111111111111111111111111111111111111111111111100000011111111101111111111111110111111111111111011111111111111111111111111111144444444444444444444444444444444444444444444444444444441
1111111111111111111111111111111111111111111111111111111111111111111111111100000000000011111111111110111111111111110111111111111111111111111111111444444444444444444444444444444444444444444444444444444441
1111111111111111111111111111111111111111111111111111111111111111111111111111111111111100001111111110111111111111110111111111111111111111111111111444444444444444444444444444444444444444444444444444444441
1441111111111111111111111111111111111111111111111111111111111111111111111111111111111111110000000000000000001111110111111111111111111111111111111444444444444444444444444444444444444444444444444444444441
1444111111111111111111111111111111111111111111111111111111111111111111111111111111111111111111111111111111110000010111111111111111111111111111111444444444444444444444444444444444444444444444444444444441
1444444111111111111111111111111111111111111111111111111111111111111111111111111111111111111111111111111111111111100111111111111111111111111111111444444444444444444444444444444444444444444444444444444441
1444444444111111111111111111111111111111111111111111111111111111111111111111111111111111111111111111111111111111111111111111111111111111111111111444444444444444444444444444444444444444444444444444444441
1444444444444111111111111111111111111111111111111111111111111111111111111111111111111111111111111111111111111111111111111111111111111111111111114444444444444444444444444444444444444444444444444444444441
1444444444444444111111111111111111111111111111111111111111111111111111111111111111111111111111111111111111111111111111111111111111111111111111114444444444444444444444444444444444444444444444444444444441
1444444444444444444111111111111111111111111111111111111111111111111111111111111111111111111111111111111111111111111111111111111111111111111111114444444444444444444444444444444444444444444444444444444441
1444444444444444444444444444444444411111111111111111111111111111111111111111111111111111111111111111111111111111111111111111111111111111111111114444444444444444444444444444444444444444444444444444444441
1444444444444444444444444444444444444111111111111111111111111111111111111111111111111111111111111111111111111111111111111111111111111111111111114444444444444444444444444444444444444444444444444444444441
1444444444444444444444444444444444444441111111111111111111111111111111111111111111111111111111111111111111111111111111111111111111111111111111114444444444444444444444444444444444444444444444444444444441
1444444444444444444444444444444444444444411111111111111111111111111111111111111111111111111111111111111111111111111111111111111111111111111111144444444444444444444444444444444444444444444444444444444441
1444444444444444444444444444444444444444444111111111111111111111111111111111111111111111111111111111111111111111111111111111111111111111111111144444444444444444444444444444444444444444444444444444444441
1444444444444444444444444444444444444444444411111111111111111111111111111111111111111111111111111111111111111111111111111111111111111111111111144444444444444444444444444444444444444444444444444444444441
1444444444444444444444444444444444444444444441111111111111111111111111111111111111111111111111111111111111111111111111111111111111111111111111144444444444444444444444444444444444444444444444444444444441
1444444444444444444444444444444444444444444444111111111111111111111111111111111111111111111111111111111111111111111111111111111111111111111111144444444444444444444444444444444444444444444444444444444441
1444444444444444444444444444444444444444444444411111111111111111111111111111111111111111111111111111111111111111111111111111111111111111111111144444444444444444444444444444444444444444444444444444444441
1444444444444444444444444444444444444444444444441111111111111111111111111111111111111111111111111111111111111111111111111111111111111111111111444444444444444444444444444444444444444444444444444444444441
1444444444444444444444444444444444444444444444444444444444111111111111111111111111111111111111111111111111111111111111111111111111111111111111444444444444444444444444444444444444444444444444444444444441
1444444444444444444444444444444444444444444444444444444444444444444411111111111111111111111111111111111111111111111111111111111111111111111111444444444444444444444444444444444444444444444444444444444441
1444444444444444444444444444444444444444444444444444444444444444444444444444411111111111111111111111111111111111111111111111111111111111111111444444444444444444444444444444444444444444444444444444444441
1444444444444444444444444444444444444444444444444444444444444444444444444444444444444411111111111111111111111111111111111111111111111111111111444444444444444444444444444444444444444444444444444444444441
1444444444444444444444444444444444444444444444444444444444444444444444444444444444444444444441111111111111111111111111111111111111111111111111444444444444444444444444444444444444444444444444444444444441
1111111111111111111111111111111111111111111111111111111111111111111111111111111111111111111111111111111111111111111111111111111111111111111111111111111111111111111111111111111111111111111111111111111111