111111111111111111111111111111111111111111111111111111111111111111111111111111111111111111111111111111
111111111111111111111111111111111111111111111111111111111111111111111111111111111111111111111111111111
111111111111111111111111111111111111111111111111111111111111111111111111111111000011111111111111111111
111111111111111111111111111111111111111111111111111111111111111111111111111110101100000000000000000011
111111111111111111111111111111111111111111111111111111111011111111111111111101101111111111111111110011
111111111111111111111111111111111111111111111111111111110101111111111111111011110111111111111111101011
111111111111111111111111111111111111111111111111111110001110111000001111110111111011111111111111011011
111111111111111111111111111111111111111111111111111101011111000111110111101111111101111111111110111011
111111111111111111111111111111111111111111111111111101101111011111111011011111111101111111111101111011
111111111111111111111111111111111111111111111111111101101111011111111100011111111001111111000011111011
111111111111111111111111111111111111111111111111000011101111101111111011100001100111111100111111111011
111111111111111111111111111111111111111111111000111011101111101111110111111110011111111011111111111011
111111111111111111111111111111111111111000000110111011101111101110000111111110100011110111111111111011
111111111111111111111111111111111100000111111110110111101111100001111011111101111100001111111111111011
111111111111111111111111111111111011111111111110110111101111101111111101110011111111011111111111111011
111111111111111111111111111111110111111111111110110111101111101111111110000111111110111111111111111011
111111111111111111111111111111101111111111111110000000000000000011111111011011111101111111111111111011
111111111111111111111111111110000011111111111110110111101111101100111110111101111011111111111111111011
111111111111111111111111111001101101111111111110110111101111101111010001111110000011111111111111111011
111111111111111111111000000111101110000000000000000000001111101111101111111111110111111111111111111011
111111111111111111110111100111101111111111111111110111101111101111011111111111101111111111111111111011
111111111111111111101111101000001111111111111111110111101111101111011111111111011111111111111111111011
111111111111111111011111101111100000000000000111110111101111101111011111111110111111111111111111111011
111111111111111110111111101111011111111111111000000000000000000001011111111101111111111111111111000011
111111111111111101111111101111011111111111111111111111111111111110011111111011111111111111111110111111
111111111111110011111111101111011111111111111111111111111111111110100011111011111111111111111001111111
111111111111101111111111101111011111111111111111111111111111111110111100110111111111111110000111111111
111111111111011111111111101111011111111111111111111111111111111110111111001111111001110001111111111111
111111111000111111111111101111011111111111111111111111111111111110111110110111111010001111111111111111
111111111101111111111111100001011111111111111111111111111111111111011101111011111010101111111111111111
111111111110111111111111101110011111111111111111111111111111111111101011111101111010101111111111111111
111111111110111111111111101111011111111111111111111111111111111111110111111110111010101111111111111111
111111111110111111111111101111011111111111111111111111111111111111101111111111011010101111111111111111
111111111111011111111111101111011111111111111111111111111111111111011111111111101010101111111111111111
111111111111011111111111100000011111111111111111111111111111111110111111111111110000101111111111111111
111111111111011111111111101111011111111111111111111111111111111110001111111111111100000001111111111111
111111111111011111111111101111011111111111111111111111111111111101110111111111100011111100111111111111
111111111111011111111111101111011111111111111111111111111111111101111011111100011111111101011111111111
111111111111011110000000001111011111111111111111111111111111111011111101000011111111111101101111111111
111111111111000001111111101111011111111111111111111111111111110111111110111111111111111011110111111111
111111111111101111111111101111011000000111111111111111111111101001111101111111111111111011111011111111
111111111111101111111111101111011011111000000000000111111111011110111011111111111111111011111101111111
111111111111101111111111101111011011111111111111011000000000111111000011111111111111111011111110111111
111111111111101111111111101111011011111111111111011111011110001110111011111111111111111011111111001111
111111111111101111111111101111011011111111111111011110111101110101111011111111111111110111111111110111
111111111111110111111111101111000000000000000000000010111101111011111011111111111111110111111111111011
111111111111110111111111011111111111111111111111011100111011110111110111111111111111101111111111111011
111111111111111011111111011111111111111111111110111101110100110111110001111111111111011111111111111011
111111111111111011111111011111111111111111111110111011110111001111101110111111111110111111111111111011
111111111111111101111111011111111111111111111110111011110111101111101111000000111110111111111111111011
111111111110000000000000000000000001111111111110001011110111110111101111111101000000001111111111110111
111111111101111110111111101111110110000111111110110011110111111011101111111101111101110011111111110111
111111000011111110111111101111110111111011111110111011110111111011011111111101111101111100000111101111
111111101111111110111111101111110111111011111110111011110111111100111111111101111011111111111011101111
111111110111111110111111101111110111111011111110110111101111111110111111111000000011111111111100001111
111111111011111110111111101111110111111000000000110111101111111111011111111011110111111111111111111111
111111111011111110111111101111111011111111111111000111101111111111100001111011110111111111111111111111
111111111011111110111111101111111000001111111111111000011111111111011110000111101111111111111111111111
111111111011111110111111101111100011101111111111111110111111111110111111110111101111111111111111111111
111111111101111110000000000000011111101111111111111110111111111101111111110111011111111111111111111111
111111111110111111111111101111111111101111111111111110111111111101111111111011011111111111111111111111
111111111111011111111111101111111111101111111111111101111111111011111111111100111111111111111111111111
111111111111011111111111101111111111101111111111111101111100010111111111111110111111111111111111111111
111111111111011111111111101111111111101111110000000000111011100111000000000000111111111111111111111111
111111111111101111111111101111111111101111101111111011011011101111011111111110111111111111111111111111
111111111111101111111111101111111111101000011111111011101011101110111111111110111111111111111111111111
111111111111101111111111101111111111100111101111110111110111011110111111111111011111111111111111111111
111111111111110111111111101111111100001111101111110111110000000101111111111111011111111111111111111111
111111111111111011111111100000000011101111110111110111110111111000000000000000001111111111111111111111
111111111111111011111111101111111111101111110000000111110111110111111101111111101111111111111111111111
111111111111111101111111101111111111101111111111110111110111110111111101111111101111111111111111111111
111111111111111110111111101111111111101111111111110111110111110111111101111111101111111111111111111111
111111111111111111011111101111111111101111111111110111110111110111111011111111101111111111111111111111
111111111111111111101111101111111111101111111111110111110111101111110111111111101111111111111111111111
111111111111111111101111101111111111101111111111110000000000000000110111111111101111111111111111111111
111111111111111111101111101111111100001111111111110111111111111111001111111111011111111111111111111111
111111111111111111101111100000000011111111111111110111111111111111111111111110111111111111111111111111
111111111111111111101111101111111111111111111111110111111111111111111111111101111111111111111111111111
111111111111111111101111101111111111111111111111110111111111111111111111111011111111111111111111111111
111111111111111111110111101111111111111100000000000011111111111111111111100011111111111111111111111111
111111111111111111111011101111111111111101101110110100000001111111000000011011111111111111111111111111
111111111111111111111011101111111111111101101110110111111110000000111111111011111111111111111111111111
111111111111111111111011000000000000111101101110110111111111111111111111111011111111111111111111111111
111111111111111111111100111110111110111101101110110111111111111111111111111011111111111111111111111111
111111111111111111111101111110000000000000000000110111111111111111111111111011111111111111111111111111
111111111111111111111110111110111111111110000000000000000000000000000111111011111111111111111111111111
111111111111111111111110111111000000000001111111111111111111111111111000000011111111111111111111111111
111111111111111111111110111110111111111111111111111111111111111111111111111111111111111111111111111111
111111111111111111111111011001111111111111111111111111111111111111111111111111111111111111111111111111
111111111111111111111111100111111111111111111111111111111111111111111111111111111111111111111111111111
111111111111111111111111111111111111111111111111111111111111111111111111111111111111111111111111111111
144444444444444444444444444444444444444444444444444444444444444444444444444444444444444444444444444441
144444444444444444444444444444444444444444444444444444444444444444444444444444444444444444444444444441
144444444444444444444444444444444444444444444444444444444444444444444444444444444444444444444444444441
144444444444444444444444444444444444444444444444444444444444444444444444444444444444444444444444444441
144444444444444444444444444444444444444444444444444444444444444444444444444444444444444444444444444441
144444444444444444444444444444444444444444444444444444444444444444444444444444444444444444444444444441
144444444444444444444444444444444444444444444444444444444444444444444444444444444444444444444444444441
144444444444444444444444444444444444444444444444444444444444444444444444444444444444444444444444444441
144444444444444444444444444444444444444444444444444444444444444444444444444444444444444444444444444441
144444444444444444444444444444444444444444444444444444444444444444444444444444444444444444444444444441
111111111111111111111111111111111111111111111111111111111111111111111111111111111111111111111111111111