111111111111111111111111111111111111111111111111111111111111111111111111111111111111111111111111111111
111111111111111111111111111111111111111111111111111111111111111111111111111181111111111111111111111111
111111111111111111111111111111111111111111111111111111888888888888888888888811000000000001111111111111
111111111111111111111111111111111111111111111888888888111111111111111111111100011111111110000000000011
111111111111111111111111111111111111111111888111111111111011111111111111111011101111111111111111110011
111111111111111111111111111111111111111188111111111111100101111111111111110111110111111111111111001011
111111111111111111111111111111111111888811111111111110011110111100001111101111111011111111111110111011
111111111111111111111111111111118888111111111111111101011111000011110111011111111101111111111101111011
111111111111111111111111111888881111111111111111111011101111011111111010111111111101111111111011111011
111111111111111111111111118111111111111111111111111011101111011111111100111111111001111111110111111011
111111111111111111111111811111111111111111111110000011101111011111111011000001100111111111001111111011
111111111111111111111181111111111111111111000001111011101111101111110111111110011111111110111111111011
111111111111111111118111111111111111110000111101111011101111101110000111111110100111111001111111111011
111111111111111111181111111111111111001111111101110111101111100001111011111101111000000111111111111011
111111111111111111811111111111111100111111111101110111101111101111111101111011111111101111111111111011
111111111111111181111111111111110011111111111101110111101111101111111110000111111111011111111111111011
111111111111111811111111111111100001111111111110000000000000000011111100110111111110111111111111111011
111111111111118111111111111000001110011111111110110111101111101101111011111000011101111111111111111011
111111111111811111111111110111101111101111111110110111101111101110010111111111100011111111111111111011
111111111118111111111110000001101111110000000000000000001111101111101111111111110111111111111111111011
111111111181111111111001101110101111111111111111110111101111101111101111111111101111111111111111111011
111111111811111111100111101111001111111111111111110111101111101111101111111111011111111111111111111011
111111118111111111011111101111100000000000111111110111101111101111011111111110111111111111111111111011
111111118111111110111111101111101111111111000000000000000000001110111111111101111111111111111111110011
111111118111111101111111101111101111111111111111111111111111110000001111111011111111111111111111001111
111111118111111011111111101111101111111111111111111111111111111110110111111011111111111111111110111111
111111181111110111111111101111101111111111111111111111111111111110111000010111111111111111110001111111
111111181111101111111111101111101111111111111111111111111111111110111111101111111001111000001111111111
111111181000011111111111101111011111111111111111111111111111111110111111010111111010000111111111111111
111111811011111111111111100000011111111111111111111111111111111111011110111011111010101111111111111111
111111811011111111111111101111011111111111111111111111111111111111101001111101111010101111111111111111
111111811011111111111111101111011111111111111111111111111111111111110111111110011010101111111111111111
111111811101111111111111101111011111111111111111111111111111111111101111111111101010101111111111111111
111118111110111111111111101111011111111111111111111111111111111111011111111111110010101111111111111111
111118111110111111111111100111011111111111111111111111111111111110011111111111111000101111111111111111
111118111110111111111111101000011111111111111111111111111111111110101111111111111100000001111111111111
111181111110111111111111101111011111111111111111111111111111111101110111111111000011111010111111111111
111181111111011111111111101111011111111111111111111111111111111011111011111110111111111011011111111111
111181111111011100000000001111011111111111111111111111111111110111111101000001111111110111101111111111
111181111111000011111111101111011111111111111111111111111111110011111100111111111111110111110111111111
111181111111101111111111101111011011111111111111111111111111101101111010111111111111110111111011111111
111181111111110111111111101111011000000000000000000011111111011110100110111111111111110111111101111111
111181111111110111111111011111011011111111111111011100000000111111011110111111111111110111111110111111
111181111111111011111111011111011011111111111111011111011101001110111101111111111111101111111111011111
111181111111111011111111011111011011111111111111011111011101110101111101111111111111101111111111101111
111181111111111011111111011111000000000000000000000001011101111011111011111111111111011111111111110011
111181111111111011111111011111111111111111111111011110111011111011111011111111111110111111111111111011
111181111111111011111111011111111111111111111111011110111000110111110111111111111110111111111111111011
111181111111111101111111011111111111111111111110111110111011001111110000001111111101111111111111110111
111181111111111101111111011111111111111111111110111110111011101111101111110000000001111111111111110111
111181110000000000000000000000000011111111111110001101111011101111011111111101111100001111111111110111
111181101111111101111111011111111000011111111110110011110111110111011111111101111101110111111111110111
111181011111111101111111011111111011100011111110111011110111111010111111111011111101111000000111101111
111181101111111101111111011111111011111011111110111011110111111100111111111011111101111111111000101111
111181110111111101111111011111111011111011111110110111101111111110111111111000000011111111111111001111
111181111011111101111111101111111011111000000000110111101111111111011111110111111011111111111111111111
111181111011111101111111101111111011111111111111000011101111111111100011110111111011111111111111111111
111181111011111101111111101111111000001111111111111100011111111111011100000111111011111111111111111111
111181111101111101111111101100000011101111111111111110111111111110111111110111110111111111111111111111
111181111110111110000000000011111111101111111111111101111111111101111111111011110111111111111111111111
111181111110111111111111101111111111101111111111111101111111111011111111111101101111111111111111111111
111118111111011111111111101111111111101111111111111011111111111011111111111110011111111111111111111111
111118111111011111111111101111111111101111111111111011111100001011111111111110011111111111111111111111
111118111111011111111111101111111111101111111100000011111101110111000000000000111111111111111111111111
111111811111011111111111101111111111101111110011111001111011101111011111111110111111111111111111111111
111111811111011111111111101111111111101100001111110110000111101110111111111111011111111111111111111111
111111811111101111111111101111111111100011011111110111110001101101111111111111101111111111111111111111
111111181111101111111111101110000000001111101111110111110110000101111111111111101111111111111111111111
111111181111101111111111100001111111101111101111110111110111111000000000000000001111111111111111111111
111111181111101111111111101111111111101111110000000111110111110111111101111111101111111111111111111111
111111181111101111111111101111111111101111111111110111110111110111111011111111101111111111111111111111
111111181111110111111111101111111111101111111111110111110111110111110111111111101111111111111111111111
111111118111110111111111101111111111101111111111110111110111110111110111111111101111111111111111111111
111111118111110111111111101111111111101111111111110111110111101111110111111111011111111111111111111111
111111118111111011111111101111111111101111111111110000000000000111101111111111011111111111111111111111
111111118111111011111111101111111000001111111111110111111111111000001111111110111111111111111111111111
111111111811111101111111100000000111111111111111110111111111111111111111111101111111111111111111111111
111111111811111101111111101111111111111111111111110111111111111111111111111011111111111111111111111111
111111111181111110111111101111111111111111111111110111111111111111111111111011111111111111111111111111
111111111181111111011111101111111111111100000000000000001111111111100000000011111111111111111111111111
111111111118111111101111101111111111111101101110110111110001111100011111111011111111111111111111111111
111111111111811111110111110111111111111101101110110111111110000011111111111011111111111111111111111111
111111111111181111110111110000000000111101101110110111111111111111111111111011111111111111111111111111
111111111111118111111010001110111111011101101110110111111111111111111111111011111111111111111111111111
111111111111111811111101111110000000000000000000110111111111111111111111111011111111111111111111111111
111111111111111181111110111110111111111111111100000000000000001111111111111011111111111111111111111111
111111111111111118111110111111111000000000000011111111111111110000000000000011111111111111111111111111
111111111111111111811111011110000111111111111111111111111111111111111111111111111111111111111111111111
111111111111111111181111011001111111111111111111111111111111111111111111111111111111111111111111111111
111111111111111111118111100111111111111111111111111111111111111111111111111111111111111111111111111111
111111111111111111111811111111111111111111111111111111111111111111111111111111111111111111111111111111
144444444444444444444444444444444444444444444444444444444444444444444444444444444444444444444444444441
144444444444444444444444444444444444444444444444444444444444444444444444444444444444444444444444444441
144444444444444444444444444444444444444444444444444444444444444444444444444444444444444444444444444441
144444444444444444444444444444444444444444444444444444444444444444444444444444444444444444444444444441
144444444444444444444444444444444444444444444444444444444444444444444444444444444444444444444444444441
144444444444444444444444444444444444444444444444444444444444444444444444444444444444444444444444444441
144444444444444444444444444444444444444444444444444444444444444444444444444444444444444444444444444441
144444444444444444444444444444444444444444444444444444444444444444444444444444444444444444444444444441
144444444444444444444444444444444444444444444444444444444444444444444444444444444444444444444444444441
144444444444444444444444444444444444444444444444444444444444444444444444444444444444444444444444444441
111111111111111111111111111111111111111111111111111111111111111111111111111111111111111111111111111111