111111111111111111111111111111111111111111111111111111111111111111111111111111111111111111111111111111
111111111111111111111111111111111111111111111111111111111111111111111111111181111111111111111111111111
111111111111111111111111111111111111111111111111111111888888888888888888888811000000011111111111111111
111111111111111111111111111111111111111111111888888888111111111111111111111100101111100000000000000011
111111111111111111111111111111111111111111888111111111110011111111111111111011110111111111111111100011
111111111111111111111111111111111111111188111111111111001101111111111111110111110111111111111111011011
111111111111111111111111111111111111888811111111111110111110111100001111101111110111111111111110111011
111111111111111111111111111111118888111111111111111100111111000011110111011111110111111111111101111011
111111111111111111111111111888881111111111111111111101011111011111111010111111111011111111111011111011
111111111111111111111111118111111111111111111111111011101111011111111100011111111101111111110111111011
111111111111111111111111811111111111111111111111000011101111011111111011100111110011111111101111111011
111111111111111111111181111111111111111110000000111011101111011111110111111000001111111111011111111011
111111111111111111118111111111111111111001111101111011101111011100001111111101100000111110111111111011
111111111111111111181111111111111111000111111110111011101111100011110001111011111111000001111111111011
111111111111111111811111111111111100111111111110111011101111101111111110110111111111011111111111111011
111111111111111181111111111111110011111111111110110111101111101111111111000111111110111111111111111011
111111111111111811111111111111101111111111111110000000000000000111111111011001111110111111111111111011
111111111111118111111111111000000001111111111110110111101111101001111110111110000101111111111111111011
111111111111811111111111110111101110011111111110110111101111101110110001111111111011111111111111111011
111111111118111111111111100111101111100000000000000000001111101111001111111111110111111111111111111011
111111111181111111111110001000101111111111111111110111101111101111101111111111101111111111111111111011
111111111811111111111101101111001111111111111111110111101111101111011111111111011111111111111111111011
111111118111111111110011101111100000000000000111110111101111101111011111111110111111111111111111111011
111111118111111111101111101111101111111111111000000000000000000001011111111101111111111111111111110011
111111118111111111011111101111101111111111111111111111111111111110011111111011111111111111111111001111
111111118111111100111111101111101111111111111111111111111111111110100111111011111111111111111110111111
111111181111000011111111101111101111111111111111111111111111111110111011110111111111111111111101111111
111111181100111111111111101111101111111111111111111111111111111110111100000111111011111111100011111111
111111181011111111111111101111101111111111111111111111111111111110111110011011111000000000011111111111
111111811011111111111111100011011111111111111111111111111111111111011101111101111010101111111111111111
111111811011111111111111101100011111111111111111111111111111111111101011111110111010101111111111111111
111111811011111111111111101111011111111111111111111111111111111111110111111111011010101111111111111111
111111811101111111111111101111011111111111111111111111111111111111101111111111101010101111111111111111
111118111101111111111111101111011111111111111111111111111111111111011111111111110010101111111111111111
111118111110111111111111100011011111111111111111111111111111111110111111111111111010101111111111111111
111118111110111111111111101100011111111111111111111111111111111101011111111111111100000001111111111111
111181111110111111111111101111011111111111111111111111111111111101101111111111111011111100111111111111
111181111110111111111111101111011111111111111111111111111111111011110111111111000111111011011111111111
111181111111011111110000001111011111111111111111111111111111111011111011111000111111111011100111111111
111181111111000000001111101111011111111111111111111111111111110011111100000111111111110111111011111111
111181111111011111111111101111011000001111111111111111111111101101111101111111111111110111111101111111
111181111111011111111111101111011011110000000000000000011111011110110001111111111111110111111110111111
111181111111101111111111101111011011111111111111011111100000111111001101111111111111101111111111011111
111181111111101111111111101111011011111111111111011111011101011110111101111111111111101111111111101111
111181111111101111111111101111011011111111111111011111011101101101111011111111111111011111111111110111
111181111111110111111111101111000000000000000000001110111101110011111011111111111110111111111111111011
111181111111110111111111101111111111111111111110110000111001110111111011111111111110111111111111111011
111181111111111011111111101111111111111111111110111110111010101111110000001111111110111111111111110111
111181111111111101111111101111111111111111111110111110111011001111110111110111111101111111111111110111
111181111111111101111111101111111111111111111110111101110111110111101111111000011101111111111111110111
111181111111111100000000000000000000111111111110011011110111111011101111111101100000001111111111110111
111181111111111001111111011111110111011111111110100011110111111101101111111101111011110111111111101111
111181000000000101111111101111111011100011111110110111101111111101101111111101111011111000011111101111
111181101111111101111111101111111011111011111110110111101111111101011111111011111011111111100011101111
111181101111111110111111101111111011111011111110110111101111111110111111111000000011111111111100001111
111181101111111110111111101111111011111000000000000111011111111111011111110111110111111111111111111111
111181101111111110111111101111111011111111111111110111011111111111100011110111110111111111111111111111
111181110111111110111111101111111011101111111111111000011111111111101100000111110111111111111111111111
111181111011111110111111101111111000001111111111111110111111111111011111111011110111111111111111111111
111181111011111110000000000000000111101111111111111101111111111110111111111011101111111111111111111111
111181111101111111111111101111111111101111111111111101111111111101111111111101101111111111111111111111
111118111101111111111111101111111111101111111111111101111111111011111111111101011111111111111111111111
111118111101111111111111101111111111101111111111111011111100000111111111111110111111111111111111111111
111118111101111111111111101111111111101111111111110011111101110111000000000000111111111111111111111111
111111811101111111111111101111111111101111111111101000011011101111011111111111011111111111111111111111
111111811101111111111111101111111111101111000000010111100111101110111111111111011111111111111111111111
111111811101111111111111101111111111101000011111110111110111011101111111111111011111111111111111111111
111111181110111111111111101111111000000111101111110111110000000101111111111111101111111111111111111111
111111181111011111111111100000000111101111101111110111110111111000000000000000001111111111111111111111
111111181111101111111111101111111111101111110000000111110111110111111101111111011111111111111111111111
111111181111101111111111101111111111101111111111110111110111101111111011111111011111111111111111111111
111111181111101111111111101111111111101111111111110111110111101111110111111111011111111111111111111111
111111118111101111111111101111111111101111111111110111110111101111101111111111011111111111111111111111
111111118111101111111111101111111111101111111111110111110111011111101111111110111111111111111111111111
111111118111110111111111101111111111101111111111110000000000000000001111111110111111111111111111111111
111111118111110111111111101111111111101111111111110111111111111111101111111110111111111111111111111111
111111111811111011111111100000000000011111111111110111111111111111111111111101111111111111111111111111
111111111811111101111111101111111111111111111111110111111111111111111111111101111111111111111111111111
111111111181111110111111110111111111111111111111110111111111111111111111111011111111111111111111111111
111111111181111111011111110111111111111100000000000111111111111111111111110011111111111111111111111111
111111111118111111101111110111111111111101101110110000000011111111111100001011111111111111111111111111
111111111111811111110111110111111111111101101110110111111100000000000011111011111111111111111111111111
111111111111181111110111000000000000111101101110110111111111111111111111111011111111111111111111111111
111111111111118111111010111110111110111101101110110111111111111111111111111011111111111111111111111111
111111111111111811111101111110111100000000000000110111111111111111111111111011111111111111111111111111
111111111111111181111110111110000011111111100000000000000000000011111111111011111111111111111111111111
111111111111111118111110111111111100000000011111111111111111111100000000000011111111111111111111111111
111111111111111111811111011111100011111111111111111111111111111111111111111111111111111111111111111111
111111111111111111181111011111011111111111111111111111111111111111111111111111111111111111111111111111
111111111111111111118111100000111111111111111111111111111111111111111111111111111111111111111111111111
111111111111111111111811111111111111111111111111111111111111111111111111111111111111111111111111111111
144444444444444444444444444444444444444444444444444444444444444444444444444444444444444444444444444441
144444444444444444444444444444444444444444444444444444444444444444444444444444444444444444444444444441
144444444444444444444444444444444444444444444444444444444444444444444444444444444444444444444444444441
144444444444444444444444444444444444444444444444444444444444444444444444444444444444444444444444444441
144444444444444444444444444444444444444444444444444444444444444444444444444444444444444444444444444441
144444444444444444444444444444444444444444444444444444444444444444444444444444444444444444444444444441
144444444444444444444444444444444444444444444444444444444444444444444444444444444444444444444444444441
144444444444444444444444444444444444444444444444444444444444444444444444444444444444444444444444444441
144444444444444444444444444444444444444444444444444444444444444444444444444444444444444444444444444441
144444444444444444444444444444444444444444444444444444444444444444444444444444444444444444444444444441
111111111111111111111111111111111111111111111111111111111111111111111111111111111111111111111111111111