111111111111111111111111111111111111111111111111111111111111111111111111111111111111111111111111111111
111111111111111111111111111111111111111111111111111111111111111111111111111181111111111111111111111111
111111111111111111111111111111111111111111111111111111888888888888888888888811000000000011111111111111
111111111111111111111111111111111111111111111888888888111111111111111111111100011111111100000000000011
111111111111111111111111111111111111111111888111111111100011111111111111111011011111111111111111110011
111111111111111111111111111111111111111188111111111111011101111111111111110111101111111111111111001011
111111111111111111111111111111111111888811111111111110111110110000001111101111110111111111111110111011
111111111111111111111111111111118888111111111111111101011111001111110111011111111011111111111101111011
111111111111111111111111111888881111111111111111111101011111011111111010111111111101111111111011111011
111111111111111111111111118111111111111111111111111101101111011111111100111111111001111111110111111011
111111111111111111111111811111111111111111111111111011101111011111111011011111110111111110001111111011
111111111111111111111181111111111111111111111100000011101111101111110111100000001111111101111111111011
111111111111111111118111111111111111110000000001111011101111101110001111111110110011111011111111111011
111111111111111111181111111111111111101111111101111011101111100001110111111101111100000111111111111011
111111111111111111811111111111111111011111111101111011101111101111111000011011111111011111111111111011
111111111111111181111111111111110000111111111101111011101111101111111111000111111110111111111111111011
111111111111111811111111111111000011111111111110000000000000001111111110110011111110111111111111111011
111111111111118111111111111110101100111111111110110111101111100011111101111100000101111111111111111011
111111111111811111111111110001101111001111111110110111101111101101110011111111111011111111111111111011
111111111118111111111110001111101111110000000000000000001111101110001111111111110111111111111111111011
111111111181111111111101100011101111111111111111110111101111101111011111111111101111111111111111111011
111111111811111111111011101100101111111111111111110111101111101111011111111111011111111111111111111011
111111118111111111110111101111000000000000111111110111101111101111011111111110111111111111111111111011
111111118111111110001111101111101111111111000000000000000000000001011111111101111111111111111111111011
111111118111111101111111101111101111111111111111111111111111111110000011111011111111111111111000000111
111111118111111011111111101111101111111111111111111111111111111110111101111011111111111111100111111111
111111181111110111111111101111101111111111111111111111111111111110111110010111111111111111011111111111
111111181100001111111111101111101111111111111111111111111111111110111111101111111001111000111111111111
111111181011111111111111101111011111111111111111111111111111111110111110010111111010000111111111111111
111111811101111111111111100000011111111111111111111111111111111111011101111001111010101111111111111111
111111811101111111111111101111011111111111111111111111111111111111101011111110111010101111111111111111
111111811101111111111111101111011111111111111111111111111111111111110111111111011010101111111111111111
111111811101111111111111101111011111111111111111111111111111111111101111111111101010101111111111111111
111118111101111111111111101111011111111111111111111111111111111111011111111111110010101111111111111111
111118111101111111111111101111011111111111111111111111111111111110111111111111111010101111111111111111
111118111101111111111111100000011111111111111111111111111111111110011111111111100000000001111111111111
111181111110111111111111101111011111111111111111111111111111111101101111111100011111111100111111111111
111181111111011111111111101111011111111111111111111111111111111011110111100011111111111101011111111111
111181111111011000000000001111011111111111111111111111111111111011111011011111111111111011101111111111
111181111111000111111111101111011111111111111111111111111111110111111100111111111111110111110111111111
111181111111011111111111101111011000000000111111111111111111101011111100111111111111110111111011111111
111181111111101111111111101111011011111111000000011111111111011100100010111111111111101111111101111111
111181111111101111111111101111011011111111111111000000000000111111011110111111111111101111111110111111
111181111111101111111111101111011011111111111111011111011110011110111110111111111111101111111111011111
111181111111110111111111101111011011111111111111011110111110101101111101111111111111101111111111101111
111181111111110111111111101111000000000000000000000010111101110011111101111111111111101111111111110011
111181111111111011111111101111111111111111111111011100111001110111111011111111111111011111111111110111
111181111111111101111111101111111111111111111111011101110110001111110000011111111110111111111111110111
111181111111111101111111011111111111111111111111011101110111101111101111100011111110111111111111110111
111181111111111101111111011111111111111111111110111101110111110111011111111100111110111111111111110111
111181111111111100000000000000000001111111111110011101101111111010111111111011000001111111111111110111
111181111111000010111111011111111010001111111110100011011111111010111111111011111100000111111111110111
111181000000111110111111011111111011110011111110111011011111111100111111111011111101111000111111110111
111181011111111110111111011111111011111011111110111011011111111110111111111011111011111111011111101111
111181011111111110111111101111111011111011111110111011011111111110111111111000000011111111100000001111
111181101111111110111111101111111011111000000000110111011111111111011111111011111011111111111111111111
111181101111111110111111101111111011111111111111000001011111111111100001110111111011111111111111111111
111181110111111110111111101111111010001111111111111110011111111111011110000111110111111111111111111111
111181110111111110111111101111000001101111111111111111011111111110111111111011110111111111111111111111
111181111011111110000000000000111111101111111111111110111111111101111111111011110111111111111111111111
111181111011111111111111101111111111101111111111111101111111111011111111111011101111111111111111111111
111118111011111111111111101111111111101111111111111011111111110111111111111101101111111111111111111111
111118111011111111111111101111111111101111111111111011111100000111111111111101011111111111111111111111
111118111011111111111111101111111111101111111111000001111101110111000000000000111111111111111111111111
111111811011111111111111101111111111101111100000111010111101101111011111111110111111111111111111111111
111111811011111111111111101111111111101111011111111011011011011110111111111110111111111111111111111111
111111811101111111111111101111111111100000011111110111100011011101111111111110111111111111111111111111
111111181101111111111111101111111110001111101111110111110100011011111111111111011111111111111111111111
111111181110111111111111100000000001101111110111110111110111100000000000000000001111111111111111111111
111111181110111111111111101111111111101111110000000111110111111011111011111111101111111111111111111111
111111181111011111111111101111111111101111111111110111110111110111110111111111101111111111111111111111
111111181111101111111111101111111111101111111111110111110111101111110111111111101111111111111111111111
111111118111101111111111101111111111101111111111110111110111101111110111111111011111111111111111111111
111111118111101111111111101111111111101111111111110111110111011111110111111110111111111111111111111111
111111118111110111111111101111111111101111111111110000000000000111110111111101111111111111111111111111
111111118111111011111111101111111100001111111111110111111111111000001111111101111111111111111111111111
111111111811111011111111100000000011111111111111110111111111111111111111111101111111111111111111111111
111111111811111011111111101111111111111111111111110111111111111111111111111101111111111111111111111111
111111111181111101111111101111111111111111111111110111111111111111111111111101111111111111111111111111
111111111181111110111111101111111111111100000000000011111111111111111000000011111111111111111111111111
111111111118111111011111101111111111111101101110110100011111100000000111111011111111111111111111111111
111111111111811111101111110111111111111101101110110111100000011111111111111011111111111111111111111111
111111111111181111110111100000000000111101101110110111111111111111111111111011111111111111111111111111
111111111111118111111010011110111111011101101110110111111111111111111111111011111111111111111111111111
111111111111111811111101111110111111000000000000110111111111111111111111111011111111111111111111111111
111111111111111181111110111110000000111110000000000000011111111111111111111011111111111111111111111111
111111111111111118111110111111111111110001111111111111100000000000000000000011111111111111111111111111
111111111111111111811110111111111110001111111111111111111111111111111111111111111111111111111111111111
111111111111111111181111011000000001111111111111111111111111111111111111111111111111111111111111111111
111111111111111111118111100111111111111111111111111111111111111111111111111111111111111111111111111111
111111111111111111111811111111111111111111111111111111111111111111111111111111111111111111111111111111
144444444444444444444444444444444444444444444444444444444444444444444444444444444444444444444444444441
144444444444444444444444444444444444444444444444444444444444444444444444444444444444444444444444444441
144444444444444444444444444444444444444444444444444444444444444444444444444444444444444444444444444441
144444444444444444444444444444444444444444444444444444444444444444444444444444444444444444444444444441
144444444444444444444444444444444444444444444444444444444444444444444444444444444444444444444444444441
144444444444444444444444444444444444444444444444444444444444444444444444444444444444444444444444444441
144444444444444444444444444444444444444444444444444444444444444444444444444444444444444444444444444441
144444444444444444444444444444444444444444444444444444444444444444444444444444444444444444444444444441
144444444444444444444444444444444444444444444444444444444444444444444444444444444444444444444444444441
144444444444444444444444444444444444444444444444444444444444444444444444444444444444444444444444444441
111111111111111111111111111111111111111111111111111111111111111111111111111111111111111111111111111111