111111111111111111111111111111111111111111111111111111111111111111111111111111111111111111111111111111
111111111111111111111111111111111111111111111111111111111111111111111111111181111111111111111111111111
111111111111111111111111111111111111111111111111111111888888888888888888888811000011111111111111111111
111111111111111111111111111111111111111111111888888888111111111111111111111110101100000000000000000011
111111111111111111111111111111111111111111888111111111111011111111111111111101110111111111111111101011
111111111111111111111111111111111111111188111111111111110101111111111111111011111011111111111111011011
111111111111111111111111111111111111888811111111111110001110111110001111110111111011111111111110111011
111111111111111111111111111111118888111111111111111110011111000001110111001111111101111111111101111011
111111111111111111111111111888881111111111111111111101101111101111111010111111111101111111111011111011
111111111111111111111111118111111111111111111111111101101111101111111100000111111001111111000111111011
111111111111111111111111811111111111111111111111111011101111101111111011111000110111111100111111111011
111111111111111111111181111111111111111111100000000011101111101111110111111111001111111011111111111011
111111111111111111118111111111111111111000011101111011101111101110000111111110101111110111111111111011
111111111111111111181111111111111111100111111101110111101111100001111011111001110000001111111111111011
111111111111111111811111111111111111011111111101110111101111101111111100010111111111011111111111111011
111111111111111181111111111111111100111111111101110111101111101111111111101111111110111111111111111011
111111111111111811111111111111100011111111111110000000000000001111111111010111111110111111111111111011
111111111111118111111111111100001011111111111110110111101111100000111100111000111101111111111111111011
111111111111811111111111111011101101111111111110110111101111101111010011111111000011111111111111111011
111111111118111111111111100111101110000000000000000000001111101111101111111111110111111111111111111011
111111111181111111111100000000101111111111111111110111101111101111011111111111101111111111111111111011
111111111811111111111011101111001111111111111111110111101111101111011111111111011111111111111111111011
111111118111111111100111101111100000000011111111110111101111101111011111111110111111111111111111111011
111111118111111111011111101111101111111100000000000000000000001111011111111101111111111111111111100011
111111118111111000111111101111011111111111111111111111111111110000111111111011111111111111111110011111
111111118111110111111111101111011111111111111111111111111111111110000011110111111111111111111101111111
111111181111101111111111101111011111111111111111111111111111111110111101101111111111111111110011111111
111111181110011111111111101111011111111111111111111111111111111110111110001111111011111110001111111111
111111181001111111111111101111011111111111111111111111111111111110111111010011111000000001111111111111
111111811011111111111111100001011111111111111111111111111111111111011110111101111010101111111111111111
111111811101111111111111101110011111111111111111111111111111111111101001111110111010101111111111111111
111111811101111111111111101111011111111111111111111111111111111111110111111111011010101111111111111111
111111811110111111111111101111011111111111111111111111111111111111101111111111101010101111111111111111
111118111110111111111111101111011111111111111111111111111111111111011111111111110010101111111111111111
111118111110111111111111101111011111111111111111111111111111111110011111111111111000101111111111111111
111118111110111111111111100000011111111111111111111111111111111101101111111111111110000001111111111111
111181111110111111111111101111011111111111111111111111111111111101110111111111000001111100111111111111
111181111110111111111111101111011111111111111111111111111111111011111011111110111111111101011111111111
111181111111011111111110001111011111111111111111111111111111110111111101000001111111111011101111111111
111181111111000000000001101111011111111111111111111111111111110011111110111111111111111011110111111111
111181111111011111111111101111011000000000000001111111111111101101111100111111111111111011111011111111
111181111111011111111111101111011011111111111110011111111111011110111001111111111111111011111101111111
111181111111101111111111101111011011111111111111000000000000111111000101111111111111110111111110111111
111181111111110111111111101111011011111111111111011111011110001110111101111111111111101111111111011111
111181111111110111111111101111011011111111111111011111011110110101111101111111111111101111111111101111
111181111111110111111111101111000000000000000000000111011101111011111011111111111111101111111111110011
111181111111110111111111101111111111111111111110111000111011110111110111111111111111011111111111111011
111181111111111011111111101111111111111111111110111101111000010111110000011111111110111111111111111011
111181111111111101111111101111111111111111111110111101111011101111101111100111111110111111111111111011
111181111111111101111111101111111111111111111110111101111011110111101111111000000110111111111111111011
111181111111111000000000000000000011111111111110111101111011111011011111111101111001111111111111111011
111181111111100110111111011111110100011111111110000011110111111011011111111101111100000000000111110111
111181000000011110111111011111110111100011111110111011110111111011011111111101111011111111111000110111
111181011111111110111111011111110111111011111110111011110111111101011111111101111011111111111111001111
111181101111111110111111011111110111111011111110111011101111111110111111111000000011111111111111101111
111181110111111110111111101111110111111000000000000111011111111111011111111011111011111111111111111111
111181111011111110111111101111111011111111111111110011011111111111100000010111110111111111111111111111
111181111101111110111111101111111000001111111111111100011111111111011111100111101111111111111111111111
111181111110111110111111101111111011101111111111111110111111111110111111111011101111111111111111111111
111181111110111110000000000000000111101111111111111110111111111101111111111011011111111111111111111111
111181111110111111111111101111111111101111111111111101111111111011111111111010111111111111111111111111
111118111111011111111111101111111111101111111111111101111111111011111111111100111111111111111111111111
111118111111101111111111101111111111101111111111111011111101111011111111111100111111111111111111111111
111118111111110111111111101111111111101111111100000011111100000111000000000000111111111111111111111111
111111811111111011111111101111111111101111100011110101111101110111011111111110111111111111111111111111
111111811111111101111111101111111111101110011111110110111011101111011111111110111111111111111111111111
111111811111111101111111101111111111101001011111110111000111101110111111111111011111111111111111111111
111111181111111101111111101111111110000111101111110111110000000101111111111111011111111111111111111111
111111181111111101111111100000000001101111110111110111110111111000000000000000001111111111111111111111
111111181111111110111111101111111111101111110000000111110111110111111101111111011111111111111111111111
111111181111111111011111101111111111101111111111110111110111101111111101111111011111111111111111111111
111111181111111111101111101111111111101111111111110111110111101111111011111111011111111111111111111111
111111118111111111110111101111111111101111111111110111110111101111111011111110111111111111111111111111
111111118111111111110111101111111111101111111111110111110111101111110111111110111111111111111111111111
111111118111111111110111101111111111101111111111110000000000000011101111111101111111111111111111111111
111111118111111111111011100000000000001111111111110111111111111100001111111101111111111111111111111111
111111111811111111111011101111111111111111111111110111111111111111111111111101111111111111111111111111
111111111811111111111011101111111111111111111111110111111111111111111111111101111111111111111111111111
111111111181111111111011101111111111111111111111110111111111111111111111111101111111111111111111111111
111111111181111111111101110111111111111100000000000001111111111111000000000011111111111111111111111111
111111111118111111111101110111111111111101101110110110000011111100111111111011111111111111111111111111
111111111111811111111101110111111111111101101110110111111100000011111111111011111111111111111111111111
111111111111181111111101110000000000111101101110110111111111111111111111111011111111111111111111111111
111111111111118111111100001110111111011101101110110111111111111111111111111011111111111111111111111111
111111111111111811111101111110000000000000000000110111111111111111111111111011111111111111111111111111
111111111111111181111101111110111111111111111111100000000000111111111111111011111111111111111111111111
111111111111111118111110111111111111000000000000011111111111000000000000000011111111111111111111111111
111111111111111111811111011111000000111111111111111111111111111111111111111111111111111111111111111111
111111111111111111181111101000111111111111111111111111111111111111111111111111111111111111111111111111
111111111111111111118111100111111111111111111111111111111111111111111111111111111111111111111111111111
111111111111111111111811111111111111111111111111111111111111111111111111111111111111111111111111111111
144444444444444444444444444444444444444444444444444444444444444444444444444444444444444444444444444441
144444444444444444444444444444444444444444444444444444444444444444444444444444444444444444444444444441
144444444444444444444444444444444444444444444444444444444444444444444444444444444444444444444444444441
144444444444444444444444444444444444444444444444444444444444444444444444444444444444444444444444444441
144444444444444444444444444444444444444444444444444444444444444444444444444444444444444444444444444441
144444444444444444444444444444444444444444444444444444444444444444444444444444444444444444444444444441
144444444444444444444444444444444444444444444444444444444444444444444444444444444444444444444444444441
144444444444444444444444444444444444444444444444444444444444444444444444444444444444444444444444444441
144444444444444444444444444444444444444444444444444444444444444444444444444444444444444444444444444441
144444444444444444444444444444444444444444444444444444444444444444444444444444444444444444444444444441
111111111111111111111111111111111111111111111111111111111111111111111111111111111111111111111111111111