111111111111111111111111111111111111111111111111111111111111111111111111111111111111111111111111111111
111111111111111111111111111111111111111111111111111111111111111111111111111111111111111111111111111111
111111111111111111111111111111111111111111111111111111111111111111111111111110000000000000000111111111
111111111111111111111111111111111111111111111111111111111111111111111111111101011111111111111000000011
111111111111111111111111111111111111111111111111111111111011111111111111111011101111111111111111110011
111111111111111111111111111111111111111111111111111111100101111111111111110111110111111111111111101011
111111111111111111111111111111111111111111111111111110011110111111101111101111110111111111111111011011
111111111111111111111111111111111111111111111111111110011111000000010111011111111011111111111110111011
111111111111111111111111111111111111111111111111111101101111011111111010111111111101111111111101111011
111111111111111111111111111111111111111111111111111011101111011111111100111111111101111111100011111011
111111111111111111111111111111111111111111111111000011101111011111111011011111100011111110011111111011
111111111111111111111111111111111111111110000000110111101111011111110111100000001111111101111111111011
111111111111111111111111111111111111110001111101110111101111101100001111111110110000010011111111111011
111111111111111111111111111111111111101111111101110111101111100011110001111101111111101111111111111011
111111111111111111111111111111111111011111111101110111101111101111111110010011111111011111111111111011
111111111111111111111111111111111000111111111110110111101111101111111111001111111110111111111111111011
111111111111111111111111111111000111111111111110000000000000000111111100110000111101111111111111111011
111111111111111111111111111110100011111111111110110111101111101011111011111111011101111111111111111011
111111111111111111111111111101101101111111111110110111101111101100010111111111100011111111111111111011
111111111111111111111111100011101110000000000000000000001111101111101111111111110111111111111111111011
111111111111111111111111000111101111111111111111110111101111101111011111111111101111111111111111111011
111111111111111111111000101000001111111111111111110111101111101111011111111111011111111111111111111011
111111111111111111110111101111100000011111111111110111101111101111011111111110111111111111111111111011
111111111111111111101111101111101111100000000000000000000000000011011111111101111111111111111111110011
111111111111111111011111101111011111111111111111111111111111111100001111111011111111111111111111001111
111111111111110000111111101111011111111111111111111111111111111110110011111011111111111111111100111111
111111111111001111111111101111011111111111111111111111111111111110111101110111111111111111110011111111
111111111100111111111111101111011111111111111111111111111111111110111110001111111001111111001111111111
111111111011111111111111101111011111111111111111111111111111111110111111010111111010000000111111111111
111111111101111111111111100111011111111111111111111111111111111111011110111011111010101111111111111111
111111111101111111111111101000011111111111111111111111111111111111101101111101111010101111111111111111
111111111110111111111111101111011111111111111111111111111111111111110011111110111010101111111111111111
111111111110111111111111101111011111111111111111111111111111111111101111111111011010101111111111111111
111111111110111111111111101111011111111111111111111111111111111111011111111111100010101111111111111111
111111111110111111111111100011011111111111111111111111111111111110111111111111111000101111111111111111
111111111111011111111111101100011111111111111111111111111111111101011111111111111100000000111111111111
111111111111011111111111101111011111111111111111111111111111111101101111111111111011111101011111111111
111111111111011111111111101111011111111111111111111111111111111011110111111100000111111101101111111111
111111111111000000000000001111011111111111111111111111111111111011111011110011111111111011110111111111
111111111111011111111111101111011111111111111111111111111111110011111100001111111111111011111011111111
111111111111101111111111011111011000000000000111111111111111101101111101111111111111111011111101111111
111111111111101111111111011111011011111111111000000011111111011110110011111111111111111011111110111111
111111111111101111111111011111011011111111111111011100000000111111001011111111111111111011111111011111
111111111111101111111111011111011011111111111111011111101110001110110111111111111111110111111111101111
111111111111101111111111011111011011111111111111011111101110110101110111111111111111110111111111110111
111111111111101111111111011111000000000000000000000001011101111011110111111111111111101111111111111011
111111111111110111111111011111111111111111111111011110111011110111110111111111111111011111111111111011
111111111111110111111111011111111111111111111111011101111000010111110011111111111110111111111111111011
111111111111110111111111011111111111111111111111011011111011101111101100001111111110111111111111111011
111111111111111011111111011111111111111111111110111011111011110111011111110001111110111111111111111011
111111111111111000000000000000000001111111111110001011111011110111011111111100000000000111111111111011
111111111110000101111111011111110110011111111110110011111011111011011111111101111101111000011111110111
111111000001111101111111011111110111100011111110111011111011111101011111111101111101111111100011110111
111111101111111110111111011111110111111011111110110111110111111100111111111101111011111111111100110111
111111110111111110111111011111111011111011111110110111101111111110111111111000000011111111111111001111
111111111011111110111111011111111011111000000000010111101111111111011111111011111011111111111111111111
111111111101111110111111011111111011111111111111100001101111111111100011110111111011111111111111111111
111111111110111110111111011111111011101111111111111110011111111111011100000111110111111111111111111111
111111111111011110111111101111100000001111111111111110111111111111011111110111101111111111111111111111
111111111111101110000000000000011111101111111111111101111111111111011111111011011111111111111111111111
111111111111110111111111101111111111101111111111111101111111111110111111111010111111111111111111111111
111111111111111011111111101111111111101111111111111101111111111101111111111100111111111111111111111111
111111111111111101111111101111111111101111111111111011111101111011111111111110111111111111111111111111
111111111111111101111111101111111111101111111111110001111010000111000000000000111111111111111111111111
111111111111111101111111101111111111101111110000001010011011101111011111111110111111111111111111111111
111111111111111110111111101111111111101111001111111011100111101111011111111111011111111111111111111111
111111111111111110111111101111111111101100011111110111110011101110111111111111101111111111111111111111
111111111111111110111111101110000000000011101111110111110100000101111111111111101111111111111111111111
111111111111111110111111100001111111101111101111110111110111111000000000000000001111111111111111111111
111111111111111111011111101111111111101111110000000111110111111011111011111111101111111111111111111111
111111111111111111011111101111111111101111111111110111110111110111111011111111011111111111111111111111
111111111111111111011111101111111111101111111111110111110111110111111011111111011111111111111111111111
111111111111111111011111101111111111101111111111110111110111101111110111111110111111111111111111111111
111111111111111111011111101111111111101111111111110111110111011111110111111110111111111111111111111111
111111111111111111011111101111111111101111111111110000000000000111101111111101111111111111111111111111
111111111111111111101111101111111100001111111111110111111111111000001111111101111111111111111111111111
111111111111111111110111100000000011111111111111110111111111111111111111111101111111111111111111111111
111111111111111111110111101111111111111111111111110111111111111111111111111011111111111111111111111111
111111111111111111111011101111111111111111111111110111111111111111111111111011111111111111111111111111
111111111111111111111011101111111111111100000000000000000001111111111111111011111111111111111111111111
111111111111111111111011101111111111111101101110110111111110111111100000000011111111111111111111111111
111111111111111111111011101111111111111101101110110111111111000000011111111011111111111111111111111111
111111111111111111111101100000000000111101101110110111111111111111111111111011111111111111111111111111
111111111111111111111101011110111110111101101110110111111111111111111111111011111111111111111111111111
111111111111111111111100111110111110000000000000110111111111111111111111111011111111111111111111111111
111111111111111111111110111110000001111100000000000011111111111111111111111011111111111111111111111111
111111111111111111111111011111111110000011111111111100000000000000000000000011111111111111111111111111
111111111111111111111111011111111101111111111111111111111111111111111111111111111111111111111111111111
111111111111111111111111011110000011111111111111111111111111111111111111111111111111111111111111111111
111111111111111111111111100001111111111111111111111111111111111111111111111111111111111111111111111111
111111111111111111111111111111111111111111111111111111111111111111111111111111111111111111111111111111
144444444444444444444444444444444444444444444444444444444444444444444444444444444444444444444444444441
144444444444444444444444444444444444444444444444444444444444444444444444444444444444444444444444444441
144444444444444444444444444444444444444444444444444444444444444444444444444444444444444444444444444441
144444444444444444444444444444444444444444444444444444444444444444444444444444444444444444444444444441
144444444444444444444444444444444444444444444444444444444444444444444444444444444444444444444444444441
144444444444444444444444444444444444444444444444444444444444444444444444444444444444444444444444444441
144444444444444444444444444444444444444444444444444444444444444444444444444444444444444444444444444441
144444444444444444444444444444444444444444444444444444444444444444444444444444444444444444444444444441
144444444444444444444444444444444444444444444444444444444444444444444444444444444444444444444444444441
144444444444444444444444444444444444444444444444444444444444444444444444444444444444444444444444444441
111111111111111111111111111111111111111111111111111111111111111111111111111111111111111111111111111111