111111111111111111111111111111111111111111111111111111111111111111111111111111111111111111111111111111
111111111111111111111111111111111111111111111111111111111111111111111111111181111111111111111111111111
111111111111111111111111111111111111111111111111111111888888888888888888888811001111111111111111111111
111111111111111111111111111111111111111111111888888888111111111111111111111110100000000000000000000011
111111111111111111111111111111111111111111888111111111111011111111111111111101101111111111111111110011
111111111111111111111111111111111111111188111111111111100101111111111111111011101111111111111111101011
111111111111111111111111111111111111888811111111111110011110111100001111100111110111111111111111011011
111111111111111111111111111111118888111111111111111110111111000011110111011111110111111111111110111011
111111111111111111111111111888881111111111111111111101011111011111111010111111111011111111111001111011
111111111111111111111111118111111111111111111111111011101111101111111100011111110001111111110111111011
111111111111111111111111811111111111111111111110000011101111101111111011100111101111111111001111111011
111111111111111111111181111111111111111111000001111011101111101111110111111000000111111110111111111011
111111111111111111118111111111111111110000111110111011101111101000001111111100111000011001111111111011
111111111111111111181111111111111111101111111110111011101111100111110011111011111111100111111111111011
111111111111111111811111111111111111011111111110111011101111101111111100110111111111011111111111111011
111111111111111181111111111111110000111111111110111011101111101111111111001111111110111111111111111011
111111111111111811111111111100000011111111111110000000000000001111111111010001111101111111111111111011
111111111111118111111111111011101100011111111110110111101111100111111100111110011011111111111111111011
111111111111811111111111110111101111101111111110110111101111101001111011111111100011111111111111111011
111111111118111111111111100011101111110000000000000000001111101110000111111111110111111111111111111011
111111111181111111111111001101101111111111111111110111101111101111101111111111101111111111111111111011
111111111811111111111110101110001111111111111111110111101111101111011111111111011111111111111111111011
111111118111111111111001101111100000000000000011110111101111101110111111111110111111111111111111111011
111111118111111111100111101111011111111111111100000000000000000010111111111101111111111111111111110011
111111118111111111011111101111011111111111111111111111111111111100001111111101111111111111111000001111
111111118111111000111111101111011111111111111111111111111111111110110001111011111111111110000111111111
111111181110000111111111101111011111111111111111111111111111111110111110110111111111111101111111111111
111111181101111111111111101111011111111111111111111111111111111110111111000111111011110011111111111111
111111181011111111111111101111011111111111111111111111111111111110111110111011111000001111111111111111
111111811011111111111111101111011111111111111111111111111111111111011101111101111010101111111111111111
111111811011111111111111100000011111111111111111111111111111111111101011111110111010101111111111111111
111111811101111111111111101111011111111111111111111111111111111111110111111111011010101111111111111111
111111811101111111111111101111011111111111111111111111111111111111101111111111101010101111111111111111
111118111101111111111111101111011111111111111111111111111111111111011111111111110010101111111111111111
111118111110111111111111100000011111111111111111111111111111111110111111111111111000101111111111111111
111118111111011111111111101111011111111111111111111111111111111101001111111111111110000001111111111111
111181111111011111111111101111011111111111111111111111111111111011110111111111111001111100111111111111
111181111111011111111111101111011111111111111111111111111111111011111011111110000111111011011111111111
111181111111011100000000001111011111111111111111111111111111111011111101111101111111111011101111111111
111181111111000011111111101111011111111111111111111111111111110011111100000011111111110111110011111111
111181111111011111111111101111011001111111111111111111111111101101111001111111111111110111111101111111
111181111111011111111111101111011010000000000000000000111111011110110101111111111111101111111110111111
111181111111011111111111101111011011111111111111011111000000111111001011111111111111101111111111011111
111181111111011111111111101111011011111111111111011111011110011110111011111111111111101111111111101111
111181111111101111111111101111011011111111111111011110111101101101110111111111111111101111111111110111
111181111111110111111111011111000000000000000000000110111101110011110111111111111111101111111111111011
111181111111111011111111011111111111111111111111011000111000111011110111111111111111011111111111110111
111181111111111011111111011111111111111111111111011101111011010111110001111111111111011111111111110111
111181111111111011111111011111111111111111111111011101110111101111101110000011111110111111111111110111
111181111111111101111111011111111111111111111111011101110111101111101111111100000001111111111111110111
111181111111100000000000000000000000111111111110111011101111110111011111111101111101111111111111110111
111181111000011101111111011111110111000111111110000011101111111010111111111101111100011111111111110111
111181000111111101111111101111110111111011111110111011011111111010111111111101111011100000111111101111
111181101111111110111111101111111011111011111110110111011111111100111111111011111011111111011111101111
111181110111111110111111101111111011111011111110110111011111111110111111111000000011111111100000001111
111181111011111110111111101111111011111000000000110111011111111111011111110111111011111111111111111111
111181111011111110111111101111111011111111111111000000011111111111100111110111110111111111111111111111
111181111011111110111111101111111010001111111111111111011111111111011000000111110111111111111111111111
111181111101111110111111100000000001101111111111111110111111111111011111110111101111111111111111111111
111181111110111110000000001111111111101111111111111101111111111111011111110111101111111111111111111111
111181111110111111111111101111111111101111111111111011111111111110111111111011101111111111111111111111
111118111110111111111111101111111111101111111111111011111111111101111111111101011111111111111111111111
111118111111011111111111101111111111101111111111111011111100011011111111111101011111111111111111111111
111118111111101111111111101111111111101111110000000011111101100111000000000000111111111111111111111111
111111811111101111111111101111111111101111101111111000111011101111011111111111011111111111111111111111
111111811111110111111111101111111111101000011111111011000111101110111111111111011111111111111111111111
111111811111110111111111101111111111100111101111111011110000101110111111111111011111111111111111111111
111111181111110111111111101100000000001111101111111011110111000101111111111111011111111111111111111111
111111181111111011111111100011111111101111110111110111110111111000000000000000001111111111111111111111
111111181111111101111111101111111111101111110000000111110111110111111101111111101111111111111111111111
111111181111111110111111101111111111101111111111110111110111110111111011111111101111111111111111111111
111111181111111110111111101111111111101111111111110111110111110111111011111111101111111111111111111111
111111118111111111011111101111111111101111111111110111110111101111111011111111101111111111111111111111
111111118111111111101111101111111111101111111111110111110111101111110111111111011111111111111111111111
111111118111111111110111101111111111101111111111110000000000000000010111111111011111111111111111111111
111111118111111111110111101000000000001111111111110111111111111111101111111111011111111111111111111111
111111111811111111110111100111111111111111111111110111111111111111111111111110111111111111111111111111
111111111811111111110111101111111111111111111111110111111111111111111111111110111111111111111111111111
111111111181111111110111101111111111111111111111110111111111111111111111111101111111111111111111111111
111111111181111111110111110111111111111100000000000001111111111111111110000011111111111111111111111111
111111111118111111110111110111111111111101101110110110000000111000000001111011111111111111111111111111
111111111111811111111011110111111111111101101110110111111111000111111111111011111111111111111111111111
111111111111181111111011000000000000111101101110110111111111111111111111111011111111111111111111111111
111111111111118111111010111110111110111101101110110111111111111111111111111011111111111111111111111111
111111111111111811111101111110000000000000000000110111111111111111111111111011111111111111111111111111
111111111111111181111110111110111111111111000000000000000000000000000011111011111111111111111111111111
111111111111111118111111011111111111000000111111111111111111111111111100000011111111111111111111111111
111111111111111111811111101111111110111111111111111111111111111111111111111111111111111111111111111111
111111111111111111181111101111110001111111111111111111111111111111111111111111111111111111111111111111
111111111111111111118111100000001111111111111111111111111111111111111111111111111111111111111111111111
111111111111111111111811111111111111111111111111111111111111111111111111111111111111111111111111111111
144444444444444444444444444444444444444444444444444444444444444444444444444444444444444444444444444441
144444444444444444444444444444444444444444444444444444444444444444444444444444444444444444444444444441
144444444444444444444444444444444444444444444444444444444444444444444444444444444444444444444444444441
144444444444444444444444444444444444444444444444444444444444444444444444444444444444444444444444444441
144444444444444444444444444444444444444444444444444444444444444444444444444444444444444444444444444441
144444444444444444444444444444444444444444444444444444444444444444444444444444444444444444444444444441
144444444444444444444444444444444444444444444444444444444444444444444444444444444444444444444444444441
144444444444444444444444444444444444444444444444444444444444444444444444444444444444444444444444444441
144444444444444444444444444444444444444444444444444444444444444444444444444444444444444444444444444441
144444444444444444444444444444444444444444444444444444444444444444444444444444444444444444444444444441
111111111111111111111111111111111111111111111111111111111111111111111111111111111111111111111111111111