111111111111111111111111111111111111111111111111111111111111111111111111111111111111111111111111111111
111111111111111111111111111111111118888888888888888888888888888888888888888881111111111111111111111111
111111111111111111111111118888888888888888888888888888888888888888888888888811000000000000000111111111
111111111111111111118888888888888888888888888888888888111111111111111111111110011111111111111000000011
111111111111111188888888888888888888888888888111111111111011111111111111111101011111111111111111110011
111111111111888888888888888888888888888888111111111111100101111111111111111011101111111111111111101011
111111111118888888888888888888888888888811111111111110011110111111101111110111101111111111111111011011
111111111888888888888888888888888888111111111111111101011111000000010111101111110111111111111100111011
111111188888888888888888888888881111111111111111111101101111011111111010011111111011111111111011111011
111111888888888888888888888111111111111111111111111101101111011111111100001111111101111111000111111011
111118888888888888888888811111111111111111111111111011101111101111111011110111100011111110111111111011
111118888888888888888881111111111111111111110000000011101111101111110111111000000111111101111111111011
111188888888888888888111111111111111110000001101111011101111101110000111111101111011110011111111111011
111188888888888888881111111111111111101111111101110111101111100001111001111011111100001111111111111011
111188888888888888811111111111111111011111111101110111101111101111111110110111111111011111111111111011
111888888888888881111111111111111110111111111110110111101111101111111110001111111111011111111111111011
111888888888888811111111111111100001111111111110000000000000001111111101110001111110111111111111111011
118888888888888111111111111111001011111111111110110111101111100011111011111110000101111111111111111011
118888888888811111111111111100101100001111111110110111101111101100110111111111111011111111111111111011
118888888888111111111111000011101111110000000000000000001111101111001111111111110111111111111111111011
188888888881111111111110101001101111111111111111110111101111101111011111111111101111111111111111111011
188888888811111111111001101110101111111111111111110111101111101111011111111111011111111111111111111011
188888888111111111110111101111000000000000001111110111101111101111011111111110111111111111111111111011
188888888111111111101111101111011111111111110000000000000000000011011111111101111111111111111111111011
188888888111111111011111101111011111111111111111111111111111111100000011111011111111111111111111100111
188888888111111100111111101111011111111111111111111111111111111110111101110111111111111111111000011111
188888881111100011111111101111011111111111111111111111111111111110111110101111111111111111110111111111
188888881111011111111111101111011111111111111111111111111111111110111111001111111011110000001111111111
188888881000111111111111101111011111111111111111111111111111111110111110110011111000001111111111111111
188888811011111111111111100000011111111111111111111111111111111111011101111101111010101111111111111111
188888811011111111111111101111011111111111111111111111111111111111101011111110111010101111111111111111
188888811011111111111111101111011111111111111111111111111111111111110111111111011010101111111111111111
188888811101111111111111101111011111111111111111111111111111111111101111111111101010101111111111111111
188888111101111111111111101111011111111111111111111111111111111111011111111111110010101111111111111111
188888111101111111111111100001011111111111111111111111111111111110111111111111111000101111111111111111
188888111101111111111111101110011111111111111111111111111111111101011111111111111000000001111111111111
188881111101111111111111101111011111111111111111111111111111111101101111111111110111111010111111111111
188881111110111111111111101111011111111111111111111111111111111101110011111110001111111011011111111111
188881111111011111000000001111011111111111111111111111111111111011111101110001111111110111101111111111
188881111111000000111111101111011111111111111111111111111111110111111110001111111111110111110111111111
188881111111011111111111101111011000000000001111111111111111101001111001111111111111101111111011111111
188881111111011111111111101111011011111111110000000001111111011110110011111111111111011111111101111111
188881111111011111111111101111011011111111111111011110000000111111001011111111111111011111111110111111
188881111111101111111111101111011011111111111111011111101110011110111011111111111111011111111111001111
188881111111101111111111101111011011111111111111011111011101101101110111111111111111011111111111110111
188881111111110111111111101111000000000000000000000001011011110011110111111111111110111111111111111011
188881111111110111111111101111111111111111111111011110111011111011110111111111111110111111111111111011
188881111111110111111111101111111111111111111111011110110100010111110111111111111101111111111111110111
188881111111111011111111101111111111111111111111011110110111101111101000111111111101111111111111110111
188881111111111011111111101111111111111111111111011101110111110111101111000001111101111111111111110111
188881111100000000000000000000000011111111111110111011110111110111101111111010000000011111111111110111
188881100011111101111111011111110101111111111110000011110111111011101111111011111011100111111111110111
188881011111111101111111011111110110000011111110110111110111111011101111111011111011111000000011110111
188881101111111101111111011111110111111011111110110111101111111101011111111011111011111111111101101111
188881110111111110111111011111110111111011111110110111011111111110111111111000000011111111111110001111
188881111011111110111111011111110111111000000000000111011111111111011111111011110111111111111111111111
188881111011111110111111011111110111111111111111110011011111111111100000111011110111111111111111111111
188881111011111110111111101111110110001111111111111100011111111111011111000111110111111111111111111111
188881111011111110111111101111100001101111111111111110111111111110111111110111110111111111111111111111
188881111011111110000000000000011111101111111111111110111111111101111111111011110111111111111111111111
188881111011111111111111101111111111101111111111111110111111111101111111111101101111111111111111111111
188888111011111111111111101111111111101111111111111101111111111011111111111101011111111111111111111111
188888111101111111111111101111111111101111111111111011111100110111111111111110011111111111111111111111
188888111101111111111111101111111111101111111111110001111011000111000000000000111111111111111111111111
188888811110111111111111101111111111101111111100001010110111101111011111111110111111111111111111111111
188888811111011111111111101111111111101100000011111011010111101110111111111110111111111111111111111111
188888811111011111111111101111111111100011101111111011100001011101111111111111011111111111111111111111
188888881111101111111111101111100000001111101111111011110110011011111111111111011111111111111111111111
188888881111110111111111100000011111101111110111111011110111100000000000000000001111111111111111111111
188888881111111011111111101111111111101111110000000111110111111011111011111111101111111111111111111111
188888881111111011111111101111111111101111111111110111110111111011111011111111101111111111111111111111
188888881111111101111111101111111111101111111111110111110111110111110111111111011111111111111111111111
188888888111111101111111101111111111101111111111110111110111110111101111111111011111111111111111111111
188888888111111110111111101111111111101111111111110111110111101111101111111111011111111111111111111111
188888888111111111011111101111111111101111111111110000000000000011101111111110111111111111111111111111
188888888111111111101111101111110000001111111111110111111111111100001111111101111111111111111111111111
188888888811111111110111100000001111111111111111110111111111111111111111111101111111111111111111111111
188888888811111111111011101111111111111111111111110111111111111111111111111011111111111111111111111111
188888888881111111111011101111111111111111111111110111111111111111111111111011111111111111111111111111
188888888881111111111011110111111111111100000000000001111111111111111111111011111111111111111111111111
188888888888111111111011110111111111111101101110110110000001100000000000000011111111111111111111111111
188888888888811111111011110111111111111101101110110111111110011111111111111011111111111111111111111111
188888888888881111111011110000000000111101101110110111111111111111111111111011111111111111111111111111
188888888888888111111100001110111110111101101110110111111111111111111111111011111111111111111111111111
188888888888888811111101111110111111000000000000110111111111111111111111111011111111111111111111111111
188888888888888881111110111110000000111111111111100000000000000000111111111011111111111111111111111111
188888888888888888111110111111111111110000000000011111111111111111000000000011111111111111111111111111
188888888888888888811111011111111111101111111111111111111111111111111111111111111111111111111111111111
188888888888888888881111011111111100011111111111111111111111111111111111111111111111111111111111111111
188888888888888888888111100000000011111111111111111111111111111111111111111111111111111111111111111111
188888888888888888888811111111111111111111111111111111111111111111111111111111111111111111111111111111
144444444444444444444444444444444444444444444444444444444444444444444444444444444444444444444444444441
144444444444444444444444444444444444444444444444444444444444444444444444444444444444444444444444444441
144444444444444444444444444444444444444444444444444444444444444444444444444444444444444444444444444441
144444444444444444444444444444444444444444444444444444444444444444444444444444444444444444444444444441
144444444444444444444444444444444444444444444444444444444444444444444444444444444444444444444444444441
144444444444444444444444444444444444444444444444444444444444444444444444444444444444444444444444444441
144444444444444444444444444444444444444444444444444444444444444444444444444444444444444444444444444441
144444444444444444444444444444444444444444444444444444444444444444444444444444444444444444444444444441
144444444444444444444444444444444444444444444444444444444444444444444444444444444444444444444444444441
144444444444444444444444444444444444444444444444444444444444444444444444444444444444444444444444444441
111111111111111111111111111111111111111111111111111111111111111111111111111111111111111111111111111111