1111111111111111111111111111111111111111111111111111111111111111111111111111111111111111111111111111111111111111111111111111111111111111111111111111111111111111111111111111111111111111111111111111111111
1111111111111111111111111111111111111111111111111111111111111111111111111111111111111111111111111111111111111111111111111111111111111111111111111111111111111111111111111111111111111111111111111111111111
1111111111111111111111111111111111111111111111111111111111111111111111111111111111111111111111111111111111111111111111111111111111111111111111111111111111111111111111111111111111111111111111111111111111
1111111111111111111111111111111111111111111111111111111111111111111111111111111111111111111188888888888888888888881111111111111111111111111111111111111111111111111111111111111111111111111111111111111111
1111111111111111111111111111111111111111111111111111111111111111111111111111111111111888888811111111111111111111118111111111111111111111111111111111111111111111111111111111111111111111111111111111111111
1111111111111111111111111111111111111111111111111111111111111111111111111111118888888111111111111111110000000011111888111111111111111111111111111111111111111111111111111111111111111111111111111111111111
1111111111111111111111111111111111111111111111111111111111111111111111888888881111111000000000000000001111101101111111811111111111111111111111111111111111111111111111111111111111111111111111111111111111
1111111111111111111111111111111111111111111111111111111111111188888888111100000000000111111111111111111111011110000011188811111111111111111111111111111111111111111111111111111111111111111111111111111111
1111111111111111111111111111111111111111111111111111111888888811111111110011111101111111111111111111111111011111111000001188111111111111111111111111111111111111111111111111111111111111111111111111111111
1111111111111111111111111111111111111111111111118888888111111110000000000111111101111111111111111111111111011111111011110111881111111111111111111111111111111111111111111111111111111111111111111111111111
1111111111111111111111111111111111188888888888881111111111111001111111101111111110111111111111111111111111011111110111110001118811111111111111111111111111111111111111111111111111111111111111111111111111
1111111111111111111111111111188888811111111111111111111111100111111111011111111111011111111111111111111111011111110111101110011188111111111111111111111111111111111111111111111111111111111111111111111111
1111111111111111111111118888811111111111111111111110000000001111111110111111111111011111111111111111111111011111101111101111101111881111111111111111111111111111111111111111111111111111111111111111111111
1111111111111111111118881111111111111111111111110001111111011111111101111111111111001111111111111111111111011111101111101111110111118881111111111111111111111111111111111111111111111111111111111111111111
1111111111111111111188111111111111111111111110001111111110111111111011111111111000110111111111111111111100111111011111011111111011111118811111111111111111111111111111111111111111111111111111111111111111
1111111111111111118811111111111111111111000001111111111001111111110111111111110111111011111111111111100001111111011111011111111100011111188111111111111111111111111111111111111111111111111111111111111111
1111111111111111881111111111111111111100111111111111110110111111101111111111001111111101111111111111011101111111011110111111111101101111111881111111111111111111111111111111111111111111111111111111111111
1111111111111888111111111111111111000011111111111111101111011111101111111110111111111110111111111110111101111111011110111111111011110111111118881111111111111111111111111111111111111111111111111111111111
1111111111111811111111111111111100111111111111111111011111101111011111111101111111111111011111111101111101111111011101111111111011111011111111118811111111111111111111111111111111111111111111111111111111
1111111111881111111111111111111010111111111111111110111111110110101111111011111111111111101111111011111101111110111101111111111011111101111111111188811111111111111111111111111111111111111111111111111111
1111111188111111111111111111110111011111111111110001111111111001110111110111111111111111110111000111111011111110111101111111111011111110011111111111188111111111111111111111111111111111111111111111111111
1111118811111111111111111111001111101111111111101111111111110101111011101111111111111111111010111111111011111110111101111111111011111111101111111111111811111111111111111111111111111111111111111111111111
1111181111111111111111111100111111110111111000011111111110001110111101011111111111111111100001111111111011111110111101111111111011111111110011111111111181111111111111111111111111111111111111111111111111
1118111111111111111111000011111111110111110111111111111101111111011100111111111111111111011101111111110001111110111101111111111011111111111101111111111111811111111111111111111111111111111111111111111111
1181111111111111111110110111111111111011101111111111111011111111100011011111111111111110111110111111100110011110111011111111111011111111111110001111111111181111111111111111111111111111111111111111111111
1111111111111111111101110111111111111010011111111111110111111111101111101111111111111101111110111111010111100000000001111111111011111111111111110011111111118111111111111111111111111111111111111111111111
1111111111111111100011110111111111111101111111111111101111111111011111101111111111111011111110111110110111111110111010011111111011111111111111111101111111111811111111111111111111111111111111111111111111
1111111111111111011111111011111111111001111111111111011111111100111111110111111111110111111111010001101111111110111011100000000011111111111111111110111111111181111111111111111111111111111111111111111111
1111111111111110011111111011111111110110111111111110111111111011111111111011111111101111111110001111011111111101111011101111111011111111111111111111000111111111811111111111111111111111111111111111111111
1111111111111110011111111011111111101010111111100001111111100111111111111101111111110111111101011111011111111101110111101111111011111111111111111111100011111111181111111111111111111111111111111111111111
1111111111111101011111111101111111011101011111011101111111011111111111111110111111111011111011011110111111111011101111101111111011111111111111111111010100111111118111111111111111111111111111111111111111
1111111111111011011111111110111100111110101110111110111100111111111111111111011111111101110111101110111111111011011111101111111011111111111111111110110111011111111811111111111111111111111111111111111111
1111111111110111011111111111010011111111001101111111011011111111111111111111011111111101101111110110111111111011011111101111111011111111111111111101101111101111111181111111111111111111111111111111111111
1111111111101111011111111111101111111111010011111111100111111111111111111111011111111000011111111010111111110110111111011111111011111111111111110011101111110011111111811111111111111111111111111111111111
1111111111011111011111111111101111111111001111111111101111111111111111111111101111110111000000000000000000000000000000000000001011111111111110001111011111111101111111181111111111111111111111111111111111
1111111110111100000111111111101111111100011111111111011111111111111111111111101111101111111111111111111111101111111111011111110011111111111001111111011111111110111111118111111111111111111111111111111111
1111111110111011111011111111101111111011111111100000111111111111111111111111110100011111111111111111111111101111111111011111111011111111110111111110111111111111011111111811111111111111111111111111111111
1111111110100111111100011111110111110111111111011111111111111111111111111111111011111111111111111111111111011111111111011111111011111110001111111110111111111111101111111181111111111111111111111111111111
1111111111011111111110101111111011101111111110111111111111111111111111111111111011111111111111111111111111011111111111011111111011111101111111111101111111111111110011111111811111111111111111111111111111
1111111110101111110001110111111100011111111101111111111111111111111111111111111011111111111111111111111111011111111111011111111011111011111111111101111111111111111100111111181111111111111111111111111111
1111111101110111101111111000111101111111111011111111111111111111111111111111111011111111111111111111111111011111111111011111111011110111111111111011111111111111111111001111118111111111111111111111111111
1111110011110111011111111111001010111111110111111111111111111111111111111111111011111111111111111111111111011111111111011111111011101111111111111011111111111111111111110111118111111111111111111111111111
1111101111110100111111111111100110111111101111111111111111111111111111111111111101111111111111111111111111011111111111011111111011011111111111111011111111111111111111111011111811111111111111111111111111
1111011111110011111111111100011110111111011111111111111111111111111111111111111110111111111111111111111111000111111111011111110100111111111111110111111111111111111111111101111181111111111111111111111111
1110111111101101111111111011111110111110111111111111111111111111111111111111111110111111111111111111111110011001111111011111110011111111111111110111111111111111111111111110111118111111111111111111111111
1101111110011110111111110111111111011101111111111111111111111111111111111111111110111111111111111111111101011110000000011111100111111111111111101111111111111111111111111000011111811111111111111111111111
1101111101111111011111101111111111101011111111111111111111111111111111111111111111011111111111111111111011101111111111011111010111111111111111101111111111111111111111000111111111811111111111111111111111
1101000011111100101111011111111111000111111111111111111111111111111111111111111111101111111111111111110111101111111111011110110111111111111111011111111111111111111100111111111111181111111111111111111111
1110111111111011110110111111111110110111111111111111111111111111111111111111111111101111111111111111101111101111111111011001110111111111111110111111111111111111000011111111111111118111111111111111111111
1111011111000111111001111111111101111011111111111111111111111111111111111111111111101111111111111111011111101111111111010111110111111111111110111111111111111100111111111111111111111811111111111111111111
1111011110111111110101111111110011111101111111111111111111111111111111111111111111101111111111111110111111101111111111001111110111111111111101111111111111110011111111111111111111111811111111111111111111
1111011001111000001110111111101111111110111111111111111111111111111111111111111111110111111111111101111111101111111110011111110111111111111011111111110000001111111111111111111111111118111111111111111111
1111010111110111111110111111011111111111011111111111111111111111111111111111111111110111111111111011111111101111111101111111111011111111111011111110001111111111111111111111111111111118111111111111111111
1111001111101111111110111110111111111111011111111111111111111111111111111111111111110111111111110111111111101111111011111111111011111111110111110001111111111111111111111111111111111111181111111111111111
1111101111011111111111011101111111111111101111111111111111111111111111111111111111110111111111101111111111101111110111111111111011111111110000001111111111111111111111111111111111111111181111111111111111
1111110110111111111111101011111111111111101111111111111111111111111111111111111111110111111111011111111111101111001111111111111011111111110111111111111111111111111111111111111111111111118111111111111111
1111111001111111111111100111111111111111110111111111111111111111111111111111111111110111111100111111111111110100111111111111111011100000000111111111111111111111111111111111111111111111111811111111111111
1111111110111111111110001111111111111111111011111111111111111111111111111111111111111011111011111111111111110011111111111111110000011111110111111111111111111111111111111111111111111111111811111111111111
1111111110111111111101110111111111111111111011111111111111111111111111111111111111111101110111111111111111110000000000000000001011111111110111111111111111111111111111111111111111111111111811111111111111
1111111110111111100011111011111111111111111011111111111111111111111111111111111111111101101111000000000000001111111111011111111011111111110111111111111111111111111111111111111111111111111181111111111111
1111111111011111011111111011111111111111111011111111111111111111111111111111111111111100011110111111111111111111111111101111111011111111110111111111111111111111111111111111111111111111111181111111111111
1111111111011000111111111011111111111111111011111111111111111111111111111111111100000000000001111111111111111111111111101111111101111111110111111111111111111111111111111111111111111111111118111111111111
1111111111010111111111111101111111111111111011111111111111111111111111111000000011111101111111111111111111111111111111101111111101111111110111111111111111111111111111111111111111111111111111811111111111
1111111111001111111111111101111111111111111011111111111111111111111100000111111111111101111111111111111111111111111111101111111101111111110111111111111111111111111111111111111111111111111111181111111111
1111111111011111111111111110111111111111111101111111000000000000000011111111111111111101111111111111111111111111111111101111111101111111110111111111111111111111111111111111111111111111111111181111111111
1111111111011111111111111110111111111111111101111000110111111111011111111111111111111101111111111111111111111111111111101111111101111111110111111111111111111111111111111111111111111111111111118111111111
1111111111011111111111111110111111111100000000000011110111111111011111111111111111111101111111111111111111111111111111110111111101111111110111111111111111111111111111111111111111111111111111118111111111
1111111111101111111111111111011111111010111110111011110111111111101111111111111111111101111111111111111111111111111111111011111101111111110111111111111111111111111111111111111111111111111111111811111111
1111111111101111111111111111101000000101111110111011110111111111101111111111111111111101111111111111111111111111111111111011111101111111110111111111111111111111111111111111111111111111111111111811111111
1111111111101111111111111100000111111011111110111011110111111111110111111111111111111101111111111111111111111111111111111011111101111111110111111111111111111111111111111111111111111111111111111181111111
1111111111101111111111111011111111110111111110111011110111111111110111111111111111111110111111111111111111111111111111111011111101111111110111111111111111111111111111111111111111111111111111111181111111
1111111111101111111111000111111111101111111101111011111011111111110111111111111111111110111111111111111111111111111111111011111101111111111011111111111111111111111111111111111111111111111111111118111111
1111111111101111111000111111111111011111111101111011111101111111110111111111111111111110111111111111111111111111111111111011111101111111111011111111111111111111111111111111111111111111111111111118111111
1111111111101111000111111111111110111111111100001011111101111111110111111111111111111110111111111111111111111111111111111011111110111111111011111111111111111111111111111111111111111111111111111111811111
1111111111101110111111111111111101111111111101110000000001111111110111111111111111111110111111111111111111111111111111111011111110111111111011111111111111111111111111111111111111111111111111111111811111
1111111111100001111111111111110011111111111101111011111101111111110111111111111111111110111111111111111111111111111111111011111110111111111011111111111111111111111111111111111111111111111111111111811111
1111111111101111111111111111101111111111111011111011111101111111110111111111111111111110111111111111111111111111111111111011111111011111111011111111111111111111111111111111111111111111111111111111811111
1111111111101111111111111111011111111111111011111011111101111111110111111111111111111110111111111111111111111111111111111011111111011111111011111111111111111111111111111111111111111111111111111111811111
1111111111101111111111111110111111111111111011110111111101111111111011111111111111111110111111111111111111111111111111111011111111011111111011111111111111111111111111111111111111111111111111111111811111
1111111111101111111111111101111111111111110111110111111101111111111011111111111111111110111111111111111111111111111111110011111111011111111011111111111111111111111111111111111111111111111111111111811111
1111111111101111111111111011111111111111101111110111111101111111111011111111111111111110111111111111111111111111111111101111111111011111111011111111111111111111111111111111111111111111111111111111811111
1111111111101111111111110111111111111111011111101111111101111111111011111111111111111111011111111111111111111111111110011111111111011111111011111111111111111111111111111111111111111111111111111111811111
1111111111101111111111101111111111111111011111101111111101111111111011111111111111111111011111111111111111111111100001111111111111011111111101111111111111111111111111111111111111111111111111111111811111
1111111111101111111111011111111111111111011111011111111101111111111011111111111111111111011111111111111111111111101111111111111111011111111101111111111111111111111111111111111111111111111111111111811111
1111111111101111111110111111111111111111011111011111110001111111111011111111111111111111101111111111111111111111011111111111111110000000000001111111111111111111111111111111111111111111111111111111811111
1111111111101111111101111111111111111111000000000000001110111111111011111111111111111111101111111111111111111110111111111111110001111111111101111111111111111111111111111111111111111111111111111111811111
1111111111101111111011111111111111111111111111011111111110111111111011111111111111111111101111111111111111111101111111111000001111111111111101111111111111111111111111111111111111111111111111111111811111
1111111111101111110111111111111111111111111111101111111110111111111011111111111111111111101111111111111111111011111111000111111111111111111101111111111111111111111111111111111111111111111111111111811111
1111111111101111101111111111111111111111111111101111111110111111111011111111111111111111101111111111111111111011110000111111111111111111111101111111111111111111111111111111111111111111111111111118111111
1111111111101110011111111111111111111111111111101111111110111111111011111111111111111111101111111111111111111000001111111111111111111111111101111111111111111111111111111111111111111111111111111118111111
1111111111101101111111111111111111111111111111101111111110111111111011111111111111111111101111111111111111100111111111111111111111111111111101111111111111111111111111111111111111111111111111111118111111
1111111111101011111111111111111111111111111111101111111110111111111011111111111111111100000000000000000000010111111111111111111111111111111101111111111111111111111111111111111111111111111111111181111111
1111111111100111111111111111111111111111111111101111111110111111111000000000000000000011101111111111111111111011111111111111111111111111111101111111111111111111111111111111111111111111111111111181111111
1111111111100000000000000001111111111111111111101111111110111111111011111111111111111111101111111111111111111011111111111111111111111111111101111111111111111111111111111111111111111111111111111811111111
1111111111110111111111111110000000000000000000001111111110111111111011111111111111111111101111111111111111111011111111111111111111111111111101111111111111111111111111111111111111111111111111111811111111
1111111111110111111111111111111111111111111111101111111110111111111011111111111111111111110111111111111111111101111111111111111111111111111011111111111111111111111111111411111111111111111111118111111111
1111111111110111111111111111111111111111111111101111111110111111111011111111111111111111110111111111111111111101111111111111111111111111111011111111111111111111111111114444411111111111111111181111111111
1111111111111011111111111111111111111111111111101111111111011111111011111111111111111111111011111111111111111101111111111111111111111111111011111111111111111111111111144444444441111111111111181111111111
1111111111111101111111111111111111111111111111101111111111011111111011111111111111111111111011111111111111111101111111111111111111111111111011111111111111111111111111144444444444444111111111811111111111
1111111111111101111111111111111111111111111111101111111111011111111011111111111111111111111011111111111111111101111111111111111111111111111011111111111111111111111111144444444444444444411118111111111111
1111111111111101111111111111111111111111111111101111111111011111111011111111111111111111111011111111111111111101111111111111111111111111111011111111111111111111111111144444444444444444411118111111111111
1111111111111101111111111111111111111111111111101111111111011111111011111111111111111111111011111111111111111110111111111111111111111111100011111111111111111111111111444444444444444444111181111111111111
1111111111111101111111111111111111111111111111110111111111011111111101111111111111111111111011111111111111111110111111111111111111111000010111111111111111111111111111444444444444444444111181111111111111
1111111111111101111111111111111111111111111111111011111110011111111101111111111111111111111011111111111111111110111111111111111111000111101111111111111111111111111111444444444444444444111811111111111111
1111111111111110111111111111111111111111111111111011000001011111111101111111111111111111111011111000000000000000000000000000000000111111011111111111111111111111111114444444444444444441111811111111111111
1111111111111110111111111111111111111111111111111000111111011111111101111111111111111111111011000111111111111111111111111111111111111110111111111111111111111111111114444444444444444441118111111111111111
1111111111111110111111111111111111111111111111111111111111011111111101111111111111111111111000111111111111111111111111111111111111111101111111111111111111111111111114444444444444444441181111111111111111
1111111111111110111111111111111111111111111111111111111111011111111101111111111111111111111011111111111111111111111111111111111111111011111111111111111111111111111144444444444444444411181111111111111111
1111111111111110111111111111111111111111111111111111111111011111111101111111111111111111111011111111111111111111111111111111111111110111111111111111111111111111111144444444444444444411811111111111111111
1111111111111110111111111111111111111111111111111111111111011111111101111111111111111111111011111111111111111111111111111111111111101111111111111111111111111111111144444444444444444411811111111111111111
1111111111111110111111111111111111111111111111111111111111011111111101111111111111111111111011111111111111111111111111111111111111011111111111111111111111111111111444444444444444444118111111111111111111
1111111111111111011111111111111111111111111111111111111111011111111110111111111111111111111011111111111111111111111111111111111110111111111111111111111111111111111444444444444444444118111111111111111111
1111111111111111101111111111111111111111111111111111111111011111111110111111111111111111111011111111111111111111111111111111111101111111111111111111111111111111111444444444444444444444444444444411111111
1111111111111111110111111111111111111111111111111111111111011111111110111111111111111111111011111111111111111111111111111111111011111111111111111111111111111111114444444444444444444444444444444111111111
1111111111111111110111111111111111111111111111111111111111011111111110111111111111111111111011111111111111111111111111111111110111111111111111111111111111111111114444444444444444444444444444444111111111
1111111111111111110111111111111111111111111111111111111111011111111110111111111111111111111011111111111111111111111111111111101111111111111111111111111111111111114444444444444444444444444444441111111111
1111111111111111111011111111111111111111111111111111111111011111111110111111111111111111111011111111111111111111111111111111011111111111111111111111111111111111144444444444444444444444444444441111111111
1111111111111111111011111111111111111111111111111111111111011111111110111111111111111111111101111111111111111111111111111110111111111111111111111111111111111111144444444444444444444444444444441111111111
1111111111111111111011111111111111111111111111111111111111101111111110111111111111111111111101111111111111111111111111111101111111111111111111111111111111111111144444444444444444444444444444411111111111
1111111111111111111101111111111111111111111111111111111111101111111110111111111111111111111101111111111111111111111111111011111111111111111111111111111111111111444444444444444444444444444444411111111111
1111111111111111111110111111111111111111111111111111111111110111111111011111111111111111111101111111111111111111111111110111111111111111111111111111111111111111444444444444444444444444444444111111111111
1111111111111111111110111111111111111111111111111111111111110111111111011111111111111111111101111111111111111111111111101111111111111111111111111111111111111111444444444444444444444444444444111111111111
1111111111111111111110111111111111111111111111111111111111110111111111000000000000000000000001111111111111111111111111101111111111111111111111111111111111111114444444444444444444444444444441111111111111
1111111111111111111110111111111111111111111111111111111111110000000000011111111111111111111101111111111111111111111111011111111111111111111111111111111111111114444444444444444444444444444441111111111111
1111111111111111111110111111111111111111111111111111111111110111111111111111111111111111111101111111111111111111111110111111111111111111111111111111111111111114444444444444444444444444444441111111111111
1111111111111111111110111111111111111111111111111111111111110111111111111111111111111111111101111111111111111111111101111111111111111111111111111111111111111144444444444444444444444444444411111111111111
1111111111111111111111011111111111111111111111111111111111110111111111111111111111111111111101111111111111111111111011111111111111111111111111111111111111111144444444444444444444444444444411111111111111
1111111111111111111111011111111111111111111111111111111111110111111111111111111111111111111101111111111111111111111011111111111111111111111111111111111111111144444444444444444444444444444111111111111111
1111111111111111111111101111111111111111111111111111111111111011111111111111111111111111111101111111111111111111110111111111111111111111111111111111111111111444444444444444444444444444444111111111111111
1111111111111111111111101111111111111111111111111111111111111011111111111111111111111111111101111111111111111111101111111111111111111111111111111111111111111444444444444444444444444444444111111111111111
1111111111111111111111110111111111111111111111111111111111111011111111111111111111111111111101111111111111111111011111111111111111111111111111111111111111111444444444444444444444444444441111111111111111
1111111111111111111111110111111111111111111111111111111111111011111111111111111111111111111101111111111111111110111111111111111111111111111111111111111111114444444444444444444444444444441111111111111111
1111111111111111111111110111111111111111111111111111111111111011111111111111111111111111111110111111111111111101111111111111111111111111111111111111111111114444444444444444444444444444411111111111111111
1111111111111111111111111011111111111111111111111111111111111011111111111111111111111111111110111111111111111011111111111111111111111111111111111111111111114444444444444444444444444444411111111111111111
1111111111111111111111111101111111111111111111111111111111111011111111111111111111111111111110111111111111110101111111111111111111111111111111111111111111144444444444444444444444444444111111111111111111
1111111111111111111111111101111111111111111111111111111111111011111111111111111111111111111111011111111111101110111111111111111111111111111111111111111111144444444444444444444444444444111111111111111111
1111111111111111111111111110111111111111111111111111111111111011111111111111111111111111111111011111111111011111001111111111111111111111111111111111111111144444444444444444444444444444111111111111111111
1111111111111111111111111111011111111111111111111111111111111011111111111111111111111111111111101111111110111111110001111111111111111111111111111111111111444444444444444444444444444441111111111111111111
1111111111111111111111111111101111111111111111111111111111111011111111111111111111111111111111101111111110111111111101111111111111111111111111111111111111444444444444444444444444444441111111111111111111
1111111111111111111111111111110111111111111111111111111111111011111111111111111111111111111111101111111101111111111101111111111111111111111111111111111111444444444444444444444444444411111111111111111111
1111111111111111111111111111110111111111111111111111111111111011111111111111111111111111111111110111111101111111111101111111111111111111111111111111111114444444444444444444444444444411111111111111111111
1111111111111111111111111111110111111111111111111111111111111011111111111111111111111111111111110111111011111111111011111111111111111111111111111111111114444444444444444444444444444411111111111111111111
1111111111111111111111111111110111111111111111111111111111111011111111111111111111111111111111110111110111111111110111111111111111111111111111111111111114444444444444444444444444444111111111111111111111
1111111111111111111111111111111011111111111111111111111111111011111111111111111111111111111111110111101111111111101111111111111111111111111111111111111144444444444444444444444444444111111111111111111111
1111111111111111111111111111111101111111111111111111111111111011111111111111111111111111111111111011011111111111101111111111111111111111111111111111111144444444444444444444444444441111111111111111111111
1111111111111111111111111111111110111111111111111111111111111011111111111111111111111111111111111010111111111111101111111111111111111111111111111111111144444444444444444444444444441111111111111111111111
1111111111111111111111111111111110111111111111111111111111111000000000000000000000000000000011111001111111111111101111111111111111111111111111111111111444444444444444444444444444411111111111111111111111
1111111111111111111111111111111110111111111111111111111100000111111111111111111111111111111100000011111111111111101111111111111111111111111111111111111444444444444444444444444444411111111111111111111111
1111111111111111111111111111111110111111111111111111000011111111111111111111111111111111111111110101111111111111011111111111111111111111111111111111111444444444444444444444444444411111111111111111111111
1111111111111111111111111111111110111111111111111100111111111111111111111111111111111111111111101110001111111110111111111111111111111111111111111111114444444444444444444444444444111111111111111111111111
1111011111111111111111111111111110111111111110000011111111111111111111111111111111111111111111011111110111111110111111111111111111111111111111111111114444444444444444444444444444111111111111111111111111
1111000001111111111111111111111111011111111001111111111111111111111111111111111111111111111110111111111000001110111111111111111111111111111111111111114444444444444444444444444441111111111111111111111111
1111011110000000000000001111111111011000000111111111111111111111111111111111111111111111111101111111111111110001111111111111111111111111111111111111144444444444444444444444444441111111111111111111111111
1111011111111111111111110000000000000111111111111111111111111111111111111111111111111111111011111111111111111111111111111111111111111111111111111111144444444444444444444444444441111111111111111111111111
1111011111111111111111111111111111011011111111111111111111111111111111111111111111111111110111111111111111111111111111111111111111111111111111111111144444444444444444444444444411111111111111111111111111
1111011111111111111111111111111111011100011111111111111111111111111111111111111111111111101111111111111111111111111111111111111111111111111111111111144444444444444444444444444411111111111111111111111111
1111011111111111111111111111111111011111100000000000000111111111111111111111111111111111011111111111111111111111111111111111111111111111111111111111144444444444444444444444444411111111111111111111111111
1111011111111111111111111111111111011111111111111101111000000000000000000000000011111110111111111111111111111111111111111111111111111111111111111111144444444444444444444444444411111111111111111111111111
1111011111111111111111111111111110111111111111111101111111111111111101111111111100000000000111111111111111111111111111111111111111111111111111111111144444444444444444444444444411111111111111111111111111
1110111111111111111111111111111110111111111111111101111111111111111101111111111111111101111000111111111111111111111111111111111111111111111111111111144444444444444444444444444411111111111111111111111111
1110111111111111111111111111111110111111111111111101111111111111111101111111111111111101111111000000000001111111111111111111111111111111111111111111444444444444444444444444444411111111111111111111111111
1110111111111111111111111111111110111111111111111101111111111111111101111111111111111101111111111111011110000000011111111111111111111111111111111111444444444444444444444444444411111111111111111111111111
1110111111111111111111111111111110111111111111111101111111111111111101111111111111111101111111111111011111111111100111111111111111111111111111111111444444444444444444444444444411111111111111111111111111
1110111111111111111111111111111110111111111111111011111111111111111101111111111111111101111111111111011111111111111001111111111111111111111111111111444444444444444444444444444411111111111111111111111111
1110111111111111111111111111111110111111111111111011111111111111111101111111111111111101111111111111011111111111111101111111111111111111111111111111444444444444444444444444444411111111111111111111111111
1110111111111111111111111111111110111111111111111011111111111111111011111111111111111101111111111111011111111111111101111111111111111111111111111111444444444444444444444444444441111111111111111111111111
1110111111111111111111111111111101111111111111111011111111111111111011111111111111111101111111111111011111111111111011111111111111111111111111111114444444444444444444444444444444441111111111111111111111
1100000011111111111111111111111101111111111111111011111111111111111011111111111111111011111111111111011111111111111011111111111111111111111111111114444444444444444444444444444444444441111111111111111111
1111111100000001111111111111111011111111111111111011111111111111111011111111111111110111111111111111011111111111111011111111111111111111111111111114444444444444444444444444444444444444441111111111111111
1111111111111110011111111111111011111111111111111011111111111111111011111111111111110111111111111111011111111111110111111111111111111111111111111114444444444444444444444444444444444444444441111111111111
1111111111111111100000000000000000111111111111111011111111111111111011111111111111101111111111111110111111111111110111111111111111111111111111111114444444444444444444444444444444444444444444441111111111
1111111111111111111111111111111111011111111111111011111111111111111011111111111111101111111111111110111111111111110111111111111111111111111111111114444444444444444444444444444444444444444444444441111111
1111111111111111111111111111111111100000011111111011111111111111111011111111111111101111111111111110111111111111110111111111111111111111111111111144444444444444444444444444444444444444444444444444441111
1111111111111111111111111111111111111111100000111011111111111111111011111111111111101111111111111110111111111111110111111111111111111111111111111144444444444444444444444444444444444444444444444444444441
1111111111111111111111111111111111111111111111000000011111111111111011111111111111101111111111111110111111111111110111111111111111111111111111111144444444444444444444444444444444444444444444444444444441
1111111111111111111111111111111111111111111111111111100000000000000011111111111111101111111111111110111111111111110111111111111111111111111111111144444444444444444444444444444444444444444444444444444441
1111111111111111111111111111111111111111111111111111111111111111111100000000011111101111111111111110111111111111110111111111111111111111111111111144444444444444444444444444444444444444444444444444444441
1111111111111111111111111111111111111111111111111111111111111111111111111111100000000000000000111110111111111111110111111111111111111111111111111444444444444444444444444444444444444444444444444444444441
1111111111111111111111111111111111111111111111111111111111111111111111111111111111111111111111011110111111111111110111111111111111111111111111111444444444444444444444444444444444444444444444444444444441
1441111111111111111111111111111111111111111111111111111111111111111111111111111111111111111111100000111111111111110111111111111111111111111111111444444444444444444444444444444444444444444444444444444441
1444111111111111111111111111111111111111111111111111111111111111111111111111111111111111111111111111000000000001110111111111111111111111111111111444444444444444444444444444444444444444444444444444444441
1444444111111111111111111111111111111111111111111111111111111111111111111111111111111111111111111111111111111110000111111111111111111111111111111444444444444444444444444444444444444444444444444444444441
1444444444111111111111111111111111111111111111111111111111111111111111111111111111111111111111111111111111111111111111111111111111111111111111111444444444444444444444444444444444444444444444444444444441
1444444444444111111111111111111111111111111111111111111111111111111111111111111111111111111111111111111111111111111111111111111111111111111111114444444444444444444444444444444444444444444444444444444441
1444444444444444111111111111111111111111111111111111111111111111111111111111111111111111111111111111111111111111111111111111111111111111111111114444444444444444444444444444444444444444444444444444444441
1444444444444444444111111111111111111111111111111111111111111111111111111111111111111111111111111111111111111111111111111111111111111111111111114444444444444444444444444444444444444444444444444444444441
1444444444444444444444444444444444411111111111111111111111111111111111111111111111111111111111111111111111111111111111111111111111111111111111114444444444444444444444444444444444444444444444444444444441
1444444444444444444444444444444444444111111111111111111111111111111111111111111111111111111111111111111111111111111111111111111111111111111111114444444444444444444444444444444444444444444444444444444441
1444444444444444444444444444444444444441111111111111111111111111111111111111111111111111111111111111111111111111111111111111111111111111111111114444444444444444444444444444444444444444444444444444444441
1444444444444444444444444444444444444444411111111111111111111111111111111111111111111111111111111111111111111111111111111111111111111111111111144444444444444444444444444444444444444444444444444444444441
1444444444444444444444444444444444444444444111111111111111111111111111111111111111111111111111111111111111111111111111111111111111111111111111144444444444444444444444444444444444444444444444444444444441
1444444444444444444444444444444444444444444411111111111111111111111111111111111111111111111111111111111111111111111111111111111111111111111111144444444444444444444444444444444444444444444444444444444441
1444444444444444444444444444444444444444444441111111111111111111111111111111111111111111111111111111111111111111111111111111111111111111111111144444444444444444444444444444444444444444444444444444444441
1444444444444444444444444444444444444444444444111111111111111111111111111111111111111111111111111111111111111111111111111111111111111111111111144444444444444444444444444444444444444444444444444444444441
1444444444444444444444444444444444444444444444411111111111111111111111111111111111111111111111111111111111111111111111111111111111111111111111144444444444444444444444444444444444444444444444444444444441
1444444444444444444444444444444444444444444444441111111111111111111111111111111111111111111111111111111111111111111111111111111111111111111111444444444444444444444444444444444444444444444444444444444441
1444444444444444444444444444444444444444444444444444444444111111111111111111111111111111111111111111111111111111111111111111111111111111111111444444444444444444444444444444444444444444444444444444444441
1444444444444444444444444444444444444444444444444444444444444444444411111111111111111111111111111111111111111111111111111111111111111111111111444444444444444444444444444444444444444444444444444444444441
1444444444444444444444444444444444444444444444444444444444444444444444444444411111111111111111111111111111111111111111111111111111111111111111444444444444444444444444444444444444444444444444444444444441
1444444444444444444444444444444444444444444444444444444444444444444444444444444444444411111111111111111111111111111111111111111111111111111111444444444444444444444444444444444444444444444444444444444441
1444444444444444444444444444444444444444444444444444444444444444444444444444444444444444444441111111111111111111111111111111111111111111111111444444444444444444444444444444444444444444444444444444444441
1111111111111111111111111111111111111111111111111111111111111111111111111111111111111111111111111111111111111111111111111111111111111111111111111111111111111111111111111111111111111111111111111111111111