1111111111111111111111111111111111111111111111111111111111111111111111111111111111111111111111111111111111111111111111111111111111111111111111111111111111111111111111111111111111111111111111111111111111
1111111111111111111111111111111111111111111111111111111111111111111111111111111111111111111111111111111111111111111111111111111111111111111111111111111111111111111111111111111111111111111111111111111111
1111111111111111111111111111111111111111111111111111111111111111111111111111111111111111111111111111111111111111111111111111111111111111111111111111111111111111111111111111111111111111111111111111111111
1111111111111111111111111111111111111111111111111111111111111111111111111111111111111111111188888888888888888888881111111111111111111111111111111111111111111111111111111111111111111111111111111111111111
1111111111111111111111111111111111111111111111111111111111111111111111111111111111111888888811111111111111111111118111111111111111111111111111111111111111111111111111111111111111111111111111111111111111
1111111111111111111111111111111111111111111111111111111111111111111111111111118888888111111111111111111100000111111888111111111111111111111111111111111111111111111111111111111111111111111111111111111111
1111111111111111111111111111111111111111111111111111111111111111111111888888881111111111111111100000000011101000000111811111111111111111111111111111111111111111111111111111111111111111111111111111111111
1111111111111111111111111111111111111111111111111111111111111188888888000000000000000000000000011111111111101111111011188811111111111111111111111111111111111111111111111111111111111111111111111111111111
1111111111111111111111111111111111111111111111111111111888888811100001111011111101111111111111111111111111011111111000001188111111111111111111111111111111111111111111111111111111111111111111111111111111
1111111111111111111111111111111111111111111111118888888111111100011111110111111101111111111111111111111110111111111011110011881111111111111111111111111111111111111111111111111111111111111111111111111111
1111111111111111111111111111111111188888888888881111111111110011111111101111111110111111111111111111111110111111111011110100118811111111111111111111111111111111111111111111111111111111111111111111111111
1111111111111111111111111111188888811111111111111111111111100111111111011111111111011111111111111111111110111111111011110111011188111111111111111111111111111111111111111111111111111111111111111111111111
1111111111111111111111118888811111111111111111111111110000001111111110111111111111011111111111111111111110111111111011110111101111881111111111111111111111111111111111111111111111111111111111111111111111
1111111111111111111118881111111111111111111111111100001111011111111110111111111111101111111111111111111110111111111011101111110111118881111111111111111111111111111111111111111111111111111111111111111111
1111111111111111111188111111111111111111111111111011111110111111111101111111111110001111111111111111111000111111111011101111111011111118811111111111111111111111111111111111111111111111111111111111111111
1111111111111111118811111111111111111111111111100111111101111111111011111111111101110111111111111111100110111111111011101111111101111111188111111111111111111111111111111111111111111111111111111111111111
1111111111111111881111111111111111111111110000011111111010111111110111111111111011111011111111111111011110111111110111101111111100111111111881111111111111111111111111111111111111111111111111111111111111
1111111111111888111111111111111111111000001111111111110111011111101111111111110111111101111111111100111101111111110111101111111101011111111118881111111111111111111111111111111111111111111111111111111111
1111111111111811111111111111111100000111111111111110001111101111011111111111101111111110111111111011111101111111101111101111111101100001111111118811111111111111111111111111111111111111111111111111111111
1111111111881111111111111111110011011111111111110001111111110100101111111111011111111111011111110111111101111111101111011111111101111110111111111188811111111111111111111111111111111111111111111111111111
1111111188111111111111111111001111011111111111101111111111111011110111111110111111111111101111101111111101111111011111011111111101111111011111111111188111111111111111111111111111111111111111111111111111
1111118811111111111111111100111111101111111111011111111110000011111011100001111111111111110111011111111011111111011111011111111101111111101111111111111811111111111111111111111111111111111111111111111111
1111181111111111111111110011111111101111111110111111111101111101111101011111111111111111111000111111111011111110111110111111111011111111110111111111111181111111111111111111111111111111111111111111111111
1118111111111111111111101111111111110111100001111111111011111110111110111111111111111111110011111111111000000010111101111111111011111111111011111111111111811111111111111111111111111111111111111111111111
1181111111111111111111001111111111111011011111111111110111111111011001011111111111111111101011111111110111111100111101111111111011111111111101111111111111181111111111111111111111111111111111111111111111
1111111111111111111100110111111111111010111111111111101111111111100111011111111111111110011011111111101111111110000000111111111011111111111110000111111111118111111111111111111111111111111111111111111111
1111111111111111100011111011111111111101111111111111011111111111011111101111111111111101111101111110001111111101110111011111111011111111111111111001111111111811111111111111111111111111111111111111111111
1111111111111111011111111011111111111010111111111110111111111110111111110111111111110011111110110001011111111011101111100000000011111111111111111110111111111181111111111111111111111111111111111111111111
1111111111111110011111111011111111110110111111111101111111111001111111110111111111101111111111001111011111111011101111101111111011111111111111111111000011111111811111111111111111111111111111111111111111
1111111111111110011111111101111111101010111111100011111111100111111111110111111111110111111110101111011111111011011111101111111011111111111111111111010101111111181111111111111111111111111111111111111111
1111111111111101011111111110111111011101011111011011111111011111111111110111111111111011111101110111011111110111011111101111111011111111111111111100110110111111118111111111111111111111111111111111111111
1111111111111011011111111111011110111110101100111101111110111111111111111011111111111101110011111010111111110111011111011111111011111111111111110011101111011111111811111111111111111111111111111111111111
1111111111110111011111111111010001111111010011111110111101111111111111111101111111111110101111111001111111110111011111011111111011111111111111101111011111100011111181111111111111111111111111111111111111
1111111111101111011111111111101111111111010111111111011011111111111111111110111111111110000000111001111111101111011111011111111011111111111111011110111111111101111111811111111111111111111111111111111111
1111111111011111011111111111101111111111001111111111000111111111111111111111011111111001111111000000000000000000000000000000011011111111111000111101111111111110111111181111111111111111111111111111111111
1111111110111100000111111111101111111111011111111110111111111111111111111111101111100111111111111111111111101111111111011111100011111111110111111011111111111111011111118111111111111111111111111111111111
1111111110111011111000111111110111111110111111111101111111111111111111111111110111011111111111111111111111101111111111011111111011111111001111111011111111111111100111111811111111111111111111111111111111
1111111110100111111111011111111011111001111111111011111111111111111111111111111000111111111111111111111111101111111111011111111011111110111111110111111111111111111011111181111111111111111111111111111111
1111111111011111111000101111111011110111111111110111111111111111111111111111111011111111111111111111111111101111111111011111111011111101111111110111111111111111111101111111811111111111111111111111111111
1111111110101111100111110001111100001111111111101111111111111111111111111111111011111111111111111111111111101111111111011111111011111011111111110111111111111111111110111111181111111111111111111111111111
1111111001110111011111111110111101111111111111011111111111111111111111111111111101111111111111111111111111101111111111011111111011110111111111101111111111111111111111011111118111111111111111111111111111
1111110111111010111111111111011010111111111110111111111111111111111111111111111101111111111111111111111111101111111111011111111011001111111111011111111111111111111111101111118111111111111111111111111111
1111101111111001111111111111100111011111111101111111111111111111111111111111111101111111111111111111111111101111111111011111111010111111111111011111111111111111111111110011111811111111111111111111111111
1111011111110011111111111111101111011111110011111111111111111111111111111111111110111111111111111111111111000111111111011111111001111111111111011111111111111111111111111101111181111111111111111111111111
1110111111101101111111111111011111101110001111111111111111111111111111111111111110111111111111111111111110011000001111011111111011111111111111011111111111111111111111111110111118111111111111111111111111
1101111111011110111111111100111111110101111111111111111111111111111111111111111111011111111111111111111101011111110000011111100111111111111111011111111111111111111111111111011111811111111111111111111111
1110111000111111011111111011111111110011111111111111111111111111111111111111111111101111111111111111111011011111111111011110011011111111111111011111111111111111111111111000111111811111111111111111111111
1110100111111110101111000111111111110111111111111111111111111111111111111111111111101111111111111111110111011111111111011101111011111111111110111111111111111111111111110111111111181111111111111111111111
1110011111111101110100111111111111000111111111111111111111111111111111111111111111110111111111111111101111011111111111011011111011111111111110111111111111111111000000001111111111118111111111111111111111
1110111111111011111011111111111110111011111111111111111111111111111111111111111111110111111111111110011111011111111111010111111011111111111110111111111111111110111111111111111111111811111111111111111111
1110111111000111110101111111111101111011111111111111111111111111111111111111111111110111111111111101111111011111111111001111111011111111111101111111111100000001111111111111111111111811111111111111111111
1111011110111111101101111111110011111101111111111111111111111111111111111111111111110111111111111011111111011111111111011111111011111111111011111111111011111111111111111111111111111118111111111111111111
1111011001111111011101111111101111111101111111111111111111111111111111111111111111110111111111110111111111011111111110111111111011111111111011111111110111111111111111111111111111111118111111111111111111
1111000111111110111110111110011111111101111111111111111111111111111111111111111111110111111111101111111111011111111101111111111011111111111011111111101111111111111111111111111111111111181111111111111111
1111101111111001111111011001111111111101111111111111111111111111111111111111111111110111111111011111111111101111111011111111111011111111110000000000011111111111111111111111111111111111181111111111111111
1111110010000111111111010111111111111110111111111111111111111111111111111111111111110111111100111111111111101111110111111111111011111111000111111111111111111111111111111111111111111111118111111111111111
1111111101111111111111001111111111111110111111111111111111111111111111111111111111110111111011111111111111110100001111111111111010000000111011111111111111111111111111111111111111111111111811111111111111
1111111101111111111100101111111111111110111111111111111111111111111111111111111111110111110111111111111111110011111111111000000001111111111011111111111111111111111111111111111111111111111811111111111111
1111111101111111110011110111111111111111011111111111111111111111111111111111111111111011101111111111111111000000000000000111111011111111111011111111111111111111111111111111111111111111111811111111111111
1111111101111111101111111011111111111111011111111111111111111111111111111111111111111011011110000000000000111111111111011111111011111111111011111111111111111111111111111111111111111111111181111111111111
1111111110111110011111111101111111111111101111111111111111111111111111111111111111111010111101111111111111111111111111011111111101111111111011111111111111111111111111111111111111111111111181111111111111
1111111110111101111111111101111111111111101111111111111111111111111111111111111111111000000011111111111111111111111111011111111101111111111011111111111111111111111111111111111111111111111118111111111111
1111111110111011111111111110111111111111101111111111111111111111111111111111110000000101111111111111111111111111111111101111111101111111111011111111111111111111111111111111111111111111111111811111111111
1111111111000111111111111110111111111111110111111111111111111111111111100000001111111101111111111111111111111111111111101111111101111111111011111111111111111111111111111111111111111111111111181111111111
1111111111011111111111111111011111111111111011111111100000000000000000011111111111111101111111111111111111111111111111101111111101111111111011111111111111111111111111111111111111111111111111181111111111
1111111111011111111111111111011111111111111101100000010111111111011111111111111111111101111111111111111111111111111111101111111101111111111011111111111111111111111111111111111111111111111111118111111111
1111111111011111111111111111101111110000000000011011110111111111011111111111111111111110111111111111111111111111111111101111111101111111111011111111111111111111111111111111111111111111111111118111111111
1111111111101111111111111111101110001110111101111011110111111111011111111111111111111111011111111111111111111111111111101111111110111111111011111111111111111111111111111111111111111111111111111811111111
1111111111101111111111111111110101111101111101111011110111111111011111111111111111111111011111111111111111111111111111110111111110111111111011111111111111111111111111111111111111111111111111111811111111
1111111111101111111111111110000011111011111101111011110111111111011111111111111111111111011111111111111111111111111111110111111110111111111011111111111111111111111111111111111111111111111111111181111111
1111111111101111111111100001111111110111111101111011110111111111011111111111111111111111011111111111111111111111111111110111111110111111111011111111111111111111111111111111111111111111111111111181111111
1111111111101111111111011111111111101111111101111011111011111111011111111111111111111111011111111111111111111111111111110111111110111111111011111111111111111111111111111111111111111111111111111118111111
1111111111101111111110111111111111011111111101111011111101111111101111111111111111111111011111111111111111111111111111110111111111011111111011111111111111111111111111111111111111111111111111111118111111
1111111111101111111101111111111110111111111100000011111101111111101111111111111111111111011111111111111111111111111111110111111111011111111011111111111111111111111111111111111111111111111111111111811111
1111111111101111111011111111111101111111111011111000000001111111101111111111111111111111011111111111111111111111111111111011111111011111111011111111111111111111111111111111111111111111111111111111811111
1111111111100000000111111111111011111111110111110111111101111111101111111111111111111111011111111111111111111111111111111011111111011111111011111111111111111111111111111111111111111111111111111111811111
1111111111101111111111111111110111111111110111110111111101111111101111111111111111111111011111111111111111111111111111111011111111011111111011111111111111111111111111111111111111111111111111111111811111
1111111111101111111111111111101111111111110111110111111101111111110111111111111111111111011111111111111111111111111111111011111111011111111011111111111111111111111111111111111111111111111111111111811111
1111111111101111111111111111011111111111110111110111111101111111110111111111111111111111011111111111111111111111111111111011111111011111111011111111111111111111111111111111111111111111111111111111811111
1111111111101111111111111110111111111111110111110111111101111111110111111111111111111111011111111111111111111111111111111011111111011111111011111111111111111111111111111111111111111111111111111111811111
1111111111101111111111111101111111111111110111101111111101111111110111111111111111111111011111111111111111111111111111000111111111011111111011111111111111111111111111111111111111111111111111111111811111
1111111111101111111111111011111111111111110111101111111101111111110111111111111111111111011111111111111111111111111000111111111111011111111011111111111111111111111111111111111111111111111111111111811111
1111111111101111111111110111111111111111101111101111111101111111110111111111111111111111011111111111111111111111100111111111111111011111111011111111111111111111111111111111111111111111111111111111811111
1111111111101111111111101111111111111111101111101111111101111111110111111111111111111111011111111111111111111111101111111111111111011111111101111111111111111111111111111111111111111111111111111111811111
1111111111101111111111011111111111111111101111011110000001111111110111111111111111111111011111111111111111111111011111111111111111000000000001111111111111111111111111111111111111111111111111111111811111
1111111111101111111110111111111111111111000000000001111101111111111011111111111111111111011111111111111111111111011111111111111110111111111101111111111111111111111111111111111111111111111111111111811111
1111111111101111111101111111111111111111111111011111111101111111111011111111111111111111011111111111111111111110111111111110000001111111111101111111111111111111111111111111111111111111111111111111811111
1111111111101111111011111111111111111111111111011111111101111111111011111111111111111111011111111111111111111110111111111101111111111111111101111111111111111111111111111111111111111111111111111111811111
1111111111101111100111111111111111111111111111011111111110111111111011111111111111111111011111111111111111111101111000000011111111111111111101111111111111111111111111111111111111111111111111111118111111
1111111111101111011111111111111111111111111111011111111110111111111011111111111111111111011111111111111111111000000111111111111111111111111101111111111111111111111111111111111111111111111111111118111111
1111111111101100111111111111111111111111111111101111111110111111111011111111111111111111010000000000000000000011111111111111111111111111111101111111111111111111111111111111111111111111111111111118111111
1111111111101011111111111111111111111111111111101111111110111111111011111111111111111110001111111111111111110111111111111111111111111111111101111111111111111111111111111111111111111111111111111181111111
1111111111100111111111111111111111111111111111101111111110111111111000000000000000000001110111111111111111110111111111111111111111111111111101111111111111111111111111111111111111111111111111111181111111
1111111111100000011111111111111111111111111111101111111110111111111011111111111111111111110111111111111111110111111111111111111111111111111101111111111111111111111111111111111111111111111111111811111111
1111111111101111100000000000000000000000000000001111111110111111111011111111111111111111111011111111111111110111111111111111111111111111111101111111111111111111111111111111111111111111111111111811111111
1111111111110111111111111111111111111111111111110111111111011111111011111111111111111111111011111111111111110111111111111111111111111111111101111111111111111111111111111411111111111111111111118111111111
1111111111110111111111111111111111111111111111110111111111011111111011111111111111111111111011111111111111110111111111111111111111111111111101111111111111111111111111114444411111111111111111181111111111
1111111111110111111111111111111111111111111111110111111111011111111011111111111111111111111011111111111111110111111111111111111111111111111101111111111111111111111111144444444441111111111111181111111111
1111111111111011111111111111111111111111111111110111111111011111111011111111111111111111111011111111111111110111111111111111111111111111111101111111111111111111111111144444444444444111111111811111111111
1111111111111011111111111111111111111111111111110111111111011111111011111111111111111111111011111111111111111011111111111111111111111111111011111111111111111111111111144444444444444444411118111111111111
1111111111111101111111111111111111111111111111110111111111011111111011111111111111111111111011111111111111111011111111111111111111111111111011111111111111111111111111144444444444444444411118111111111111
1111111111111101111111111111111111111111111111110111111111011111111011111111111111111111111011111111111111111011111000000000000000000000000011111111111111111111111111444444444444444444111181111111111111
1111111111111110111111111111111111111111111111110111111111011111111011111111111111111111111011111111111111111011110111111111111111111111110111111111111111111111111111444444444444444444111181111111111111
1111111111111110111111111111111111111111111111110111111110011111111011111111111111111111111011111111111111111101001111111111111111111111101111111111111111111111111111444444444444444444111811111111111111
1111111111111111011111111111111111111111111111111011110001011111111011111111111111111111111011110000000000000000111111111111111111111111011111111111111111111111111114444444444444444441111811111111111111
1111111111111111011111111111111111111111111111111000001111011111111011111111111111111111111000001111111111111111111111111111111111111110111111111111111111111111111114444444444444444441118111111111111111
1111111111111111101111111111111111111111111111111111111111011111111011111111111111111111111011111111111111111111111111111111111111111101111111111111111111111111111114444444444444444441181111111111111111
1111111111111111110111111111111111111111111111111111111111011111111011111111111111111111111011111111111111111111111111111111111111111011111111111111111111111111111144444444444444444411181111111111111111
1111111111111111111011111111111111111111111111111111111111011111111011111111111111111111111011111111111111111111111111111111111111110111111111111111111111111111111144444444444444444411811111111111111111
1111111111111111111011111111111111111111111111111111111111011111111011111111111111111111111011111111111111111111111111111111111111101111111111111111111111111111111144444444444444444411811111111111111111
1111111111111111111011111111111111111111111111111111111111101111111011111111111111111111111011111111111111111111111111111111111111011111111111111111111111111111111444444444444444444118111111111111111111
1111111111111111111011111111111111111111111111111111111111101111111011111111111111111111111011111111111111111111111111111111111110111111111111111111111111111111111444444444444444444118111111111111111111
1111111111111111111011111111111111111111111111111111111111101111111011111111111111111111111011111111111111111111111111111111111101111111111111111111111111111111111444444444444444444444444444444411111111
1111111111111111111011111111111111111111111111111111111111101111111011111111111111111111111011111111111111111111111111111111111011111111111111111111111111111111114444444444444444444444444444444111111111
1111111111111111111101111111111111111111111111111111111111101111111011111111111111111111111011111111111111111111111111111111110111111111111111111111111111111111114444444444444444444444444444444111111111
1111111111111111111101111111111111111111111111111111111111110111111011111111111111111111111011111111111111111111111111111111101111111111111111111111111111111111114444444444444444444444444444441111111111
1111111111111111111110111111111111111111111111111111111111110111111101111111111111111111111011111111111111111111111111111111011111111111111111111111111111111111144444444444444444444444444444441111111111
1111111111111111111110111111111111111111111111111111111111110111111110111111111111111111111011111111111111111111111111111110111111111111111111111111111111111111144444444444444444444444444444441111111111
1111111111111111111110111111111111111111111111111111111111110111111110111111111111111111111011111111111111111111111111111101111111111111111111111111111111111111144444444444444444444444444444411111111111
1111111111111111111111011111111111111111111111111111111111110111111110111111111111111111111011111111111111111111111111111011111111111111111111111111111111111111444444444444444444444444444444411111111111
1111111111111111111111101111111111111111111111111111111111110111111110111111111111111111111011111111111111111111111111110111111111111111111111111111111111111111444444444444444444444444444444111111111111
1111111111111111111111101111111111111111111111111111111111110111111111011111111111111111111101111111111111111111111111101111111111111111111111111111111111111111444444444444444444444444444444111111111111
1111111111111111111111101111111111111111111111111111111111110111111111011110000000000000000001111111111111111111111111011111111111111111111111111111111111111114444444444444444444444444444441111111111111
1111111111111111111111101111111111111111111111111111111111110000000000000001111111111111111101111111111111111111111110111111111111111111111111111111111111111114444444444444444444444444444441111111111111
1111111111111111111111101111111111111111111111111111111111110111111111111111111111111111111101111111111111111111111110111111111111111111111111111111111111111114444444444444444444444444444441111111111111
1111111111111111111111101111111111111111111111111111111111111011111111111111111111111111111101111111111111111111111101111111111111111111111111111111111111111144444444444444444444444444444411111111111111
1111111111111111111111101111111111111111111111111111111111111011111111111111111111111111111101111111111111111111111011111111111111111111111111111111111111111144444444444444444444444444444411111111111111
1111111111111111111111110111111111111111111111111111111111111011111111111111111111111111111101111111111111111111110111111111111111111111111111111111111111111144444444444444444444444444444111111111111111
1111111111111111111111111011111111111111111111111111111111111011111111111111111111111111111101111111111111111111101111111111111111111111111111111111111111111444444444444444444444444444444111111111111111
1111111111111111111111111101111111111111111111111111111111111011111111111111111111111111111101111111111111111111011111111111111111111111111111111111111111111444444444444444444444444444444111111111111111
1111111111111111111111111101111111111111111111111111111111111011111111111111111111111111111101111111111111111110111111111111111111111111111111111111111111111444444444444444444444444444441111111111111111
1111111111111111111111111110111111111111111111111111111111111011111111111111111111111111111101111111111111111101111111111111111111111111111111111111111111114444444444444444444444444444441111111111111111
1111111111111111111111111111011111111111111111111111111111111011111111111111111111111111111101111111111111111011111111111111111111111111111111111111111111114444444444444444444444444444411111111111111111
1111111111111111111111111111101111111111111111111111111111111011111111111111111111111111111101111111111111111000111111111111111111111111111111111111111111114444444444444444444444444444411111111111111111
1111111111111111111111111111101111111111111111111111111111111011111111111111111111111111111110111111111111110111011111111111111111111111111111111111111111144444444444444444444444444444111111111111111111
1111111111111111111111111111110111111111111111111111111111111011111111111111111111111111111110111111111111101111101111111111111111111111111111111111111111144444444444444444444444444444111111111111111111
1111111111111111111111111111110111111111111111111111111111111011111111111111111111111111111110111111111111011111110011111111111111111111111111111111111111144444444444444444444444444444111111111111111111
1111111111111111111111111111110111111111111111111111111111111011111111111111111111111111111110111111111110111111111101111111111111111111111111111111111111444444444444444444444444444441111111111111111111
1111111111111111111111111111110111111111111111111111111111111011111111111111111111111111111110111111111101111111111101111111111111111111111111111111111111444444444444444444444444444441111111111111111111
1111111111111111111111111111111011111111111111111111111111111011111111111111111111111111111110111111111011111111111011111111111111111111111111111111111111444444444444444444444444444411111111111111111111
1111111111111111111111111111111011111111111111111111111111111101111111111111111111111111111111011111110111111111110111111111111111111111111111111111111114444444444444444444444444444411111111111111111111
1111111111111111111111111111111011111111111111111111111111111101111111111111111111111111111111011111101111111111110111111111111111111111111111111111111114444444444444444444444444444411111111111111111111
1111111111111111111111111111111101111111111111111111111111111101111111111111111111111111111111101111011111111111110111111111111111111111111111111111111114444444444444444444444444444111111111111111111111
1111111111111111111111111111111101111111111111111111111111111101111111111111111111111111111111101110111111111111110111111111111111111111111111111111111144444444444444444444444444444111111111111111111111
1111111111111111111111111111111101111111111111111111111111111101111111111111111111111111111111110110111111111111101111111111111111111111111111111111111144444444444444444444444444441111111111111111111111
1111111111111111111111111111111101111111111111111111111111111101111111111111111111111111111111111001111111111111011111111111111111111111111111111111111144444444444444444444444444441111111111111111111111
1111111111111111111111111111111110111111111111111111111111000000000000000000000111111111111111111011111111111111011111111111111111111111111111111111111444444444444444444444444444411111111111111111111111
1111111111111111111111111111111111011111111111111111000000111111111111111111111000000000000000000011111111111111011111111111111111111111111111111111111444444444444444444444444444411111111111111111111111
1111111111111111111111111111111111011111111111111100111111111111111111111111111111111111111111110100111111111111011111111111111111111111111111111111111444444444444444444444444444411111111111111111111111
1111111111111111111111111111111111011111111000000011111111111111111111111111111111111111111111101111000111111111011111111111111111111111111111111111114444444444444444444444444444111111111111111111111111
1111000111111111111111111111111111011111100111111111111111111111111111111111111111111111111111011111111000111110111111111111111111111111111111111111114444444444444444444444444444111111111111111111111111
1111011000000011111111111111111111011111011111111111111111111111111111111111111111111111111110111111111111001110111111111111111111111111111111111111114444444444444444444444444441111111111111111111111111
1111011111111100000111111111111111011110111111111111111111111111111111111111111111111111111101111111111111110001111111111111111111111111111111111111144444444444444444444444444441111111111111111111111111
1111011111111111111000000000000000000001111111111111111111111111111111111111111111111111111011111111111111111111111111111111111111111111111111111111144444444444444444444444444441111111111111111111111111
1111011111111111111111111111111111000000000001111111111111111111111111111111111111111111110111111111111111111111111111111111111111111111111111111111144444444444444444444444444411111111111111111111111111
1111011111111111111111111111111110111111111110001111111111111111111111111111111111111111101111111111111111111111111111111111111111111111111111111111144444444444444444444444444411111111111111111111111111
1110111111111111111111111111111110111111111111110000000111111111111111111111111111111111011111111111111111111111111111111111111111111111111111111111144444444444444444444444444411111111111111111111111111
1110111111111111111111111111111110111111111111111101111000000000000000001111111111111110111111111111111111111111111111111111111111111111111111111111144444444444444444444444444411111111111111111111111111
1110111111111111111111111111111110111111111111111101111111111111111101110000000000000001111111111111111111111111111111111111111111111111111111111111144444444444444444444444444411111111111111111111111111
1110111111111111111111111111111110111111111111111011111111111111111101111111111111111100000000001111111111111111111111111111111111111111111111111111144444444444444444444444444411111111111111111111111111
1101111111111111111111111111111110111111111111111011111111111111111101111111111111111101111111110000011111111111111111111111111111111111111111111111444444444444444444444444444411111111111111111111111111
1101111111111111111111111111111110111111111111111011111111111111111101111111111111111101111111111111000000111111111111111111111111111111111111111111444444444444444444444444444411111111111111111111111111
1101111111111111111111111111111101111111111111111011111111111111111101111111111111111101111111111111011111000000111111111111111111111111111111111111444444444444444444444444444411111111111111111111111111
1101111111111111111111111111111101111111111111111011111111111111111101111111111111111101111111111111011111111111000001111111111111111111111111111111444444444444444444444444444411111111111111111111111111
1101111111111111111111111111111101111111111111111011111111111111111101111111111111111101111111111111011111111111111101111111111111111111111111111111444444444444444444444444444411111111111111111111111111
1101111111111111111111111111111101111111111111111011111111111111111101111111111111111011111111111111011111111111111101111111111111111111111111111111444444444444444444444444444441111111111111111111111111
1101111111111111111111111111111101111111111111111011111111111111111101111111111111111011111111111111011111111111111101111111111111111111111111111114444444444444444444444444444444441111111111111111111111
1100000000111111111111111111111101111111111111111011111111111111111101111111111111111011111111111111011111111111111101111111111111111111111111111114444444444444444444444444444444444441111111111111111111
1111111111000011111111111111111011111111111111111011111111111111111011111111111111111011111111111111011111111111111101111111111111111111111111111114444444444444444444444444444444444444441111111111111111
1111111111111100000000000111111011111111111111111011111111111111111011111111111111111011111111111111011111111111111101111111111111111111111111111114444444444444444444444444444444444444444441111111111111
1111111111111111111111111000000000000000111111111011111111111111111011111111111111110111111111111110111111111111111101111111111111111111111111111114444444444444444444444444444444444444444444441111111111
1111111111111111111111111111111111111111001111111011111111111111111011111111111111110111111111111110111111111111111011111111111111111111111111111114444444444444444444444444444444444444444444444441111111
1111111111111111111111111111111111111111110111111011111111111111111011111111111111110111111111111110111111111111111011111111111111111111111111111144444444444444444444444444444444444444444444444444441111
1111111111111111111111111111111111111111111011111011111111111111111011111111111111110111111111111110111111111111111011111111111111111111111111111144444444444444444444444444444444444444444444444444444441
1111111111111111111111111111111111111111111100000011111111111111111011111111111111110111111111111110111111111111111011111111111111111111111111111144444444444444444444444444444444444444444444444444444441
1111111111111111111111111111111111111111111111111100000000000000000011111111111111110111111111111110111111111111110111111111111111111111111111111144444444444444444444444444444444444444444444444444444441
1111111111111111111111111111111111111111111111111111111111111111111100000000111111110111111111111110111111111111110111111111111111111111111111111144444444444444444444444444444444444444444444444444444441
1111111111111111111111111111111111111111111111111111111111111111111111111111000000000000000111111110111111111111110111111111111111111111111111111444444444444444444444444444444444444444444444444444444441
1111111111111111111111111111111111111111111111111111111111111111111111111111111111111111111001111110111111111111110111111111111111111111111111111444444444444444444444444444444444444444444444444444444441
1441111111111111111111111111111111111111111111111111111111111111111111111111111111111111111110000000111111111111110111111111111111111111111111111444444444444444444444444444444444444444444444444444444441
1444111111111111111111111111111111111111111111111111111111111111111111111111111111111111111111111111000000000001110111111111111111111111111111111444444444444444444444444444444444444444444444444444444441
1444444111111111111111111111111111111111111111111111111111111111111111111111111111111111111111111111111111111110000111111111111111111111111111111444444444444444444444444444444444444444444444444444444441
1444444444111111111111111111111111111111111111111111111111111111111111111111111111111111111111111111111111111111111111111111111111111111111111111444444444444444444444444444444444444444444444444444444441
1444444444444111111111111111111111111111111111111111111111111111111111111111111111111111111111111111111111111111111111111111111111111111111111114444444444444444444444444444444444444444444444444444444441
1444444444444444111111111111111111111111111111111111111111111111111111111111111111111111111111111111111111111111111111111111111111111111111111114444444444444444444444444444444444444444444444444444444441
1444444444444444444111111111111111111111111111111111111111111111111111111111111111111111111111111111111111111111111111111111111111111111111111114444444444444444444444444444444444444444444444444444444441
1444444444444444444444444444444444411111111111111111111111111111111111111111111111111111111111111111111111111111111111111111111111111111111111114444444444444444444444444444444444444444444444444444444441
1444444444444444444444444444444444444111111111111111111111111111111111111111111111111111111111111111111111111111111111111111111111111111111111114444444444444444444444444444444444444444444444444444444441
1444444444444444444444444444444444444441111111111111111111111111111111111111111111111111111111111111111111111111111111111111111111111111111111114444444444444444444444444444444444444444444444444444444441
1444444444444444444444444444444444444444411111111111111111111111111111111111111111111111111111111111111111111111111111111111111111111111111111144444444444444444444444444444444444444444444444444444444441
1444444444444444444444444444444444444444444111111111111111111111111111111111111111111111111111111111111111111111111111111111111111111111111111144444444444444444444444444444444444444444444444444444444441
1444444444444444444444444444444444444444444411111111111111111111111111111111111111111111111111111111111111111111111111111111111111111111111111144444444444444444444444444444444444444444444444444444444441
1444444444444444444444444444444444444444444441111111111111111111111111111111111111111111111111111111111111111111111111111111111111111111111111144444444444444444444444444444444444444444444444444444444441
1444444444444444444444444444444444444444444444111111111111111111111111111111111111111111111111111111111111111111111111111111111111111111111111144444444444444444444444444444444444444444444444444444444441
1444444444444444444444444444444444444444444444411111111111111111111111111111111111111111111111111111111111111111111111111111111111111111111111144444444444444444444444444444444444444444444444444444444441
1444444444444444444444444444444444444444444444441111111111111111111111111111111111111111111111111111111111111111111111111111111111111111111111444444444444444444444444444444444444444444444444444444444441
1444444444444444444444444444444444444444444444444444444444111111111111111111111111111111111111111111111111111111111111111111111111111111111111444444444444444444444444444444444444444444444444444444444441
1444444444444444444444444444444444444444444444444444444444444444444411111111111111111111111111111111111111111111111111111111111111111111111111444444444444444444444444444444444444444444444444444444444441
1444444444444444444444444444444444444444444444444444444444444444444444444444411111111111111111111111111111111111111111111111111111111111111111444444444444444444444444444444444444444444444444444444444441
1444444444444444444444444444444444444444444444444444444444444444444444444444444444444411111111111111111111111111111111111111111111111111111111444444444444444444444444444444444444444444444444444444444441
1444444444444444444444444444444444444444444444444444444444444444444444444444444444444444444441111111111111111111111111111111111111111111111111444444444444444444444444444444444444444444444444444444444441
1111111111111111111111111111111111111111111111111111111111111111111111111111111111111111111111111111111111111111111111111111111111111111111111111111111111111111111111111111111111111111111111111111111111