111111111111111111111111111111111111111111111111111111111111111111111111111111111111111111111111111111
111111111111111111111111111111111111111111111111111111111111111111111111111181111111111111111111111111
111111111111111111111111111111111111111111111111111111888888888888888888888810000000000000111111111111
111111111111111111111111111111111111111111111888888888111111111111111111111101101111111111000000000011
111111111111111111111111111111111111111111888111111111110011111111111111111011110111111111111111100011
111111111111111111111111111111111111111188111111111111101101111111111111110111111011111111111111011011
111111111111111111111111111111111111888811111111111110011110111111001111101111111011111111111110111011
111111111111111111111111111111118888111111111111111101011111000000110111011111111011111111111101111011
111111111111111111111111111888881111111111111111111011011111011111111010111111111101111111111011111011
111111111111111111111111118111111111111111111111111011101111011111111100000011111001111111110111111011
111111111111111111111111811111111111111111111111111011101111011111111011111101110111111111101111111011
111111111111111111111181111111111111111111111100000011101111011111110111111110001111111111011111111011
111111111111111111118111111111111111111000000001111011101111010000000011111110100000011110111111111011
111111111111111111181111111111111111110111111101111011101111101111111101111101111111100001111111111011
111111111111111111811111111111111111001111111101111011101111101111111110110011111111011111111111111011
111111111111111181111111111111110000111111111101111011101111101111111111001111111110111111111111111011
111111111111111811111111111110000011111111111110000000000000001111111111010001111110111111111111111011
111111111111118111111111111101101101111111111110110111101111100111111110111110001101111111111111111011
111111111111811111111111110011101110011111111110110111101111101011111101111111110011111111111111111011
111111111118111111111111100111101111100000000000000000001111101100000011111111110111111111111111111011
111111111181111111111111001000101111111111111111110111101111101111011111111111101111111111111111111011
111111111811111111111100101111001111111111111111110111101111101111011111111111011111111111111111111011
111111118111111111111011101111100000000000001111110111101111101111011111111110111111111111111111111011
111111118111111111110111101111101111111111110000000000000000000111011111111101111111111111111100000011
111111118111111111101111101111101111111111111111111111111111111000111111111101111111111111111011111111
111111118111111100011111101111101111111111111111111111111111111110000111111011111111111111000111111111
111111181111111011111111101111101111111111111111111111111111111110111000110111111111111100111111111111
111111181110000111111111101111101111111111111111111111111111111110111111001111111011111011111111111111
111111181001111111111111101111101111111111111111111111111111111110111110010111111000000111111111111111
111111811101111111111111100000101111111111111111111111111111111111011101111011111010101111111111111111
111111811101111111111111101111011111111111111111111111111111111111101011111101111010101111111111111111
111111811101111111111111101111011111111111111111111111111111111111110111111110111010101111111111111111
111111811110111111111111101111011111111111111111111111111111111111101111111111011010101111111111111111
111118111110111111111111101111011111111111111111111111111111111111011111111111100010101111111111111111
111118111110111111111111100001011111111111111111111111111111111110111111111111111010101111111111111111
111118111110111111111111101110011111111111111111111111111111111110011111111111100000000001111111111111
111181111110111111111111101111011111111111111111111111111111111101100111111111011111111100111111111111
111181111111011111111111101111011111111111111111111111111111111011111011110000111111111011001111111111
111181111111011100000000001111011111111111111111111111111111110111111101101111111111110111110111111111
111181111111000011111111101111011111111111111111111111111111110111111110011111111111110111111011111111
111181111111101111111111101111011000000000000000111111111111101011111100111111111111101111111101111111
111181111111101111111111101111011011111111111111001111111111011101110010111111111111101111111110111111
111181111111101111111111101111011011111111111111010000000000111110001110111111111111101111111111011111
111181111111101111111111101111011011111111111111011111011101011110111101111111111111011111111111101111
111181111111101111111111101111011011111111111111011111011101101101111011111111111111011111111111110111
111181111111110111111111101111000000000000000000000010111011110011110111111111111111011111111111111011
111181111111111011111111101111111111111111111110111100111011111011110111111111111111011111111111110111
111181111111111011111111101111111111111111111110111101111000010111110011111111111110111111111111101111
111181111111111011111111101111111111111111111110111101111011101111110101111111111110111111111111101111
111181111111111101111111101111111111111111111110111011111011110111101110000000011110111111111111101111
111181111111000000000000000000000000111111111110001011111011111011011111111101100000111111111111101111
111181111100111101111111011111110111001111111110110011110111111100111111111101111101001111111111101111
111181000011111101111111011111110111110011111110111011110111111100111111111101111101110000000111101111
111181011111111110111111011111110111111011111110110111110111111100111111111011111011111111111001101111
111181101111111110111111011111110111111011111110110111101111111110111111111000000011111111111110001111
111181101111111110111111011111110111111000000000000111101111111111011111110111110111111111111111111111
111181101111111110111111011111110111111111111111110001101111111111100000110111110111111111111111111111
111181101111111110111111011111111011001111111111111110011111111111101111000111110111111111111111111111
111181101111111110111111011111111000101111111111111111011111111111011111110111110111111111111111111111
111181110111111110000000000000000111101111111111111110111111111110111111111011101111111111111111111111
111181111011111111111111101111111111101111111111111110111111111101111111111101101111111111111111111111
111118111011111111111111101111111111101111111111111110111111111101111111111101011111111111111111111111
111118111011111111111111101111111111101111111111111101111101111011111111111101011111111111111111111111
111118111011111111111111101111111111101111110000000001111010000111000000000000111111111111111111111111
111111811101111111111111101111111111101111101111111010111011110110111111111111011111111111111111111111
111111811101111111111111101111111111101111011111111011010111101110111111111111011111111111111111111111
111111811110111111111111101111111111101100011111111011100000101110111111111111101111111111111111111111
111111181111011111111111100000000000000011101111110111110111001101111111111111101111111111111111111111
111111181111101111111111101111111111101111110111110111110111110000000000000000001111111111111111111111
111111181111101111111111101111111111101111110000000111110111111011111101111111011111111111111111111111
111111181111110111111111101111111111101111111111110111110111110111111011111111011111111111111111111111
111111181111110111111111101111111111101111111111110111110111101111111011111111011111111111111111111111
111111118111110111111111101111111111101111111111110111110111011111110111111110111111111111111111111111
111111118111110111111111101111111111101111111111110111110111011111110111111101111111111111111111111111
111111118111110111111111101111111111101111111111110000000000011111110111111101111111111111111111111111
111111118111111011111111101111111100001111111111110111111111100000001111111101111111111111111111111111
111111111811111101111111100000000011111111111111110111111111111111111111111011111111111111111111111111
111111111811111110111111101111111111111111111111110111111111111111111111111011111111111111111111111111
111111111181111111011111101111111111111111111111110111111111111111111111111011111111111111111111111111
111111111181111111011111101111111111111100000000000000011111111111111111100011111111111111111111111111
111111111118111111101111110111111111111101101110110111100111111111111110011011111111111111111111111111
111111111111811111110111110111111111111101101110110111111000000000000001111011111111111111111111111111
111111111111181111111011110000000000111101101110110111111111111111111111111011111111111111111111111111
111111111111118111111011001110111111011101101110110111111111111111111111111011111111111111111111111111
111111111111111811111100111110110000000000000000110111111111111111111111111011111111111111111111111111
111111111111111181111101111110001111111111111111000000000000000000000111111011111111111111111111111111
111111111111111118111110111111111100000000000000111111111111111111111000000011111111111111111111111111
111111111111111111811110111111111011111111111111111111111111111111111111111111111111111111111111111111
111111111111111111181111011110000111111111111111111111111111111111111111111111111111111111111111111111
111111111111111111118111100001111111111111111111111111111111111111111111111111111111111111111111111111
111111111111111111111811111111111111111111111111111111111111111111111111111111111111111111111111111111
144444444444444444444444444444444444444444444444444444444444444444444444444444444444444444444444444441
144444444444444444444444444444444444444444444444444444444444444444444444444444444444444444444444444441
144444444444444444444444444444444444444444444444444444444444444444444444444444444444444444444444444441
144444444444444444444444444444444444444444444444444444444444444444444444444444444444444444444444444441
144444444444444444444444444444444444444444444444444444444444444444444444444444444444444444444444444441
144444444444444444444444444444444444444444444444444444444444444444444444444444444444444444444444444441
144444444444444444444444444444444444444444444444444444444444444444444444444444444444444444444444444441
144444444444444444444444444444444444444444444444444444444444444444444444444444444444444444444444444441
144444444444444444444444444444444444444444444444444444444444444444444444444444444444444444444444444441
144444444444444444444444444444444444444444444444444444444444444444444444444444444444444444444444444441
111111111111111111111111111111111111111111111111111111111111111111111111111111111111111111111111111111