111111111111111111111111111111111111111111111111111111111111111111111111111111111111111111111111111111
111111111111111111111111111111111111111111111111111111111111111111111111111181111111111111111111111111
111111111111111111111111111111111111111111111111111111888888888888888888888810001111111111111111111111
111111111111111111111111111111111111111111111888888888111111111111111111111101010000000000000000000011
111111111111111111111111111111111111111111888111111111111011111111111111111011011111111111111111110011
111111111111111111111111111111111111111188111111111111100101111111111111110111011111111111111111101011
111111111111111111111111111111111111888811111111111110011110110000001111101111101111111111111111011011
111111111111111111111111111111118888111111111111111110011111001111110111011111110111111111111110111011
111111111111111111111111111888881111111111111111111101011111011111111010111111111011111111111101111011
111111111111111111111111118111111111111111111111111101101111011111111100000111111101111111100011111011
111111111111111111111111811111111111111111111111110011101111101111111011111011110011111111011111111011
111111111111111111111181111111111111111111100000001011101111101111110111111100001111111110111111111011
111111111111111111118111111111111111111000011101111011101111100000001111111110101111111101111111111011
111111111111111111181111111111111111110111111101110111101111101111110001111001110000000011111111111011
111111111111111111811111111111111110001111111101110111101111101111111110110111111111101111111111111011
111111111111111181111111111111110001111111111110110111101111101111111111001111111111011111111111111011
111111111111111811111111111110001111111111111110000000000000001111111110010011111110111111111111111011
111111111111118111111111111101100001111111111110110111101111100011111101111100001101111111111111111011
111111111111811111111111110011101110011111111110110111101111101100010011111111110011111111111111111011
111111111118111111111111100111101111100000000000000000001111101111101111111111110111111111111111111011
111111111181111111111110001001101111111111111111110111101111101111101111111111101111111111111111111011
111111111811111111111101101110101111111111111111110111101111101111101111111111011111111111111111111011
111111118111111111111011101111001111111111111111110111101111101111011111111110111111111111111111111011
111111118111111111000111101111100000000000000000000000000000001110111111111101111111111111111110000011
111111118111111110111111101111101111111111111111111111111111110000111111111011111111111111111001111111
111111118111111001111111101111101111111111111111111111111111111110001111111011111111111111000111111111
111111181111110111111111101111101111111111111111111111111111111110110111110111111111111100111111111111
111111181110001111111111101111101111111111111111111111111111111110111000001111111001110011111111111111
111111181001111111111111101111011111111111111111111111111111111110111111010111111010001111111111111111
111111811011111111111111101111011111111111111111111111111111111111011110111001111010101111111111111111
111111811011111111111111100000011111111111111111111111111111111111101101111110111010101111111111111111
111111811101111111111111101111011111111111111111111111111111111111110011111111011010101111111111111111
111111811101111111111111101111011111111111111111111111111111111111101111111111101010101111111111111111
111118111101111111111111101111011111111111111111111111111111111111011111111111110010101111111111111111
111118111101111111111111100001011111111111111111111111111111111110011111111111111000101111111111111111
111118111110111111111111101110011111111111111111111111111111111101101111111111111110000001111111111111
111181111110111111111111101111011111111111111111111111111111111011110111111111111101111010111111111111
111181111110111111111111101111011111111111111111111111111111111011111011111111110011111011011111111111
111181111110111111111000001111011111111111111111111111111111110111111101111100001111110111101111111111
111181111111000000000111101111011111111111111111111111111111110111111000000011111111110111110111111111
111181111111011111111111101111011011111111111111111111111111101001110110111111111111110111111011111111
111181111111101111111111101111011000000000000000001111111111011110101110111111111111110111111100111111
111181111111101111111111101111011011111111111111010000000000111111011110111111111111110111111111011111
111181111111101111111111101111011011111111111111011111011110001110111101111111111111101111111111101111
111181111111101111111111101111011011111111111111011110111101110101111101111111111111101111111111110111
111181111111110111111111101111000000000000000000011110111011111011111011111111111111011111111111111011
111181111111110111111111011111111111111111111111000000111001110111110111111111111111011111111111111011
111181111111110111111111011111111111111111111111011101110110110111110111111111111110111111111111111011
111181111111110111111111011111111111111111111110111101110111001111110000000011111110111111111111111011
111181111111111011111111011111111111111111111110111101110111110111110111111100000001111111111111111011
111181111111111100000000000000000000111111111110111011101111110111110111111101111100011111111111111011
111181110000000001111111011111110111011111111110000011011111111011110111111011111101100111111111111011
111181001111111101111111011111110111100011111110110111011111111101101111111011111101111000001111110111
111181101111111101111111011111111011111011111110110111011111111101011111111011111101111111110000001111
111181101111111101111111011111111011111011111110110111011111111110111111111000000011111111111111101111
111181101111111101111111011111111011111000000000000111011111111111011111111011110111111111111111111111
111181101111111101111111011111111011111111111111110011011111111111100000011011110111111111111111111111
111181101111111101111111011111111011101111111111111100011111111111011111100111110111111111111111111111
111181101111111101111111011111110000001111111111111111011111111110111111110111110111111111111111111111
111181110111111110000000000000001111101111111111111110111111111101111111110111101111111111111111111111
111181110111111111111111101111111111101111111111111110111111111101111111111011011111111111111111111111
111118111011111111111111101111111111101111111111111110111111111101111111111010111111111111111111111111
111118111011111111111111101111111111101111111111111101111100111011111111111100111111111111111111111111
111118111101111111111111101111111111101111111110000011111101000111000000000000111111111111111111111111
111111811110111111111111101111111111101111100001110101111011101111011111111110111111111111111111111111
111111811111011111111111101111111111101111011111110110010111101111011111111110111111111111111111111111
111111811111011111111111101111111111100000101111110111100001011110111111111110111111111111111111111111
111111181111011111111111101000000000001111110111110111110110001101111111111111011111111111111111111111
111111181111011111111111100111111111101111110111110111110111110000000000000000001111111111111111111111
111111181111101111111111101111111111101111110000000111110111111011111101111111101111111111111111111111
111111181111101111111111101111111111101111111111110111110111110111111101111111101111111111111111111111
111111181111101111111111101111111111101111111111110111110111101111111101111111011111111111111111111111
111111118111110111111111101111111111101111111111110111110111101111111011111111011111111111111111111111
111111118111110111111111101111111111101111111111110111110111011111110111111111011111111111111111111111
111111118111110111111111101111111111101111111111110000000000000011110111111111011111111111111111111111
111111118111111011111111101111100000001111111111110111111111111100001111111110111111111111111111111111
111111111811111011111111100000011111111111111111110111111111111111111111111101111111111111111111111111
111111111811111101111111101111111111111111111111110111111111111111111111111011111111111111111111111111
111111111181111110111111101111111111111111111111110111111111111111111111111011111111111111111111111111
111111111181111111011111101111111111111100000000000011111111111111111111000011111111111111111111111111
111111111118111111101111110111111111111101101110110100001111111100000000111011111111111111111111111111
111111111111811111110111110111111111111101101110110111110000000011111111111011111111111111111111111111
111111111111181111110111100000000000111101101110110111111111111111111111111011111111111111111111111111
111111111111118111111011011110111111011101101110110111111111111111111111111011111111111111111111111111
111111111111111811111100111110111100000000000000110111111111111111111111111011111111111111111111111111
111111111111111181111110111110000011111111111110000000000000000000000000011011111111111111111111111111
111111111111111118111110111111111000000000000001111111111111111111111111100011111111111111111111111111
111111111111111111811111011111000111111111111111111111111111111111111111111111111111111111111111111111
111111111111111111181111101100111111111111111111111111111111111111111111111111111111111111111111111111
111111111111111111118111100011111111111111111111111111111111111111111111111111111111111111111111111111
111111111111111111111811111111111111111111111111111111111111111111111111111111111111111111111111111111
144444444444444444444444444444444444444444444444444444444444444444444444444444444444444444444444444441
144444444444444444444444444444444444444444444444444444444444444444444444444444444444444444444444444441
144444444444444444444444444444444444444444444444444444444444444444444444444444444444444444444444444441
144444444444444444444444444444444444444444444444444444444444444444444444444444444444444444444444444441
144444444444444444444444444444444444444444444444444444444444444444444444444444444444444444444444444441
144444444444444444444444444444444444444444444444444444444444444444444444444444444444444444444444444441
144444444444444444444444444444444444444444444444444444444444444444444444444444444444444444444444444441
144444444444444444444444444444444444444444444444444444444444444444444444444444444444444444444444444441
144444444444444444444444444444444444444444444444444444444444444444444444444444444444444444444444444441
144444444444444444444444444444444444444444444444444444444444444444444444444444444444444444444444444441
111111111111111111111111111111111111111111111111111111111111111111111111111111111111111111111111111111