111111111111111111111111111111111111111111111111111111111111111111111111111111111111111111111111111111
111111111111111111111111111111111111111111111111111111111111111111111111111111111111111111111111111111
111111111111111111111111111111111111111111111111111111111111111111111111111111000000000000011111111111
111111111111111111111111111111111111111111111111111111111111111111111111111110101111111111100000000011
111111111111111111111111111111111111111111111111111111110011111111111111111101110111111111111111110011
111111111111111111111111111111111111111111111111111111001101111111111111111011110111111111111111101011
111111111111111111111111111111111111111111111111111110111110100000001111110111110111111111111111011011
111111111111111111111111111111111111111111111111111100111111011111110111101111111011111111111110111011
111111111111111111111111111111111111111111111111111101011111011111111010011111111101111111111101111011
111111111111111111111111111111111111111111111111111101101111011111111100001111110001111111100011111011
111111111111111111111111111111111111111111111111110011101111011111111011110001101111111110011111111011
111111111111111111111111111111111111111110000000001011101111011111110111111110001111111101111111111011
111111111111111111111111111111111111111001111101111011101111011111000111111110110000011011111111111011
111111111111111111111111111111111111000111111110111011101111100000111001111101111111100111111111111011
111111111111111111111111111111111110111111111110111011101111101111111110010011111111011111111111111011
111111111111111111111111111111111101111111111110111011101111101111111111100011111111011111111111111011
111111111111111111111111111111100011111111111110000000000000000011111110011100011110111111111111111011
111111111111111111111111111111000011111111111110110111101111101101111101111111101101111111111111111011
111111111111111111111111111110101100111111111110110111101111101110110011111111110011111111111111111011
111111111111111111111111100001101111000000000000000000001111101111001111111111110111111111111111111011
111111111111111111111111001011101111111111111111110111101111101111011111111111101111111111111111111011
111111111111111111111100101100001111111111111111110111101111101111011111111111011111111111111111111011
111111111111111111000011101111100000000111111111110111101111101111011111111110111111111111111111111011
111111111111111100111111101111101111111000000000000000000000000010111111111101111111111111111111000011
111111111111111011111111101111011111111111111111111111111111111100001111111101111111111111111110111111
111111111111110111111111101111011111111111111111111111111111111110110011111011111111111111111101111111
111111111110001111111111101111011111111111111111111111111111111110111100010111111111111111110011111111
111111111101111111111111101111011111111111111111111111111111111110111111101111111001110000001111111111
111111111011111111111111101111011111111111111111111111111111111110111111010111111010001111111111111111
111111111011111111111111101111011111111111111111111111111111111111011110111011111010101111111111111111
111111111011111111111111100000011111111111111111111111111111111111101001111101111010101111111111111111
111111111101111111111111101111011111111111111111111111111111111111110111111110111010101111111111111111
111111111110111111111111101111011111111111111111111111111111111111101111111111011010101111111111111111
111111111110111111111111101111011111111111111111111111111111111111011111111111101010101111111111111111
111111111110111111111111100111011111111111111111111111111111111110111111111111110000101111111111111111
111111111111011111111111101000011111111111111111111111111111111101011111111111111100000001111111111111
111111111111011111111111101111011111111111111111111111111111111011100111111111100011111010111111111111
111111111111011111111111101111011111111111111111111111111111110111111011111110011111110111011111111111
111111111111011111110000001111011111111111111111111111111111110111111101000001111111101111101111111111
111111111111000000001111101111011111111111111111111111111111110011111100111111111111101111110111111111
111111111111011111111111101111011000011111111111111111111111101101111010111111111111101111111011111111
111111111111101111111111101111011011100000000000000000011111011110100110111111111111101111111101111111
111111111111101111111111101111011011111111111111011111100000111111011110111111111111011111111110111111
111111111111101111111111101111011011111111111111011111011110011110111101111111111111011111111111011111
111111111111110111111111101111011011111111111111011111011110101101111101111111111111011111111111100111
111111111111110111111111101111000000000000000000011111011101110011111011111111111111011111111111111011
111111111111111011111111011111111111111111111110100000111011110111110111111111111111011111111111111011
111111111111111011111111011111111111111111111110111110110100110111110111111111111110111111111111110111
111111111111111011111111011111111111111111111110111101110111001111101000111111111110111111111111110111
111111111111111101111111011111111111111111111110111101101111101111011111000000000101111111111111110111
111111111111110000000000000000000111111111111110111101101111110110111111111101111000111111111111110111
111111111111001101111111011111110000011111111110000011011111111010111111111101111101011111111111110111
111111000000111101111111011111110111100011111110111011011111111100111111111101111011101111111111110111
111111101111111101111111011111110111111011111110111011011111111110111111111011111011110000000001110111
111111101111111101111111011111110111111011111110111011011111111110111111111000000011111111111110001111
111111101111111101111111011111110111111000000000111011011111111111011111110111111011111111111111111111
111111110111111101111111011111110111111111111111000011011111111111100000110111110111111111111111111111
111111111011111110111111101111110111001111111111111100011111111111011111000111101111111111111111111111
111111111011111110111111101111100000101111111111111110111111111110111111111011101111111111111111111111
111111111011111110000000000000011111101111111111111110111111111101111111111011101111111111111111111111
111111111101111111111111101111111111101111111111111110111111111011111111111011011111111111111111111111
111111111101111111111111101111111111101111111111111101111111111011111111111101011111111111111111111111
111111111110111111111111101111111111101111111111111011111100011011111111111101011111111111111111111111
111111111111011111111111101111111111101111111111111011111011100111000000000000111111111111111111111111
111111111111011111111111101111111111101111111111000001110111101110111111111110111111111111111111111111
111111111111011111111111101111111111101100000000111010110111101110111111111110111111111111111111111111
111111111111101111111111101111111111100011011111111011000001011101111111111111011111111111111111111111
111111111111101111111111101000000000001111101111111011110110011101111111111111101111111111111111111111
111111111111101111111111100111111111101111101111110111110111100000000000000000001111111111111111111111
111111111111110111111111101111111111101111110000000111110111111011111011111111101111111111111111111111
111111111111110111111111101111111111101111111111110111110111110111111011111111101111111111111111111111
111111111111111011111111101111111111101111111111110111110111110111111011111111101111111111111111111111
111111111111111011111111101111111111101111111111110111110111101111111011111111011111111111111111111111
111111111111111101111111101111111111101111111111110111110111011111110111111111011111111111111111111111
111111111111111101111111101111111111101111111111110000000000000000001111111111011111111111111111111111
111111111111111101111111100000000000001111111111110111111111111111101111111110111111111111111111111111
111111111111111110111111101111111111111111111111110111111111111111111111111110111111111111111111111111
111111111111111111011111101111111111111111111111110111111111111111111111111110111111111111111111111111
111111111111111111101111101111111111111111111111110111111111111111111111111101111111111111111111111111
111111111111111111101111101111111111111100000000000000000111111111111111100011111111111111111111111111
111111111111111111101111101111111111111101101110110111111001111111111000011011111111111111111111111111
111111111111111111110111101111111111111101101110110111111110000000000111111011111111111111111111111111
111111111111111111111011110000000000111101101110110111111111111111111111111011111111111111111111111111
111111111111111111111011101110111110111101101110110111111111111111111111111011111111111111111111111111
111111111111111111111100011110111000000000000000110111111111111111111111111011111111111111111111111111
111111111111111111111101111110000111111111111000000000000000000000000011111011111111111111111111111111
111111111111111111111110111111111111110000000111111111111111111111111100000011111111111111111111111111
111111111111111111111111011111110000001111111111111111111111111111111111111111111111111111111111111111
111111111111111111111111101111001111111111111111111111111111111111111111111111111111111111111111111111
111111111111111111111111100000111111111111111111111111111111111111111111111111111111111111111111111111
111111111111111111111111111111111111111111111111111111111111111111111111111111111111111111111111111111
144444444444444444444444444444444444444444444444444444444444444444444444444444444444444444444444444441
144444444444444444444444444444444444444444444444444444444444444444444444444444444444444444444444444441
144444444444444444444444444444444444444444444444444444444444444444444444444444444444444444444444444441
144444444444444444444444444444444444444444444444444444444444444444444444444444444444444444444444444441
144444444444444444444444444444444444444444444444444444444444444444444444444444444444444444444444444441
144444444444444444444444444444444444444444444444444444444444444444444444444444444444444444444444444441
144444444444444444444444444444444444444444444444444444444444444444444444444444444444444444444444444441
144444444444444444444444444444444444444444444444444444444444444444444444444444444444444444444444444441
144444444444444444444444444444444444444444444444444444444444444444444444444444444444444444444444444441
144444444444444444444444444444444444444444444444444444444444444444444444444444444444444444444444444441
111111111111111111111111111111111111111111111111111111111111111111111111111111111111111111111111111111