111111111111111111111111111111111111111111111111111111111111111111111111111111111111111111111111111111
111111111111111111111111111111111111111111111111111111111111111111111111111111111111111111111111111111
111111111111111111111111111111111111111111111111111111111111111111111111111111000000000000000000001111
111111111111111111111111111111111111111111111111111111111111111111111111111110011111111111111111110011
111111111111111111111111111111111111111111111111111111100011111111111111111101101111111111111111110011
111111111111111111111111111111111111111111111111111111011101111111111111111011110111111111111111101011
111111111111111111111111111111111111111111111111111110111110111111001111110111111011111111111110011011
111111111111111111111111111111111111111111111111111100111111000000110111101111111101111111111101111011
111111111111111111111111111111111111111111111111111101011111101111111010011111111101111111111011111011
111111111111111111111111111111111111111111111111111101101111101111111100001111111101111111000111111011
111111111111111111111111111111111111111111111110000011101111101111111011110011111011111110111111111011
111111111111111111111111111111111111111111111101111011101111101111110111111100000011111101111111111011
111111111111111111111111111111111111100000000001111011101111101000001111111110111101110011111111111011
111111111111111111111111111111111111011111111101111011101111100111110011111001111110001111111111111011
111111111111111111111111111111111110111111111110111011101111101111111101110111111111011111111111111011
111111111111111111111111111111110001111111111110111011101111101111111110000111111110111111111111111011
111111111111111111111111111111000111111111111110000000000000001111111110011011111101111111111111111011
111111111111111111111111111100101001111111111110110111101111100011111101111100011011111111111111111011
111111111111111111111111110011101110111111111110110111101111101100011011111111100011111111111111111011
111111111111111111111111000011101111000000000000000000001111101111100111111111110111111111111111111011
111111111111111111111110101101101111111111111111110111101111101111011111111111101111111111111111111011
111111111111111111111101101110101111111111111111110111101111101111011111111111011111111111111111111011
111111111111111111110011101111000000011111111111110111101111101111011111111110111111111111111111111011
111111111111111111101111101111101111100000000000000000000000001111011111111101111111111111111111110011
111111111111111110011111101111101111111111111111111111111111110000111111111011111111111111111111101111
111111111111111101111111101111101111111111111111111111111111111110011111110111111111111111111100011111
111111111111111011111111101111101111111111111111111111111111111110100011110111111111111111110011111111
111111111100000111111111101111101111111111111111111111111111111110111100001111111001111111101111111111
111111111011111111111111101111101111111111111111111111111111111110111111010111111010000000011111111111
111111111011111111111111100011101111111111111111111111111111111111011100111011111010101111111111111111
111111111011111111111111101100011111111111111111111111111111111111101011111101111010101111111111111111
111111111011111111111111101111011111111111111111111111111111111111110111111110111010101111111111111111
111111111101111111111111101111011111111111111111111111111111111111101111111111011010101111111111111111
111111111110111111111111101111011111111111111111111111111111111111011111111111100010101111111111111111
111111111110111111111111100000011111111111111111111111111111111110111111111111111010101111111111111111
111111111110111111111111101111011111111111111111111111111111111110011111111111111100000001111111111111
111111111111011111111111101111011111111111111111111111111111111110100111111111111101111100111111111111
111111111111011111111111101111011111111111111111111111111111111101111011111111000011111101011111111111
111111111111011110000000001111011111111111111111111111111111111011111101000000111111111011101111111111
111111111111000001111111011111011111111111111111111111111111110011111100111111111111111011110111111111
111111111111011111111111011111011001111111111111111111111111101101111010111111111111111011111001111111
111111111111101111111111011111011010000000000000011111111111011110100110111111111111110111111110111111
111111111111101111111111011111011011111111111111000000000000011111011110111111111111110111111111011111
111111111111110111111111011111011011111111111111011111011101101110111101111111111111101111111111101111
111111111111110111111111011111011011111111111111011110111101110101111011111111111111101111111111110111
111111111111111011111111011111000000000000000000011110111101111011111011111111111111101111111111111011
111111111111111011111111011111111111111111111111000000111001110111111011111111111111101111111111111011
111111111111111011111111011111111111111111111111011101111010010111110011111111111111011111111111111011
111111111111111011111111011111111111111111111110111101110111101111101100001111111111011111111111111011
111111111111111101111111011111111111111111111110111101101111110111101111110000011110111111111111111011
111111111111111000000000000000000000111111111110000011101111110111011111111101100000000001111111110111
111111111100000101111111011111111011001111111110111011011111111010111111111101111101111110111111110111
111111000011111101111111011111111011110011111110111011011111111100111111111011111011111111011111110111
111111101111111101111111101111111011111011111110111011011111111110111111111011111011111111101111110111
111111101111111110111111101111111011111011111110110111011111111110111111111000000011111111110000001111
111111101111111110111111101111111011111000000000110111011111111111011111111011111011111111111111111111
111111110111111110111111101111111011111111111111000000011111111111100000001011111011111111111111111111
111111110111111110111111101111111010001111111111111111011111111111101111110111111011111111111111111111
111111111011111110111111101100000001101111111111111111011111111111011111110111110111111111111111111111
111111111101111110000000000011111111101111111111111110111111111110111111110111101111111111111111111111
111111111101111111111111101111111111101111111111111110111111111110111111111011101111111111111111111111
111111111101111111111111101111111111101111111111111110111111111101111111111101101111111111111111111111
111111111101111111111111101111111111101111111111111101111100001011111111111101011111111111111111111111
111111111101111111111111101111111111101111111111111011111101110111000000000000111111111111111111111111
111111111110111111111111101111111111101111111111000101111101110110111111111111011111111111111111111111
111111111110111111111111101111111111101100000000110110111011101110111111111111011111111111111111111111
111111111111011111111111101111111111100011101111110111000000101101111111111111101111111111111111111111
111111111111011111111111101111110000001111101111110111110111000101111111111111101111111111111111111111
111111111111011111111111100000001111101111110111110111110111111000000000000000001111111111111111111111
111111111111101111111111101111111111101111110000000111110111110111111101111111101111111111111111111111
111111111111101111111111101111111111101111111111110111110111110111111011111111011111111111111111111111
111111111111110111111111101111111111101111111111110111110111101111110111111111011111111111111111111111
111111111111110111111111101111111111101111111111110111110111011111101111111111011111111111111111111111
111111111111110111111111101111111111101111111111110111110111011111101111111111011111111111111111111111
111111111111111011111111101111111111101111111111110000000000000000001111111111011111111111111111111111
111111111111111101111111101100000000001111111111110111111111111111101111111111011111111111111111111111
111111111111111101111111100011111111111111111111110111111111111111111111111110111111111111111111111111
111111111111111110111111101111111111111111111111110111111111111111111111111101111111111111111111111111
111111111111111111011111101111111111111111111111110111111111111111111111111011111111111111111111111111
111111111111111111011111101111111111111100000000000001111111111111111000000011111111111111111111111111
111111111111111111101111110111111111111101101110110110000000111111000111111011111111111111111111111111
111111111111111111101111110111111111111101101110110111111111000000111111111011111111111111111111111111
111111111111111111110111110000000000111101101110110111111111111111111111111011111111111111111111111111
111111111111111111111011001110111110111101101110110111111111111111111111111011111111111111111111111111
111111111111111111111100111110000000000000000000110111111111111111111111111011111111111111111111111111
111111111111111111111101111110111111111100000000000000000000001111111111111011111111111111111111111111
111111111111111111111110111111111100000011111111111111111111110000000000000011111111111111111111111111
111111111111111111111111011111111011111111111111111111111111111111111111111111111111111111111111111111
111111111111111111111111011000000111111111111111111111111111111111111111111111111111111111111111111111
111111111111111111111111100111111111111111111111111111111111111111111111111111111111111111111111111111
111111111111111111111111111111111111111111111111111111111111111111111111111111111111111111111111111111
144444444444444444444444444444444444444444444444444444444444444444444444444444444444444444444444444441
144444444444444444444444444444444444444444444444444444444444444444444444444444444444444444444444444441
144444444444444444444444444444444444444444444444444444444444444444444444444444444444444444444444444441
144444444444444444444444444444444444444444444444444444444444444444444444444444444444444444444444444441
144444444444444444444444444444444444444444444444444444444444444444444444444444444444444444444444444441
144444444444444444444444444444444444444444444444444444444444444444444444444444444444444444444444444441
144444444444444444444444444444444444444444444444444444444444444444444444444444444444444444444444444441
144444444444444444444444444444444444444444444444444444444444444444444444444444444444444444444444444441
144444444444444444444444444444444444444444444444444444444444444444444444444444444444444444444444444441
144444444444444444444444444444444444444444444444444444444444444444444444444444444444444444444444444441
111111111111111111111111111111111111111111111111111111111111111111111111111111111111111111111111111111