111111111111111111111111111111111111111111111111111111111111111111111111111111111111111111111111111111
111111111111111111111111111111111111111111111111111111111111111111111111111181111111111111111111111111
111111111111111111111111111111111111111111111111111111888888888888888888888811000000000000000011111111
111111111111111111111111111111111111111111111888888888111111111111111111111110011111111111111100000011
111111111111111111111111111111111111111111888111111111111011111111111111111101011111111111111111110011
111111111111111111111111111111111111111188111111111111000101111111111111111011101111111111111111101011
111111111111111111111111111111111111888811111111111110111110111110001111110111110111111111111111011011
111111111111111111111111111111118888111111111111111101011111000001110111101111110111111111111110111011
111111111111111111111111111888881111111111111111111101101111011111111011011111111011111111111101111011
111111111111111111111111118111111111111111111111111101101111011111111100111111110001111111100011111011
111111111111111111111111811111111111111111111111110011101111011111111011001111101111111110011111111011
111111111111111111111181111111111111111111111000001011101111011111110111110000000111111001111111111011
111111111111111111118111111111111111111000000101111011101111011111000011111110111000010111111111111011
111111111111111111181111111111111111000111111101110111101111100000111101111101111111101111111111111011
111111111111111111811111111111111000111111111101110111101111101111111110011011111111011111111111111011
111111111111111181111111111111110111111111111101110111101111101111111111100001111110111111111111111011
111111111111111811111111111111001111111111111110000000000000000001111100011110011101111111111111111011
111111111111118111111111111000100011111111111110110111101111101110111011111111100011111111111111111011
111111111111811111111111110111101100111111111110110111101111101111010111111111111011111111111111111011
111111111118111111111111000111101111000000000000000000001111101111101111111111110111111111111111111011
111111111181111111111110101001101111111111111111110111101111101111101111111111101111111111111111111011
111111111811111111111101101110101111111111111111110111101111101111011111111111011111111111111111111011
111111118111111111111011101111000000000000000011110111101111101111011111111110111111111111111111111011
111111118111111111100111101111011111111111111100000000000000000111011111111101111111111111111111000011
111111118111111110011111101111011111111111111111111111111111111000111111111011111111111111111100111111
111111118111111101111111101111011111111111111111111111111111111110000000110111111111111111111011111111
111111181111110011111111101111011111111111111111111111111111111110111111010111111111111111100111111111
111111181111001111111111101111011111111111111111111111111111111110111111101111111011111110011111111111
111111181000111111111111101111011111111111111111111111111111111110111110010111111000000001111111111111
111111811011111111111111101111011111111111111111111111111111111111011101111011111010101111111111111111
111111811011111111111111100000011111111111111111111111111111111111101011111101111010101111111111111111
111111811101111111111111101111011111111111111111111111111111111111110111111110111010101111111111111111
111111811101111111111111101111011111111111111111111111111111111111101111111111011010101111111111111111
111118111110111111111111101111011111111111111111111111111111111111011111111111101010101111111111111111
111118111110111111111111100000011111111111111111111111111111111110111111111111110010101111111111111111
111118111110111111111111101111011111111111111111111111111111111110011111111111110000000001111111111111
111181111110111111111111101111011111111111111111111111111111111101101111111100001111111010111111111111
111181111110111111111111101111011111111111111111111111111111111011110111111011111111110111011111111111
111181111111011110000000001111011111111111111111111111111111110111111001000111111111110111101111111111
111181111111000001111111101111011111111111111111111111111111110111111110111111111111110111110111111111
111181111111011111111111101111011000000001111111111111111111101001111101111111111111110111111001111111
111181111111101111111111011111011011111110000000000111111111011110111001111111111111101111111110111111
111181111111110111111111011111011011111111111111011000000000111111000011111111111111101111111111011111
111181111111110111111111011111011011111111111111011111101110011110110111111111111111011111111111101111
111181111111110111111111011111011011111111111111011111011110101101110111111111111111011111111111110111
111181111111110111111111011111000000000000000000000011011101110011110111111111111110111111111111111011
111181111111111011111111011111111111111111111111011100111000110111110111111111111110111111111111111011
111181111111111011111111011111111111111111111111011110111011010111110000000111111110111111111111111011
111181111111111011111111011111111111111111111111011110110111101111110111111011111101111111111111110111
111181111111111101111111011111111111111111111111011101101111101111101111111100111101111111111111110111
111181111111000000000000000000000111111111111110000101101111110111101111111011000000001111111111101111
111181111000111101111111011111110000001111111110111011101111111011101111111011111101110001111111101111
111181000111111101111111011111110111110011111110111011101111111011011111111011111101111110011111101111
111181101111111101111111011111110111111011111110111011101111111101011111111011111101111111101111101111
111181101111111101111111011111110111111011111110110111101111111110111111111000000011111111110000001111
111181110111111101111111011111110111111000000000000111101111111111011111111011111011111111111111111111
111181111011111110111111011111110111111111111111110000101111111111100011111011110111111111111111111111
111181111101111110111111101111110111001111111111111111011111111111011100000111110111111111111111111111
111181111101111110111111101111110000101111111111111111011111111110111111111011101111111111111111111111
111181111101111110000000000000001111101111111111111110111111111110111111111011011111111111111111111111
111181111101111111111111101111111111101111111111111101111111111101111111111011011111111111111111111111
111118111110111111111111101111111111101111111111111011111111111011111111111011011111111111111111111111
111118111110111111111111101111111111101111111111111011111100010111111111111100111111111111111111111111
111118111111011111111111101111111111101111111111110011111101100111000000000000111111111111111111111111
111111811111011111111111101111111111101111111110000100111101101110111111111110111111111111111111111111
111111811111101111111111101111111111101110000001110111011011101110111111111110111111111111111111111111
111111811111101111111111101111111111101101101111110111100000011101111111111111011111111111111111111111
111111181111101111111111101111111000000011110111110111110111000011111111111111011111111111111111111111
111111181111101111111111100000000111101111110111110111110111111000000000000000001111111111111111111111
111111181111101111111111101111111111101111110000000111110111110111111101111111101111111111111111111111
111111181111101111111111101111111111101111111111110111110111101111111011111111011111111111111111111111
111111181111110111111111101111111111101111111111110111110111011111111011111111011111111111111111111111
111111118111110111111111101111111111101111111111110111110111011111111011111110111111111111111111111111
111111118111110111111111101111111111101111111111110111110111011111111011111101111111111111111111111111
111111118111111011111111101111111111101111111111110000000000000000010111111101111111111111111111111111
111111118111111101111111101111100000001111111111110111111111111111101111111101111111111111111111111111
111111111811111110111111100000011111111111111111110111111111111111111111111101111111111111111111111111
111111111811111111011111101111111111111111111111110111111111111111111111111011111111111111111111111111
111111111181111111011111101111111111111111111111110111111111111111111111111011111111111111111111111111
111111111181111111101111101111111111111100000000000001111111111111111111111011111111111111111111111111
111111111118111111110111101111111111111101101110110110001111111111111111000011111111111111111111111111
111111111111811111111011101111111111111101101110110111110000000000000000111011111111111111111111111111
111111111111181111111011110000000000111101101110110111111111111111111111111011111111111111111111111111
111111111111118111111011001110111111011101101110110111111111111111111111111011111111111111111111111111
111111111111111811111100111110100000000000000000110111111111111111111111111011111111111111111111111111
111111111111111181111110111110011111111111111111100111111111111111111111111011111111111111111111111111
111111111111111118111110111111111111110000000000011000000000000000000000000011111111111111111111111111
111111111111111111811111011111111111001111111111111111111111111111111111111111111111111111111111111111
111111111111111111181111100000000000111111111111111111111111111111111111111111111111111111111111111111
111111111111111111118111101111111111111111111111111111111111111111111111111111111111111111111111111111
111111111111111111111811111111111111111111111111111111111111111111111111111111111111111111111111111111
144444444444444444444444444444444444444444444444444444444444444444444444444444444444444444444444444441
144444444444444444444444444444444444444444444444444444444444444444444444444444444444444444444444444441
144444444444444444444444444444444444444444444444444444444444444444444444444444444444444444444444444441
144444444444444444444444444444444444444444444444444444444444444444444444444444444444444444444444444441
144444444444444444444444444444444444444444444444444444444444444444444444444444444444444444444444444441
144444444444444444444444444444444444444444444444444444444444444444444444444444444444444444444444444441
144444444444444444444444444444444444444444444444444444444444444444444444444444444444444444444444444441
144444444444444444444444444444444444444444444444444444444444444444444444444444444444444444444444444441
144444444444444444444444444444444444444444444444444444444444444444444444444444444444444444444444444441
144444444444444444444444444444444444444444444444444444444444444444444444444444444444444444444444444441
111111111111111111111111111111111111111111111111111111111111111111111111111111111111111111111111111111