111111111111111111111111111111111111111111111111111111111111111111111111111111111111111111111111111111
111111111111111111111111111111111111111111111111111111111111111111111111111181111111111111111111111111
111111111111111111111111111111111111111111111111111111888888888888888888888811011111111111111111111111
111111111111111111111111111111111111111111111888888888111111111111111111111110000000000000000000000011
111111111111111111111111111111111111111111888111111111111011111111111111111101101111111111111111110011
111111111111111111111111111111111111111188111111111111000101111111111111110011110111111111111111101011
111111111111111111111111111111111111888811111111111110111110111111001111101111111011111111111111011011
111111111111111111111111111111118888111111111111111100111111000000110111011111111101111111111110111011
111111111111111111111111111888881111111111111111111011011111011111111010111111111101111111111101111011
111111111111111111111111118111111111111111111111111011101111011111111100000111111101111111110011111011
111111111111111111111111811111111111111111111110000011101111101111111011111001110011111111101111111011
111111111111111111111181111111111111111111110001111011101111101111110111111110001111111110011111111011
111111111111111111118111111111111111111000001101111011101111101000000111111101100001110001111111111011
111111111111111111181111111111111110000111111101111011101111100111111011111011111110001111111111111011
111111111111111111811111111111111101111111111110111011101111101111111101110111111111011111111111111011
111111111111111181111111111111111011111111111110110111101111101111111110001111111110111111111111111011
111111111111111811111111111100000111111111111110000000000000001111111110010011111110111111111111111011
111111111111118111111111111011101000111111111110110111101111100011111001111100011101111111111111111011
111111111111811111111111110111101111011111111110110111101111101101110111111111100011111111111111111011
111111111118111111111110000111101111100000000000000000001111101110001111111111110111111111111111111011
111111111181111111110001101001101111111111111111110111101111101111101111111111101111111111111111111011
111111111811111111101111101110001111111111111111110111101111101111101111111111011111111111111111111011
111111118111111110011111101111100000000000000000010111101111101111101111111110111111111111111111111011
111111118111111001111111101111101111111111111111100000000000000111011111111101111111111111111111110011
111111118111110111111111101111011111111111111111111111111111111000011111111011111111111111111111001111
111111118111101111111111101111011111111111111111111111111111111110100001111011111111111111100000111111
111111181111011111111111101111011111111111111111111111111111111110111110110111111111111100011111111111
111111181100111111111111101111011111111111111111111111111111111110111111001111111011111011111111111111
111111181011111111111111101111011111111111111111111111111111111110111111010111111000000111111111111111
111111811011111111111111100000011111111111111111111111111111111111011110111011111010101111111111111111
111111811101111111111111101111011111111111111111111111111111111111101101111101111010101111111111111111
111111811101111111111111101111011111111111111111111111111111111111110011111110111010101111111111111111
111111811101111111111111101111011111111111111111111111111111111111101111111111001010101111111111111111
111118111101111111111111101111011111111111111111111111111111111111011111111111110010101111111111111111
111118111101111111111111100111011111111111111111111111111111111110111111111111111010101111111111111111
111118111101111111111111101000011111111111111111111111111111111110011111111111110000000001111111111111
111181111110111111111111101111011111111111111111111111111111111110100111111110001111111010111111111111
111181111111011111111111101111011111111111111111111111111111111101111011111001111111111011001111111111
111181111111000000000000001111011111111111111111111111111111111011111101000111111111110111110111111111
111181111111011111111111101111011111111111111111111111111111110011111110111111111111110111111011111111
111181111111011111111111101111011011111111111111111111111111101101111000111111111111110111111101111111
111181111111011111111111101111011000000000000000011111111111011110100101111111111111110111111110111111
111181111111011111111111101111011011111111111111000000000000111111011011111111111111101111111111011111
111181111111011111111111011111011011111111111111011111011110011110111011111111111111101111111111101111
111181111111101111111111011111011011111111111111011111011101100101110111111111111111101111111111110111
111181111111110111111111011111000000000000000000011111011101111011110111111111111111101111111111111011
111181111111110111111111011111111111111111111111000000111011110111110111111111111111011111111111111011
111181111111110111111111011111111111111111111111011101111001110111110000011111111111011111111111110111
111181111111111011111111011111111111111111111110111101111010001111110111100011111110111111111111110111
111181111111111011111111011111111111111111111110111011111011110111101111111100000101111111111111110111
111181111111100000000000000000000000001111111110000011111011110111011111111101111001111111111111110111
111181111000011110111111011111111011110111111110111011110111111011011111111011111100001111111111110111
111181000111111110111111011111111011111011111110111011101111111100111111111011111011110001111111110111
111181011111111110111111011111111011111011111110110111101111111110111111111011111011111110000011110111
111181011111111110111111011111111011111011111110110111101111111110111111111000000011111111111100001111
111181011111111110111111011111111011111000000000000111101111111111011111111011110111111111111111111111
111181011111111110111111011111111011111111111111110011011111111111100011110111110111111111111111111111
111181011111111110111111011111111011101111111111111100011111111111011100000111101111111111111111111111
111181011111111110111111100000000000001111111111111110111111111110111111111011101111111111111111111111
111181011111111110000000001111111111101111111111111110111111111101111111111011011111111111111111111111
111181101111111111111111101111111111101111111111111110111111111011111111111011011111111111111111111111
111118110111111111111111101111111111101111111111111101111111111011111111111101011111111111111111111111
111118110111111111111111101111111111101111111111111101111101111011111111111101011111111111111111111111
111118111011111111111111101111111111101111111000000011111010000111000000000000111111111111111111111111
111111811101111111111111101111111111101111110111111000010111101110111111111111011111111111111111111111
111111811101111111111111101111111111101111001111110111100111011110111111111111011111111111111111111111
111111811101111111111111101111111111101000101111110111110001011101111111111111101111111111111111111111
111111181110111111111111101110000000000111101111110111110110001101111111111111101111111111111111111111
111111181110111111111111100001111111101111110111110111110111110000000000000000001111111111111111111111
111111181111011111111111101111111111101111110000000111110111110111111011111111011111111111111111111111
111111181111101111111111101111111111101111111111110111110111101111110111111111011111111111111111111111
111111181111110111111111101111111111101111111111110111110111101111110111111111011111111111111111111111
111111118111111011111111101111111111101111111111110111110111011111101111111111011111111111111111111111
111111118111111101111111101111111111101111111111110111110111011111101111111110111111111111111111111111
111111118111111110111111101111111111101111111111110000000000001111101111111110111111111111111111111111
111111118111111110111111101100000000001111111111110111111111110000001111111110111111111111111111111111
111111111811111110111111100011111111111111111111110111111111111111111111111110111111111111111111111111
111111111811111110111111101111111111111111111111110111111111111111111111111110111111111111111111111111
111111111181111111011111101111111111111111111111110111111111111111111111111101111111111111111111111111
111111111181111111101111101111111111111100000000000000001111111111111110000011111111111111111111111111
111111111118111111110111101111111111111101101110110111110011111111111101111011111111111111111111111111
111111111111811111110111101111111111111101101110110111111100000000000011111011111111111111111111111111
111111111111181111110111100000000000111101101110110111111111111111111111111011111111111111111111111111
111111111111118111111011011110111111011101101110110111111111111111111111111011111111111111111111111111
111111111111111811111100111110000000000000000000110111111111111111111111111011111111111111111111111111
111111111111111181111101111110111111111111111111100000000000000000000111111011111111111111111111111111
111111111111111118111110111111111111111000000000011111111111111111111000000011111111111111111111111111
111111111111111111811111011111110000000111111111111111111111111111111111111111111111111111111111111111
111111111111111111181111011111001111111111111111111111111111111111111111111111111111111111111111111111
111111111111111111118111100000111111111111111111111111111111111111111111111111111111111111111111111111
111111111111111111111811111111111111111111111111111111111111111111111111111111111111111111111111111111
144444444444444444444444444444444444444444444444444444444444444444444444444444444444444444444444444441
144444444444444444444444444444444444444444444444444444444444444444444444444444444444444444444444444441
144444444444444444444444444444444444444444444444444444444444444444444444444444444444444444444444444441
144444444444444444444444444444444444444444444444444444444444444444444444444444444444444444444444444441
144444444444444444444444444444444444444444444444444444444444444444444444444444444444444444444444444441
144444444444444444444444444444444444444444444444444444444444444444444444444444444444444444444444444441
144444444444444444444444444444444444444444444444444444444444444444444444444444444444444444444444444441
144444444444444444444444444444444444444444444444444444444444444444444444444444444444444444444444444441
144444444444444444444444444444444444444444444444444444444444444444444444444444444444444444444444444441
144444444444444444444444444444444444444444444444444444444444444444444444444444444444444444444444444441
111111111111111111111111111111111111111111111111111111111111111111111111111111111111111111111111111111