111111111111111111111111111111111111111111111111111111111111111111111111111111111111111111111111111111
111111111111111111111111111111111118888888888888888888888888888888888888888881111111111111111111111111
111111111111111111111111118888888888888888888888888888888888888888888888888811011111111111111111111111
111111111111111111118888888888888888888888888888888888111111111111111111111110100000000000000000000011
111111111111111188888888888888888888888888888111111111111011111111111111111001110111111111111111110011
111111111111888888888888888888888888888888111111111111100101111111111111110111111011111111111111101011
111111111118888888888888888888888888888811111111111110011110111111101111101111111011111111111110011011
111111111888888888888888888888888888111111111111111100111111000000010111011111111101111111111101111011
111111188888888888888888888888881111111111111111111101011111011111111010111111111101111111111011111011
111111888888888888888888888111111111111111111111111101101111101111111101111111111001111111110111111011
111118888888888888888888811111111111111111111111111011101111101111111010011111100111111111101111111011
111118888888888888888881111111111111111100000000000011101111101111110111100000000000111110011111111011
111188888888888888888111111111111111111011111101111011101111101000000111111110111111011101111111111011
111188888888888888881111111111111111000111111110111011101111100111111000111101111111100011111111111011
111188888888888888811111111111111110111111111110111011101111101111111111011011111111011111111111111011
111888888888888881111111111111111001111111111110110111101111101111111111000111111110111111111111111011
111888888888888811111111111111100111111111111110000000000000001111111110110111111101111111111111111011
118888888888888111111111111000000011111111111110110111101111100111111001111000111101111111111111111011
118888888888811111111111110111101100011111111110110111101111101000010111111111000011111111111111111011
118888888888111111111111100111101111100000000000000000001111101111101111111111110111111111111111111011
188888888881111111111111001001101111111111111111110111101111101111101111111111101111111111111111111011
188888888811111111111100101110001111111111111111110111101111101111101111111111011111111111111111111011
188888888111111111000011101111100000000000000111110111101111101111101111111110111111111111111111111011
188888888111111100111111101111101111111111111000000000000000000001011111111101111111111111111111111011
188888888111111011111111101111101111111111111111111111111111111110111111111011111111111111111111000111
188888888111110111111111101111101111111111111111111111111111111110001111110111111111111111111100111111
188888881111101111111111101111101111111111111111111111111111111110110000110111111111111111110011111111
188888881111011111111111101111101111111111111111111111111111111110111111001111111001111000001111111111
188888881000111111111111101111101111111111111111111111111111111110111111010111111010000111111111111111
188888811011111111111111101111011111111111111111111111111111111111011110111011111010101111111111111111
188888811011111111111111100000011111111111111111111111111111111111101001111101111010101111111111111111
188888811011111111111111101111011111111111111111111111111111111111110111111110111010101111111111111111
188888811011111111111111101111011111111111111111111111111111111111101111111111011010101111111111111111
188888111101111111111111101111011111111111111111111111111111111111011111111111101010101111111111111111
188888111101111111111111100111011111111111111111111111111111111110011111111111110010101111111111111111
188888111110111111111111101000011111111111111111111111111111111110101111111111111100000001111111111111
188881111110111111111111101111011111111111111111111111111111111101110111111111100011111100111111111111
188881111111011111111111101111011111111111111111111111111111111101111011111110011111111011011111111111
188881111111011111111110001111011111111111111111111111111111111011111101111101111111111011101111111111
188881111111000000000001101111011111111111111111111111111111110011111110000011111111111011110011111111
188881111111011111111111101111011000001111111111111111111111101101111100111111111111110111111101111111
188881111111011111111111011111011011110000000000001111111111011110100001111111111111101111111110111111
188881111111101111111111011111011011111111111111010000000000111111011101111111111111011111111111011111
188881111111101111111111011111011011111111111111011111101110011110111101111111111110111111111111101111
188881111111101111111111011111011011111111111111011111011110101101111011111111111110111111111111110111
188881111111101111111111011111000000000000000000000011011101110011110111111111111110111111111111111011
188881111111101111111111011111111111111111111110111100111001110111110111111111111110111111111111111011
188881111111110111111111011111111111111111111110111101111010010111110011111111111110111111111111111011
188881111111111011111111011111111111111111111110111101110111101111110100001111111101111111111111111011
188881111111111011111111011111111111111111111110111011110111110111110111110000001101111111111111111011
188881110000000000000000000000000111111111111110000011110111110111110111111011110000011111111111111011
188881101111111101111111011111110001111111111110111011101111111011101111111011111101100001111111110111
188881011111111101111111011111110110000011111110111011101111111011101111111011111101111110111111101111
188881101111111101111111011111111011111011111110111011011111111101011111111011111011111111001111101111
188881101111111110111111011111111011111011111110110111011111111110111111111000000011111111110000001111
188881101111111110111111011111111011111000000000000111011111111111011111111011111011111111111111111111
188881101111111110111111011111111011111111111111110001011111111111100000000111111011111111111111111111
188881101111111110111111101111111010001111111111111110011111111111011111110111110111111111111111111111
188881110111111110111111101111000001101111111111111111011111111111011111111011101111111111111111111111
188881111011111110000000000000111111101111111111111111011111111110111111111101101111111111111111111111
188881111011111111111111101111111111101111111111111110111111111110111111111110101111111111111111111111
188888111011111111111111101111111111101111111111111101111111111101111111111110011111111111111111111111
188888111101111111111111101111111111101111111111111011111100111011111111111110111111111111111111111111
188888111101111111111111101111111111101111111111111001111101000111000000000000111111111111111111111111
188888811101111111111111101111111111101111111111000010111101110111011111111111011111111111111111111111
188888811110111111111111101111111111101000000000110111001011101110111111111111011111111111111111111111
188888811110111111111111101111111111100111101111110111110111101101111111111111011111111111111111111111
188888881111011111111111101111100000001111101111110111110000000011111111111111011111111111111111111111
188888881111011111111111100000011111101111110111110111110111111000000000000000001111111111111111111111
188888881111101111111111101111111111101111110000000111110111110111111011111111101111111111111111111111
188888881111110111111111101111111111101111111111110111110111110111111011111111101111111111111111111111
188888881111111011111111101111111111101111111111110111110111101111110111111111101111111111111111111111
188888888111111101111111101111111111101111111111110111110111101111110111111111101111111111111111111111
188888888111111110111111101111111111101111111111110111110111101111110111111111011111111111111111111111
188888888111111110111111101111111111101111111111110000000000000111101111111111011111111111111111111111
188888888111111111011111101100000000001111111111110111111111111000001111111111011111111111111111111111
188888888811111111101111100011111111111111111111110111111111111111111111111110111111111111111111111111
188888888811111111110111110111111111111111111111110111111111111111111111111101111111111111111111111111
188888888881111111110111110111111111111111111111110111111111111111111111111101111111111111111111111111
188888888881111111110111110111111111111100000000000011111111111110000000000011111111111111111111111111
188888888888111111111011110111111111111101101110110101111111111001111111111011111111111111111111111111
188888888888811111111101110111111111111101101110110110000000000111111111111011111111111111111111111111
188888888888881111111101000000000000111101101110110111111111111111111111111011111111111111111111111111
188888888888888111111100111110111110111101101110110111111111111111111111111011111111111111111111111111
188888888888888811111101111110110000000000000000110111111111111111111111111011111111111111111111111111
188888888888888881111110111110001111111111100000000000000011111111111111111011111111111111111111111111
188888888888888888111110111111111110000000011111111111111100000000000000000011111111111111111111111111
188888888888888888811111011110000001111111111111111111111111111111111111111111111111111111111111111111
188888888888888888881111011001111111111111111111111111111111111111111111111111111111111111111111111111
188888888888888888888111100111111111111111111111111111111111111111111111111111111111111111111111111111
188888888888888888888811111111111111111111111111111111111111111111111111111111111111111111111111111111
144444444444444444444444444444444444444444444444444444444444444444444444444444444444444444444444444441
144444444444444444444444444444444444444444444444444444444444444444444444444444444444444444444444444441
144444444444444444444444444444444444444444444444444444444444444444444444444444444444444444444444444441
144444444444444444444444444444444444444444444444444444444444444444444444444444444444444444444444444441
144444444444444444444444444444444444444444444444444444444444444444444444444444444444444444444444444441
144444444444444444444444444444444444444444444444444444444444444444444444444444444444444444444444444441
144444444444444444444444444444444444444444444444444444444444444444444444444444444444444444444444444441
144444444444444444444444444444444444444444444444444444444444444444444444444444444444444444444444444441
144444444444444444444444444444444444444444444444444444444444444444444444444444444444444444444444444441
144444444444444444444444444444444444444444444444444444444444444444444444444444444444444444444444444441
111111111111111111111111111111111111111111111111111111111111111111111111111111111111111111111111111111