111111111111111111111111111111111111111111111111111111111111111111111111111111111111111111111111111111
111111111111111111111111111111111111111111111111111111111111111111111111111181111111111111111111111111
111111111111111111111111111111111111111111111111111111888888888888888888888811000111111111111111111111
111111111111111111111111111111111111111111111888888888111111111111111111111110011000000000000000000011
111111111111111111111111111111111111111111888111111111100011111111111111111101101111111111111111110011
111111111111111111111111111111111111111188111111111111011101111111111111111011110111111111111111101011
111111111111111111111111111111111111888811111111111110111110111111101111100111111011111111111110011011
111111111111111111111111111111118888111111111111111110011111000000010111011111111101111111111101111011
111111111111111111111111111888881111111111111111111101101111011111111010111111111101111111111011111011
111111111111111111111111118111111111111111111111111101101111011111111100111111111001111111100111111011
111111111111111111111111811111111111111111111111000011101111011111111011000011110111111100011111111011
111111111111111111111181111111111111111111100000110111101111011111110111111100000011111011111111111011
111111111111111111118111111111111111100000011101110111101111101111000111111110111100010111111111111011
111111111111111111181111111111111111011111111101110111101111100000111011111001111111101111111111111011
111111111111111111811111111111111100111111111101110111101111101111111101110111111111011111111111111011
111111111111111181111111111111111011111111111110110111101111101111111110000011111111011111111111111011
111111111111111811111111111111100111111111111110000000000000000011111111011101111110111111111111111011
111111111111118111111111111111001001111111111110110111101111101101111100111110111101111111111111111011
111111111111811111111111110000101110111111111110110111101111101110010011111111000011111111111111111011
111111111118111111111111001111101111000000000000000000001111101111101111111111110111111111111111111011
111111111181111111111100100111101111111111111111110111101111101111101111111111101111111111111111111011
111111111811111111110011101000001111111111111111110111101111101111101111111111011111111111111111111011
111111118111111111101111101111101111111111111111110111101111101111011111111110111111111111111111111011
111111118111111110011111101111100000000000000000000000000000000011011111111101111111111111111111100011
111111118111111001111111101111101111111111111111111111111111111100000111111011111111111111111100011111
111111118111110111111111101111101111111111111111111111111111111110111011110111111111111100000011111111
111111181111101111111111101111101111111111111111111111111111111110111101110111111111111011111111111111
111111181100011111111111101111101111111111111111111111111111111110111110001111111001110111111111111111
111111181011111111111111101111101111111111111111111111111111111110111111010011111010001111111111111111
111111811011111111111111100111011111111111111111111111111111111111011110111101111010101111111111111111
111111811101111111111111101000011111111111111111111111111111111111101101111110111010101111111111111111
111111811101111111111111101111011111111111111111111111111111111111110011111111011010101111111111111111
111111811101111111111111101111011111111111111111111111111111111111101111111111101010101111111111111111
111118111101111111111111101111011111111111111111111111111111111111011111111111110010101111111111111111
111118111101111111111111100011011111111111111111111111111111111110111111111111111000101111111111111111
111118111101111111111111101100011111111111111111111111111111111101001111111111100000000001111111111111
111181111101111111111111101111011111111111111111111111111111111011110111111110011111111100111111111111
111181111110111111111111101111011111111111111111111111111111111011111011111001111111111011011111111111
111181111111011111100000001111011111111111111111111111111111110111111101110111111111111011101111111111
111181111111000000011111011111011111111111111111111111111111110111111100001111111111110111110111111111
111181111111011111111111011111011011111111111111111111111111101001111010111111111111101111111001111111
111181111111011111111111011111011000000000000000000000011111011110110101111111111111101111111110111111
111181111111101111111111011111011011111111111111011111100000111111001101111111111111101111111111011111
111181111111101111111111011111011011111111111111011111011110011110111101111111111111101111111111101111
111181111111101111111111011111011011111111111111011111011101100101111011111111111111101111111111110111
111181111111101111111111011111000000000000000000011111011011111011111011111111111111011111111111111011
111181111111110111111111011111111111111111111111000000111001111011111011111111111110111111111111111011
111181111111111011111111011111111111111111111110111110111010010111110111111111111110111111111111111011
111181111111111011111111011111111111111111111110111101111011101111110000001111111110111111111111111011
111181111111111011111111011111111111111111111110111101111011110111110111110000000110111111111111110111
111181111111000000000000000000000000111111111110111011110111110111101111111011111000001111111111110111
111181110000111101111111011111110111001111111110000011110111111011101111111011111101110111111111110111
111181001111111101111111011111110111110011111110110111101111111101101111111011111011111001111111110111
111181011111111101111111011111110111111011111110110111101111111110011111111011111011111110011111110111
111181011111111101111111101111110111111011111110110111101111111110111111111000000011111111100000001111
111181011111111101111111101111110111111000000000010111101111111111011111111011110111111111111111111111
111181011111111101111111101111110111111111111111100111101111111111100111111011101111111111111111111111
111181011111111110111111101111110100001111111111111000011111111111011000000111101111111111111111111111
111181101111111110111111101000000011101111111111111110111111111111011111110111101111111111111111111111
111181110111111110000000000111111111101111111111111110111111111110111111110111011111111111111111111111
111181110111111111111111101111111111101111111111111110111111111101111111111010111111111111111111111111
111118110111111111111111101111111111101111111111111110111111111011111111111010111111111111111111111111
111118110111111111111111101111111111101111111111111101111100000111111111111100111111111111111111111111
111118110111111111111111101111111111101111111111000011111011110111000000000000111111111111111111111111
111111810111111111111111101111111111101111100000111000110111101110111111111111011111111111111111111111
111111811011111111111111101111111111101110011111111011010111011101111111111111101111111111111111111111
111111811101111111111111101111111111101101011111111011100001011101111111111111101111111111111111111111
111111181110111111111111101111110000000011101111111011110110001101111111111111101111111111111111111111
111111181111011111111111100000001111101111110111111011110111110000000000000000001111111111111111111111
111111181111101111111111101111111111101111110000000111110111110111111101111111101111111111111111111111
111111181111110111111111101111111111101111111111110111110111101111111011111111101111111111111111111111
111111181111111011111111101111111111101111111111110111110111011111111011111111101111111111111111111111
111111118111111011111111101111111111101111111111110111110111011111110111111111011111111111111111111111
111111118111111101111111101111111111101111111111110111110111011111101111111111011111111111111111111111
111111118111111101111111101111111111101111111111110000000000000001101111111111011111111111111111111111
111111118111111110111111101111000000001111111111110111111111111110001111111111011111111111111111111111
111111111811111111011111100000111111111111111111110111111111111111111111111110111111111111111111111111
111111111811111111101111101111111111111111111111110111111111111111111111111101111111111111111111111111
111111111181111111110111101111111111111111111111110111111111111111111111111011111111111111111111111111
111111111181111111110111101111111111111100000000000011111111111111111111111011111111111111111111111111
111111111118111111110111101111111111111101101110110100111111111111111111110011111111111111111111111111
111111111111811111111011110111111111111101101110110111000000000000000000001011111111111111111111111111
111111111111181111111011100000000000111101101110110111111111111111111111111011111111111111111111111111
111111111111118111111100011110111111011101101110110111111111111111111111111011111111111111111111111111
111111111111111811111101111110110000000000000000110111111111111111111111111011111111111111111111111111
111111111111111181111110111110001111111111111111110000000000000000001111111011111111111111111111111111
111111111111111118111110111111111111100000000000001111111111111111110000000011111111111111111111111111
111111111111111111811110111110000000011111111111111111111111111111111111111111111111111111111111111111
111111111111111111181111011101111111111111111111111111111111111111111111111111111111111111111111111111
111111111111111111118111100011111111111111111111111111111111111111111111111111111111111111111111111111
111111111111111111111811111111111111111111111111111111111111111111111111111111111111111111111111111111
144444444444444444444444444444444444444444444444444444444444444444444444444444444444444444444444444441
144444444444444444444444444444444444444444444444444444444444444444444444444444444444444444444444444441
144444444444444444444444444444444444444444444444444444444444444444444444444444444444444444444444444441
144444444444444444444444444444444444444444444444444444444444444444444444444444444444444444444444444441
144444444444444444444444444444444444444444444444444444444444444444444444444444444444444444444444444441
144444444444444444444444444444444444444444444444444444444444444444444444444444444444444444444444444441
144444444444444444444444444444444444444444444444444444444444444444444444444444444444444444444444444441
144444444444444444444444444444444444444444444444444444444444444444444444444444444444444444444444444441
144444444444444444444444444444444444444444444444444444444444444444444444444444444444444444444444444441
144444444444444444444444444444444444444444444444444444444444444444444444444444444444444444444444444441
111111111111111111111111111111111111111111111111111111111111111111111111111111111111111111111111111111