1111111111111111111111111111111111111111111111111111111111111111111111111111111111111111111111111111111111111111111111111111111111111111111111111111111111111111111111111111111111111111111111111111111111
1111111111111111111111111111111111111111111111111111111111111111111111111111111111111111111111111111111111111111111111111111111111111111111111111111111111111111111111111111111111111111111111111111111111
1111111111111111111111111111111111111111111111111111111111111111111111111111111111111111111111111111111111111111111111111111111111111111111111111111111111111111111111111111111111111111111111111111111111
1111111111111111111111111111111111111111111111111111111111111111111111111111111111111111111188888888888888888888881111111111111111111111111111111111111111111111111111111111111111111111111111111111111111
1111111111111111111111111111111111111111111111111111111111111111111111111111111111111888888811111111111111111111118111111111111111111111111111111111111111111111111111111111111111111111111111111111111111
1111111111111111111111111111111111111111111111111111111111111111111111111111118888888111111111111100000000000011111888111111111111111111111111111111111111111111111111111111111111111111111111111111111111
1111111111111111111111111111111111111111111111111111111111111111111111888888881111111111111111000011111111101100000111811111111111111111111111111111111111111111111111111111111111111111111111111111111111
1111111111111111111111111111111111111111111111111111111111111188888888000000000000000000000000111111111111101111111001188811111111111111111111111111111111111111111111111111111111111111111111111111111111
1111111111111111111111111111111111111111111111111111111888888811111100111011111011111111111111111111111111101111111010011188111111111111111111111111111111111111111111111111111111111111111111111111111111
1111111111111111111111111111111111111111111111118888888111111111000011110111111101111111111111111111111111101111111011100111881111111111111111111111111111111111111111111111111111111111111111111111111111
1111111111111111111111111111111111188888888888881111100000000000111111101111111110111111111111111111111111011111110111110011118811111111111111111111111111111111111111111111111111111111111111111111111111
1111111111111111111111111111188888811111111111111110011111110111111111011111111111011111111111111111111111011111110111110101111188111111111111111111111111111111111111111111111111111111111111111111111111
1111111111111111111111118888811111111111111111111101111111101111111110111111111111011111111111111111111111011111101111110110111111881111111111111111111111111111111111111111111111111111111111111111111111
1111111111111111111118881111111111111111111111111011111111011111111101111111111111101111111111111111111110111111101111110111011111118881111111111111111111111111111111111111111111111111111111111111111111
1111111111111111111188111111111111111111111111110111111110111111111011111111111110010111111111111111111110111111101111101111100111111118811111111111111111111111111111111111111111111111111111111111111111
1111111111111111118811111111111111111111111111101111111101111111110111111111111101111011111111111111111000111111101111101111111001111111188111111111111111111111111111111111111111111111111111111111111111
1111111111111111881111111111111111111111111000011111110010111111101111111111111011111101111111111111110110111111011111011111111100111111111881111111111111111111111111111111111111111111111111111111111111
1111111111111888111111111111111111110000000111111111101111011111011111111111110111111101111111111110001110111111011111011111111101001111111118881111111111111111111111111111111111111111111111111111111111
1111111111111811111111111111111000001111111111111111011111101110011111111111001111111110111111111001111110111111011110111111111101110000001111118811111111111111111111111111111111111111111111111111111111
1111111111881111111111111111110111011111111111111110111111110101101111111100111111111111011111110111111110111111011110111111111101111111110011111188811111111111111111111111111111111111111111111111111111
1111111188111111111111111111101111011111111111111101111111110011110111111011111111111111101111101111111110111111011110111111111011111111111100111111188111111111111111111111111111111111111111111111111111
1111118811111111111111111100011111011111111111111011111111101101111011110111111111111111110111011111111101111111011110111111111011111111111111011111111811111111111111111111111111111111111111111111111111
1111181111111111111111110011111111101111111100000111111111011110111101101111111111111111111000111111111101111111011101111111111011111111111111101111111181111111111111111111111111111111111111111111111111
1118111111111111111110001111111111101111100011111111111110111111011110011111111111111111110101111111110011111110111101111111111011111111111111110011111111811111111111111111111111111111111111111111111111
1181111111111111111101110111111111110111011111111111111101111111101100111111111111111111101110111111001000000010111101111111111011111111111111111101111111181111111111111111111111111111111111111111111111
1111111111111111110011111011111111111010111111111111110011111111100011011111111111111111011111011000110111111100000011111111111011111111111111111110111111118111111111111111111111111111111111111111111111
1111111111111111101111111011111111111101111111111111001111111111011111101111111111111110111111010111101111111110110100011111111011111111111111111111011111111811111111111111111111111111111111111111111111
1111111111111111011111111011111111111001111111111110111111111110111111110111111111111101111111001111011111111101110111100000000011111111111111111111101111111181111111111111111111111111111111111111111111
1111111111111111011111111011111111110110111111111101111111111101111111110111111111100011111111011111011111111101110111101111111011111111111111111111110011111111811111111111111111111111111111111111111111
1111111111111110011111111101111111101011011111111011111111111011111111110111111111101111111110101111011111111011101111101111111011111111111111111111000101111111181111111111111111111111111111111111111111
1111111111111101011111111101111111011011101111110101111111000111111111111011111111110111111001110110111111111011011111101111111011111111111111111100101110111111118111111111111111111111111111111111111111
1111111111111011011111111110111110111101110111001110111110111111111111111101111111111011110111110110111111110111011111101111111011111111111111111011101111011111111811111111111111111111111111111111111111
1111111111110111011111111111011001111101110100111111011101111111111111111110111111111101001111110110111111110110111111101111111011111111111111110111011111101111111181111111111111111111111111111111111111
1111111111101111011111111111100111111110110011111111011011111111111111111110111111111100011111111001111111110110111111011111111011111111111111101111011111110011111111811111111111111111111111111111111111
1111111111011111011111111111101111111110101111111111100111111111111111111111011111111011100000000000000000000000000000000000011011111111111111011111011111111101111111181111111111111111111111111111111111
1111111110111111000001111111110111111111011111111111011111111111111111111111101111100111111111111111111111101111111111011111100011111111111100111111011111111110111111118111111111111111111111111111111111
1111111110111100111110111111111011111100111111111110111111111111111111111111110100011111111111111111111111101111111111011111110111111111110011111110111111111111011111111811111111111111111111111111111111
1111111110110011111111011111111011111011111111111001111111111111111111111111111011111111111111111111111111101111111111011111110111111110001111111110111111111111101111111181111111111111111111111111111111
1111111111001111111100101111111011100111111111110111111111111111111111111111111101111111111111111111111111101111111111011111110111111101111111111101111111111111110111111111811111111111111111111111111111
1111111100011111110011110001111100011111111111001111111111111111111111111111111101111111111111111111111111101111111111011111110111111011111111111101111111111111111000111111181111111111111111111111111111
1111111011101111101111111110111101111111111110111111111111111111111111111111111101111111111111111111111111101111111111011111110111110111111111111011111111111111111111011111118111111111111111111111111111
1111110111101111011111111111001010111111111101111111111111111111111111111111111101111111111111111111111111101111111111011111110111001111111111110111111111111111111111101111118111111111111111111111111111
1111101111110100111111111111110110111111110011111111111111111111111111111111111101111111111111111111111111101111111111011111110110111111111111101111111111111111111111110011111811111111111111111111111111
1111011111111011111111111111101111011111101111111111111111111111111111111111111110111111111111111111111111000000001111011111110101111111111111011111111111111111111111111101111181111111111111111111111111
1110111111100101111111111111011111101111011111111111111111111111111111111111111111011111111111111111111110101111110000011111110011111111111111011111111111111111111111111110111118111111111111111111111111
1101111000011110111111111100111111101110111111111111111111111111111111111111111111011111111111111111111101101111111111011111110111111111111111011111111111111111111111111111011111811111111111111111111111
1101100111111110011111100011111111110001111111111111111111111111111111111111111111011111111111111111111011101111111111011111000111111111111111011111111111111111111111100000111111811111111111111111111111
1101011111111101101110011111111111110111111111111111111111111111111111111111111111011111111111111111110111101111111111011110110111111111111110111111111111111111111111011111111111181111111111111111111111
1110111111111011110101111111111111100111111111111111111111111111111111111111111111011111111111111111101111101111111111011001110111111111111110111111111111100000000000111111111111118111111111111111111111
1110111111000111110011111111111111010111111111111111111111111111111111111111111111101111111111111110011111101111111111010111110111111111111101111111111111011111111111111111111111111811111111111111111111
1110111110111111001101111111111100111011111111111111111111111111111111111111111111101111111111111101111111101111111111001111111011111111111101111111111100111111111111111111111111111811111111111111111111
1111010001111100111110111111111011111101111111111111111111111111111111111111111111101111111111111011111111101111111111011111111011111111111101111111110011111111111111111111111111111118111111111111111111
1111001111111011111110111111100111111110111111111111111111111111111111111111111111110111111111110111111111101111111110111111111011111111111011111110001111111111111111111111111111111118111111111111111111
1111011111110111111110111111011111111110111111111111111111111111111111111111111111111011111111101111111111101111111001111111111011111111111010000001111111111111111111111111111111111111181111111111111111
1111101111001111111110111110111111111110111111111111111111111111111111111111111111111011111111011111111111101111110111111111111011111111110101111111111111111111111111111111111111111111181111111111111111
1111110110111111111111010001111111111110111111111111111111111111111111111111111111111011111110111111111111101111001111111111111011110000000011111111111111111111111111111111111111111111118111111111111111
1111111001111111111111101111111111111110111111111111111111111111111111111111111111111011111001111111111111101110111111111111111010001111110111111111111111111111111111111111111111111111111811111111111111
1111111110111111111111001111111111111111011111111111111111111111111111111111111111111011110111111111111111110101111111111111110001111111110111111111111111111111111111111111111111111111111811111111111111
1111111110111111111110110111111111111111101111111111111111111111111111111111111111111011101111111111111100000000000000000000001011111111110111111111111111111111111111111111111111111111111811111111111111
1111111110111111111001111011111111111111101111111111111111111111111111111111111111111011011100000000000011111111111111011111111011111111110111111111111111111111111111111111111111111111111181111111111111
1111111111011110000111111101111111111111110111111111111111111111111111111111111111111010110011111111111111111111111111101111111011111111110111111111111111111111111111111111111111111111111181111111111111
1111111111011001111111111101111111111111111011111111111111111111111111111111111111100000001111111111111111111111111111101111111011111111110111111111111111111111111111111111111111111111111118111111111111
1111111111010111111111111110111111111111111011111111111111111111111111111111111111011101111111111111111111111111111111101111111101111111110111111111111111111111111111111111111111111111111111811111111111
1111111111001111111111111110111111111111111101111111111111111111111111110000000000111101111111111111111111111111111111101111111101111111110111111111111111111111111111111111111111111111111111181111111111
1111111111011111111111111110111111111111111101111111110000000000000000001111111111111101111111111111111111111111111111101111111101111111110111111111111111111111111111111111111111111111111111181111111111
1111111111011111111111111111011111111111111101100000000111111111011111111111111111111101111111111111111111111111111111101111111101111111110111111111111111111111111111111111111111111111111111118111111111
1111111111011111111111111111011111111110000000011011110111111111011111111111111111111101111111111111111111111111111111110111111101111111110111111111111111111111111111111111111111111111111111118111111111
1111111111011111111111111111011111110001111101111011111011111111011111111111111111111101111111111111111111111111111111110111111101111111110111111111111111111111111111111111111111111111111111111811111111
1111111111011111111111111111101000001011111101111011111101111111011111111111111111111101111111111111111111111111111111110111111101111111110111111111111111111111111111111111111111111111111111111811111111
1111111111011111111111111111100111100111111101111011111101111111011111111111111111111101111111111111111111111111111111110111111101111111110111111111111111111111111111111111111111111111111111111181111111
1111111111101111111111110000011111011111111101111011111101111111011111111111111111111101111111111111111111111111111111110111111101111111110111111111111111111111111111111111111111111111111111111181111111
1111111111101111111111001111111110111111111101111011111101111111011111111111111111111101111111111111111111111111111111110111111101111111111011111111111111111111111111111111111111111111111111111118111111
1111111111101111110000111111111101111111111101111011111101111111011111111111111111111101111111111111111111111111111111110111111101111111111011111111111111111111111111111111111111111111111111111118111111
1111111111101100001111111111111011111111111100000011111101111111011111111111111111111101111111111111111111111111111111110111111101111111111011111111111111111111111111111111111111111111111111111111811111
1111111111100011111111111111110111111111111011111000000001111111011111111111111111111101111111111111111111111111111111110111111101111111111011111111111111111111111111111111111111111111111111111111811111
1111111111101111111111111111101111111111111011110111111101111111011111111111111111111101111111111111111111111111111111111011111101111111111011111111111111111111111111111111111111111111111111111111811111
1111111111101111111111111111011111111111111011110111111101111111011111111111111111111101111111111111111111111111111111111011111101111111111011111111111111111111111111111111111111111111111111111111811111
1111111111101111111111111110111111111111110111110111111101111111011111111111111111111101111111111111111111111111111111111011111101111111111011111111111111111111111111111111111111111111111111111111811111
1111111111101111111111111101111111111111110111110111111101111111011111111111111111111110111111111111111111111111111111111011111101111111111011111111111111111111111111111111111111111111111111111111811111
1111111111101111111111111011111111111111101111101111111101111111011111111111111111111110111111111111111111111111111111111011111110111111111011111111111111111111111111111111111111111111111111111111811111
1111111111101111111111110111111111111111101111101111111101111111101111111111111111111110111111111111111111111111111111100111111110111111111011111111111111111111111111111111111111111111111111111111811111
1111111111101111111111101111111111111111011111101111111101111111101111111111111111111110111111111111111111111111111000011111111111011111111011111111111111111111111111111111111111111111111111111111811111
1111111111101111111111011111111111111111011111101111111101111111101111111111111111111110111111111111111111111111100111111111111111011111111011111111111111111111111111111111111111111111111111111111811111
1111111111101111111110111111111111111111011111101111111101111111101111111111111111111110111111111111111111111111101111111111111111011111111101111111111111111111111111111111111111111111111111111111811111
1111111111101111111101111111111111111111011111011111110001111111101111111111111111111111011111111111111111111111011111111111111100000000000001111111111111111111111111111111111111111111111111111111811111
1111111111101111111011111111111111111111000000000000001101111111101111111111111111111111011111111111111111111110111111111111111011111111111101111111111111111111111111111111111111111111111111111111811111
1111111111101111110111111111111111111111111111011111111101111111101111111111111111111111101111111111111111111101111111111111100111111111111101111111111111111111111111111111111111111111111111111111811111
1111111111101111101111111111111111111111111111011111111101111111101111111111111111111111101111111111111111111011111111111110011111111111111101111111111111111111111111111111111111111111111111111111811111
1111111111101111011111111111111111111111111111011111111101111111101111111111111111111111101111111111111111111011111110000001111111111111111101111111111111111111111111111111111111111111111111111118111111
1111111111101110111111111111111111111111111111011111111101111111101111111111111111111111101111111111111111111011111001111111111111111111111101111111111111111111111111111111111111111111111111111118111111
1111111111101101111111111111111111111111111111101111111110111111110111111111111111111111101111100000000000000000000111111111111111111111111101111111111111111111111111111111111111111111111111111118111111
1111111111101011111111111111111111111111111111101111111110111111111011111111111111110000000000011111111111110111111111111111111111111111111101111111111111111111111111111111111111111111111111111181111111
1111111111100111111111111111111111111111111111101111111110111111111000000000000000001111101111111111111111110111111111111111111111111111111101111111111111111111111111111111111111111111111111111181111111
1111111111100000000000000000000001111111111111101111111111011111111011111111111111111111101111111111111111110111111111111111111111111111111101111111111111111111111111111111111111111111111111111811111111
1111111111101111111111111111111110000000000000001111111111011111111011111111111111111111110111111111111111110111111111111111111111111111111101111111111111111111111111111111111111111111111111111811111111
1111111111101111111111111111111111111111111111101111111111011111111011111111111111111111110111111111111111111011111111111111111111111111111101111111111111111111111111111411111111111111111111118111111111
1111111111101111111111111111111111111111111111101111111111011111111011111111111111111111110111111111111111111011111111111111111111111111111101111111111111111111111111114444411111111111111111181111111111
1111111111101111111111111111111111111111111111101111111111011111111011111111111111111111110111111111111111111101111111111111111111111111111101111111111111111111111111144444444441111111111111181111111111
1111111111110111111111111111111111111111111111101111111111011111111011111111111111111111110111111111111111111101111111111111111111111111111011111111111111111111111111144444444444444111111111811111111111
1111111111110111111111111111111111111111111111101111111111011111111011111111111111111111110111111111111111111101111111111111111111111111111011111111111111111111111111144444444444444444411118111111111111
1111111111110111111111111111111111111111111111110111111111011111111011111111111111111111111011111111111111111101111111111111111111111111111011111111111111111111111111144444444444444444411118111111111111
1111111111111011111111111111111111111111111111110111111111011111111011111111111111111111111011111111111111111110111111111111111111111111000011111111111111111111111111444444444444444444111181111111111111
1111111111111011111111111111111111111111111111110111111111011111111101111111111111111111111011111111111111111110111111111111111111111110110111111111111111111111111111444444444444444444111181111111111111
1111111111111101111111111111111111111111111111110111111111011111111101111111111111111111111011111111111111111110111111111111111111000001110111111111111111111111111111444444444444444444111811111111111111
1111111111111110111111111111111111111111111111111011110000011111111101111111111111111111111011111111110000000000000000000000000000111111101111111111111111111111111114444444444444444441111811111111111111
1111111111111111011111111111111111111111111111111000001111011111111101111111111111111111111011111000001111111111111111111111111111111111011111111111111111111111111114444444444444444441118111111111111111
1111111111111111101111111111111111111111111111111111111111101111111101111111111111111111111000000111111111111111111111111111111111111110111111111111111111111111111114444444444444444441181111111111111111
1111111111111111101111111111111111111111111111111111111111101111111101111111111111111111111011111111111111111111111111111111111111111101111111111111111111111111111144444444444444444411181111111111111111
1111111111111111101111111111111111111111111111111111111111101111111101111111111111111111111011111111111111111111111111111111111111111011111111111111111111111111111144444444444444444411811111111111111111
1111111111111111101111111111111111111111111111111111111111101111111101111111111111111111111011111111111111111111111111111111111111110111111111111111111111111111111144444444444444444411811111111111111111
1111111111111111110111111111111111111111111111111111111111101111111101111111111111111111111101111111111111111111111111111111111111110111111111111111111111111111111444444444444444444118111111111111111111
1111111111111111111011111111111111111111111111111111111111101111111101111111111111111111111101111111111111111111111111111111111111101111111111111111111111111111111444444444444444444118111111111111111111
1111111111111111111011111111111111111111111111111111111111101111111101111111111111111111111101111111111111111111111111111111111111011111111111111111111111111111111444444444444444444444444444444411111111
1111111111111111111101111111111111111111111111111111111111101111111101111111111111111111111101111111111111111111111111111111111110111111111111111111111111111111114444444444444444444444444444444111111111
1111111111111111111101111111111111111111111111111111111111101111111110111111111111111111111101111111111111111111111111111111111101111111111111111111111111111111114444444444444444444444444444444111111111
1111111111111111111101111111111111111111111111111111111111101111111110111111111111111111111101111111111111111111111111111111111011111111111111111111111111111111114444444444444444444444444444441111111111
1111111111111111111101111111111111111111111111111111111111101111111110111111111111111111111101111111111111111111111111111111110111111111111111111111111111111111144444444444444444444444444444441111111111
1111111111111111111110111111111111111111111111111111111111101111111111011111111111111111111101111111111111111111111111111111101111111111111111111111111111111111144444444444444444444444444444441111111111
1111111111111111111110111111111111111111111111111111111111101111111111011111111111111111111101111111111111111111111111111111011111111111111111111111111111111111144444444444444444444444444444411111111111
1111111111111111111110111111111111111111111111111111111111110111111111011111111111111111111101111111111111111111111111111110111111111111111111111111111111111111444444444444444444444444444444411111111111
1111111111111111111111011111111111111111111111111111111111110111111111011111111111111111111101111111111111111111111111111101111111111111111111111111111111111111444444444444444444444444444444111111111111
1111111111111111111111011111111111111111111111111111111111110111111111011111111111111111111101111111111111111111111111111011111111111111111111111111111111111111444444444444444444444444444444111111111111
1111111111111111111111011111111111111111111111111111111111110111111111010000000000000000000001111111111111111111111111110111111111111111111111111111111111111114444444444444444444444444444441111111111111
1111111111111111111111011111111111111111111111111111111111110000000000001111111111111111111101111111111111111111111111101111111111111111111111111111111111111114444444444444444444444444444441111111111111
1111111111111111111111011111111111111111111111111111111111110111111111111111111111111111111101111111111111111111111111011111111111111111111111111111111111111114444444444444444444444444444441111111111111
1111111111111111111111101111111111111111111111111111111111111011111111111111111111111111111101111111111111111111111110111111111111111111111111111111111111111144444444444444444444444444444411111111111111
1111111111111111111111110111111111111111111111111111111111111011111111111111111111111111111101111111111111111111111101111111111111111111111111111111111111111144444444444444444444444444444411111111111111
1111111111111111111111111011111111111111111111111111111111111011111111111111111111111111111101111111111111111111111011111111111111111111111111111111111111111144444444444444444444444444444111111111111111
1111111111111111111111111101111111111111111111111111111111111011111111111111111111111111111101111111111111111111110111111111111111111111111111111111111111111444444444444444444444444444444111111111111111
1111111111111111111111111101111111111111111111111111111111111011111111111111111111111111111101111111111111111111101111111111111111111111111111111111111111111444444444444444444444444444444111111111111111
1111111111111111111111111110111111111111111111111111111111111011111111111111111111111111111101111111111111111111011111111111111111111111111111111111111111111444444444444444444444444444441111111111111111
1111111111111111111111111110111111111111111111111111111111111011111111111111111111111111111101111111111111111110111111111111111111111111111111111111111111114444444444444444444444444444441111111111111111
1111111111111111111111111110111111111111111111111111111111111011111111111111111111111111111101111111111111111101111111111111111111111111111111111111111111114444444444444444444444444444411111111111111111
1111111111111111111111111111011111111111111111111111111111111011111111111111111111111111111101111111111111111011111111111111111111111111111111111111111111114444444444444444444444444444411111111111111111
1111111111111111111111111111011111111111111111111111111111111011111111111111111111111111111101111111111111110100011111111111111111111111111111111111111111144444444444444444444444444444111111111111111111
1111111111111111111111111111101111111111111111111111111111111011111111111111111111111111111101111111111111101111101111111111111111111111111111111111111111144444444444444444444444444444111111111111111111
1111111111111111111111111111101111111111111111111111111111111011111111111111111111111111111101111111111111011111110011111111111111111111111111111111111111144444444444444444444444444444111111111111111111
1111111111111111111111111111110111111111111111111111111111111011111111111111111111111111111101111111111111011111111101111111111111111111111111111111111111444444444444444444444444444441111111111111111111
1111111111111111111111111111110111111111111111111111111111111011111111111111111111111111111101111111111110111111111101111111111111111111111111111111111111444444444444444444444444444441111111111111111111
1111111111111111111111111111110111111111111111111111111111111011111111111111111111111111111101111111111101111111111101111111111111111111111111111111111111444444444444444444444444444411111111111111111111
1111111111111111111111111111111011111111111111111111111111111011111111111111111111111111111110111111111011111111111011111111111111111111111111111111111114444444444444444444444444444411111111111111111111
1111111111111111111111111111111011111111111111111111111111111011111111111111111111111111111110111111110111111111111011111111111111111111111111111111111114444444444444444444444444444411111111111111111111
1111111111111111111111111111111101111111111111111111111111111101111111111111111111111111111111011111110111111111110111111111111111111111111111111111111114444444444444444444444444444111111111111111111111
1111111111111111111111111111111101111111111111111111111111111101111111111111111111111111111111101111101111111111110111111111111111111111111111111111111144444444444444444444444444444111111111111111111111
1111111111111111111111111111111101111111111111111111111111111101111111111111111111111111111111101111011111111111101111111111111111111111111111111111111144444444444444444444444444441111111111111111111111
1111111111111111111111111111111110111111111111111111111111111101111111111111111111111111111111101110111111111111011111111111111111111111111111111111111144444444444444444444444444441111111111111111111111
1111111111111111111111111111111110111111111111111111111111111000000000000000000000000000000000110101111111111111011111111111111111111111111111111111111444444444444444444444444444411111111111111111111111
1111111111111111111111111111111110111111111111111111111100000111111111111111111111111111111111000011111111111111011111111111111111111111111111111111111444444444444444444444444444411111111111111111111111
1111111111111111111111111111111110111111111111000000000011111111111111111111111111111111111111110100000111111111011111111111111111111111111111111111111444444444444444444444444444411111111111111111111111
1111111111111111111111111111111110111111111000111111111111111111111111111111111111111111111111101111111011111110111111111111111111111111111111111111114444444444444444444444444444111111111111111111111111
1111000000000000000000000111111110111111000111111111111111111111111111111111111111111111111111011111111100111101111111111111111111111111111111111111114444444444444444444444444444111111111111111111111111
1111011111111111111111111001111111011110111111111111111111111111111111111111111111111111111110111111111111011101111111111111111111111111111111111111114444444444444444444444444441111111111111111111111111
1111011111111111111111111110000011010001111111111111111111111111111111111111111111111111111101111111111111100001111111111111111111111111111111111111144444444444444444444444444441111111111111111111111111
1110111111111111111111111111111100000011111111111111111111111111111111111111111111111111111011111111111111111111111111111111111111111111111111111111144444444444444444444444444441111111111111111111111111
1110111111111111111111111111111111011100111111111111111111111111111111111111111111111111110111111111111111111111111111111111111111111111111111111111144444444444444444444444444411111111111111111111111111
1110111111111111111111111111111111011111000000000111111111111111111111111111111111111111101111111111111111111111111111111111111111111111111111111111144444444444444444444444444411111111111111111111111111
1110111111111111111111111111111110111111111111111000000000000000000111111111111111111111011111111111111111111111111111111111111111111111111111111111144444444444444444444444444411111111111111111111111111
1110111111111111111111111111111110111111111111111101111111111111111000000011111111111110111111111111111111111111111111111111111111111111111111111111144444444444444444444444444411111111111111111111111111
1110111111111111111111111111111110111111111111111101111111111111111101111100000000000000111111111111111111111111111111111111111111111111111111111111144444444444444444444444444411111111111111111111111111
1110111111111111111111111111111110111111111111111101111111111111111101111111111111111101000111111111111111111111111111111111111111111111111111111111144444444444444444444444444411111111111111111111111111
1110111111111111111111111111111110111111111111111101111111111111111101111111111111111101111000000000011111111111111111111111111111111111111111111111444444444444444444444444444411111111111111111111111111
1110111111111111111111111111111110111111111111111101111111111111111101111111111111111101111111111111000000000111111111111111111111111111111111111111444444444444444444444444444411111111111111111111111111
1101111111111111111111111111111110111111111111111101111111111111111101111111111111111101111111111111011111111000000011111111111111111111111111111111444444444444444444444444444411111111111111111111111111
1101111111111111111111111111111110111111111111111101111111111111111101111111111111111101111111111111011111111111111101111111111111111111111111111111444444444444444444444444444411111111111111111111111111
1101111111111111111111111111111110111111111111111101111111111111111101111111111111111101111111111111011111111111111101111111111111111111111111111111444444444444444444444444444411111111111111111111111111
1101111111111111111111111111111101111111111111111101111111111111111101111111111111111101111111111111011111111111111101111111111111111111111111111111444444444444444444444444444441111111111111111111111111
1101111111111111111111111111111101111111111111111101111111111111111101111111111111111101111111111111011111111111111011111111111111111111111111111114444444444444444444444444444444441111111111111111111111
1100000111111111111111111111111101111111111111111101111111111111111101111111111111111011111111111111011111111111110111111111111111111111111111111114444444444444444444444444444444444441111111111111111111
1111111000000011111111111111111011111111111111111101111111111111111101111111111111111011111111111111011111111111110111111111111111111111111111111114444444444444444444444444444444444444441111111111111111
1111111111111100000000011111111011111111111111111101111111111111111101111111111111111011111111111111011111111111110111111111111111111111111111111114444444444444444444444444444444444444444441111111111111
1111111111111111111111100000000000111111111111111011111111111111111011111111111111111011111111111111011111111111110111111111111111111111111111111114444444444444444444444444444444444444444444441111111111
1111111111111111111111111111111111000111111111111011111111111111111011111111111111110111111111111111011111111111110111111111111111111111111111111114444444444444444444444444444444444444444444444441111111
1111111111111111111111111111111111111000000111111011111111111111111011111111111111110111111111111111011111111111110111111111111111111111111111111144444444444444444444444444444444444444444444444444441111
1111111111111111111111111111111111111111111011111011111111111111111011111111111111110111111111111110111111111111110111111111111111111111111111111144444444444444444444444444444444444444444444444444444441
1111111111111111111111111111111111111111111100000000000000000011111011111111111111101111111111111110111111111111110111111111111111111111111111111144444444444444444444444444444444444444444444444444444441
1111111111111111111111111111111111111111111111111111111111111100000000111111111111101111111111111110111111111111110111111111111111111111111111111144444444444444444444444444444444444444444444444444444441
1111111111111111111111111111111111111111111111111111111111111111111111011111111111101111111111111110111111111111110111111111111111111111111111111144444444444444444444444444444444444444444444444444444441
1111111111111111111111111111111111111111111111111111111111111111111111100000000000000000000000001110111111111111110111111111111111111111111111111444444444444444444444444444444444444444444444444444444441
1111111111111111111111111111111111111111111111111111111111111111111111111111111111111111111111110000111111111111110111111111111111111111111111111444444444444444444444444444444444444444444444444444444441
1441111111111111111111111111111111111111111111111111111111111111111111111111111111111111111111111110111111111111110111111111111111111111111111111444444444444444444444444444444444444444444444444444444441
1444111111111111111111111111111111111111111111111111111111111111111111111111111111111111111111111111000000000001110111111111111111111111111111111444444444444444444444444444444444444444444444444444444441
1444444111111111111111111111111111111111111111111111111111111111111111111111111111111111111111111111111111111110000111111111111111111111111111111444444444444444444444444444444444444444444444444444444441
1444444444111111111111111111111111111111111111111111111111111111111111111111111111111111111111111111111111111111111111111111111111111111111111111444444444444444444444444444444444444444444444444444444441
1444444444444111111111111111111111111111111111111111111111111111111111111111111111111111111111111111111111111111111111111111111111111111111111114444444444444444444444444444444444444444444444444444444441
1444444444444444111111111111111111111111111111111111111111111111111111111111111111111111111111111111111111111111111111111111111111111111111111114444444444444444444444444444444444444444444444444444444441
1444444444444444444111111111111111111111111111111111111111111111111111111111111111111111111111111111111111111111111111111111111111111111111111114444444444444444444444444444444444444444444444444444444441
1444444444444444444444444444444444411111111111111111111111111111111111111111111111111111111111111111111111111111111111111111111111111111111111114444444444444444444444444444444444444444444444444444444441
1444444444444444444444444444444444444111111111111111111111111111111111111111111111111111111111111111111111111111111111111111111111111111111111114444444444444444444444444444444444444444444444444444444441
1444444444444444444444444444444444444441111111111111111111111111111111111111111111111111111111111111111111111111111111111111111111111111111111114444444444444444444444444444444444444444444444444444444441
1444444444444444444444444444444444444444411111111111111111111111111111111111111111111111111111111111111111111111111111111111111111111111111111144444444444444444444444444444444444444444444444444444444441
1444444444444444444444444444444444444444444111111111111111111111111111111111111111111111111111111111111111111111111111111111111111111111111111144444444444444444444444444444444444444444444444444444444441
1444444444444444444444444444444444444444444411111111111111111111111111111111111111111111111111111111111111111111111111111111111111111111111111144444444444444444444444444444444444444444444444444444444441
1444444444444444444444444444444444444444444441111111111111111111111111111111111111111111111111111111111111111111111111111111111111111111111111144444444444444444444444444444444444444444444444444444444441
1444444444444444444444444444444444444444444444111111111111111111111111111111111111111111111111111111111111111111111111111111111111111111111111144444444444444444444444444444444444444444444444444444444441
1444444444444444444444444444444444444444444444411111111111111111111111111111111111111111111111111111111111111111111111111111111111111111111111144444444444444444444444444444444444444444444444444444444441
1444444444444444444444444444444444444444444444441111111111111111111111111111111111111111111111111111111111111111111111111111111111111111111111444444444444444444444444444444444444444444444444444444444441
1444444444444444444444444444444444444444444444444444444444111111111111111111111111111111111111111111111111111111111111111111111111111111111111444444444444444444444444444444444444444444444444444444444441
1444444444444444444444444444444444444444444444444444444444444444444411111111111111111111111111111111111111111111111111111111111111111111111111444444444444444444444444444444444444444444444444444444444441
1444444444444444444444444444444444444444444444444444444444444444444444444444411111111111111111111111111111111111111111111111111111111111111111444444444444444444444444444444444444444444444444444444444441
1444444444444444444444444444444444444444444444444444444444444444444444444444444444444411111111111111111111111111111111111111111111111111111111444444444444444444444444444444444444444444444444444444444441
1444444444444444444444444444444444444444444444444444444444444444444444444444444444444444444441111111111111111111111111111111111111111111111111444444444444444444444444444444444444444444444444444444444441
1111111111111111111111111111111111111111111111111111111111111111111111111111111111111111111111111111111111111111111111111111111111111111111111111111111111111111111111111111111111111111111111111111111111