1111111111111111111111111111111111111111111111111111111111111111111111111111111111111111111111111111111111111111111111111111111111111111111111111111111111111111111111111111111111111111111111111111111111
1111111111111111111111111111111111111111111111111111111111111111111111111111111111111111111111111111111111111111111111111111111111111111111111111111111111111111111111111111111111111111111111111111111111
1111111111111111111111111111111111111111111111111111111111111111111111111111111111111111111111111111111111111111111111111111111111111111111111111111111111111111111111111111111111111111111111111111111111
1111111111111111111111111111111111111111111111111111111111111111111111111111111111111111111188888888888888888888881111111111111111111111111111111111111111111111111111111111111111111111111111111111111111
1111111111111111111111111111111111111111111111111111111111111111111111111111111111111888888811111111111111111111118111111111111111111111111111111111111111111111111111111111111111111111111111111111111111
1111111111111111111111111111111111111111111111111111111111111111111111111111118888888111111111111111000000000111111888111111111111111111111111111111111111111111111111111111111111111111111111111111111111
1111111111111111111111111111111111111111111111111111111111111111111111888888881111111111111111110000111111101001111111811111111111111111111111111111111111111111111111111111111111111111111111111111111111
1111111111111111111111111111111111111111111111111111111111111188888888111100000000000000000000001111111111011110000001188811111111111111111111111111111111111111111111111111111111111111111111111111111111
1111111111111111111111111111111111111111111111111111111888888811111110000011111101111111111111111111111111011111110110001188111111111111111111111111111111111111111111111111111111111111111111111111111111
1111111111111111111111111111111111111111111111118888888111111111000001110111111110111111111111111111111111011111110111110111881111111111111111111111111111111111111111111111111111111111111111111111111111
1111111111111111111111111111111111188888888888881111111111000000111111110111111110111111111111111111111111011111110111110000118811111111111111111111111111111111111111111111111111111111111111111111111111
1111111111111111111111111111188888811111111111111111111100110111111111101111111111011111111111111111111110111111110111101111011188111111111111111111111111111111111111111111111111111111111111111111111111
1111111111111111111111118888811111111111111111111110000011101111111111011111111111101111111111111111111110111111110111101111101111881111111111111111111111111111111111111111111111111111111111111111111111
1111111111111111111118881111111111111111111111110001111111011111111110111111111111101111111111111111111110111111110111011111110111118881111111111111111111111111111111111111111111111111111111111111111111
1111111111111111111188111111111111111111111110001111111110111111111101111111111100010111111111111111111100111111110111011111111011111118811111111111111111111111111111111111111111111111111111111111111111
1111111111111111118811111111111111111111100001111111111001111111111011111111111011111011111111111111111001111111110111011111111101111111188111111111111111111111111111111111111111111111111111111111111111
1111111111111111881111111111111111111111011111111111110110111111110111111111110111111101111111111111000101111111110110111111111100111111111881111111111111111111111111111111111111111111111111111111111111
1111111111111888111111111111111111111110111111111111001111011111101111111111101111111110111111111000111101111111110101111111111101011111111118881111111111111111111111111111111111111111111111111111111111
1111111111111811111111111111111110000001111111111110111111101111011111111110011111111110111111110111111101111111110101111111111011100000011111118811111111111111111111111111111111111111111111111111111111
1111111111881111111111111111100001011111111111111001111111110110101111111001111111111111011111001111111011111111101101111111111011111111100011111188811111111111111111111111111111111111111111111111111111
1111111188111111111111111110011111101111111111110111111111111001110111110111111111111111101110111111111011111111011101111111111011111111111101111111188111111111111111111111111111111111111111111111111111
1111118811111111111111111101111111110111111111101111111111110011111011101111111111111111110101111111111011111111011011111111111011111111111110011111111811111111111111111111111111111111111111111111111111
1111181111111111111111111011111111110111111100011111111111101101111101011111111111111111111011111111111011111111011011111111111011111111111111101111111181111111111111111111111111111111111111111111111111
1118111111111111111111100111111111110111110011111111111111011110111110111111111111111111110101111111100001111111011011111111111011111111111111110111111111811111111111111111111111111111111111111111111111
1181111111111111111110010111111111110111101111111111111110111111011100111111111111111111001110111111010110000111011011111111111011111111111111111011111111181111111111111111111111111111111111111111111111
1111111111111111111101111011111111111011011111111111111001111111100011011111111111111110111110111100101111111000000001111111111011111111111111111101111111118111111111111111111111111111111111111111111111
1111111111111111100011111011111111111100111111111111110111111111011111011111111111111001111110111011101111111101111010011111111011111111111111111110111111111811111111111111111111111111111111111111111111
1111111111111111011111111011111111111001111111111111001111111110111111101111111111110111111111000111101111111101111011100000000011111111111111111111011111111181111111111111111111111111111111111111111111
1111111111111110011111111101111111110101111111111110111111111101111111110111111111101111111111011111101111111101110111101111111011111111111111111111000111111111811111111111111111111111111111111111111111
1111111111111101011111111110111110000110111111110001111111110011111111111011111111110111111110011111101111111101110111101111111011111111111111111110111001111111181111111111111111111111111111111111111111
1111111111111011011111111110111101111010111111001101111111001111111111111101111111110111111001011111011111111101101111101111111011111111111111111001111110111111118111111111111111111111111111111111111111
1111111111110111011111111111011011111011011110111101111110111111111111111101111111111011100111101110111111111101011111101111111011111111111111110111111111011111111811111111111111111111111111111111111111
1111111111101111011111111111100111111101101001111110111101111111111111111110111111111101011111110101111111111010111111011111111011111111111111001111111111101111111181111111111111111111111111111111111111
1111111111011111011111111111101111111110110111111111010011111111111111111111011111111110011111111001111111110110111111011111111011111111111100111111111111110011111111811111111111111111111111111111111111
1111111111011111011111111111110111111111001111111111101111111111111111111111101111100001100000000000000000000000000000000000001011111111111011111111111111111101111111181111111111111111111111111111111111
1111111110111110001111111111111011111111011111111111011111111111111111111111110111011111111111111111111111101111111111011111110011111111100111111111111111111110111111118111111111111111111111111111111111
1111111110111001110111111111111011111100111111111110111111111111111111111111111000111111111111111111111111101111111111011111111011111111011111111111111111111111011111111811111111111111111111111111111111
1111111110110111111000000111111011100011111111111101111111111111111111111111111011111111111111111111111111101111111111011111111011111110111111111111111111111111101111111181111111111111111111111111111111
1111111111001111111011111011111011011111111111111011111111111111111111111111111101111111111111111111111111101111111111011111111011111001111111111111111111111111110111111111811111111111111111111111111111
1111111110011111110111111101111100111111111111110111111111111111111111111111111101111111111111111111111111101111111111011111111011110111111111111111111111111111111011111111181111111111111111111111111111
1111111101101111001111111110111101111111111100001111111111111111111111111111111101111111111111111111111111101111111111011111111011101111111111111111111111111111111100111111118111111111111111111111111111
1111111011101110111111111111011010111111111011111111111111111111111111111111111101111111111111111111111111011111111111011111111011011111111111111111111111111111111111001111118111111111111111111111111111
1111110111110101111111111111100110111111110111111111111111111111111111111111111101111111111111111111111111011111111111011111110110111111111111111111111111111111111111110111111811111111111111111111111111
1111001111111011111111111111101111011111001111111111111111111111111111111111111101111111111111111111111111001111111111011111110101111111111111111111111111111111111111111001111181111111111111111111111111
1110111111110101111111111111011111101110111111111111111111111111111111111111111101111111111111111111111100010000000011011111110011111111111111111111111111111111111111111110111118111111111111111111111111
1101111111101110111111111110111111110101111111111111111111111111111111111111111101111111111111111111111011011111111100011111110111111111111111111111111111111111111100000000011111811111111111111111111111
1110110000011110011111100001111111110011111111111111111111111111111111111111111110111111111111111111110111011111111111011111100111111111111111111111111111111111100011111111111111811111111111111111111111
1110101111111001101111011111111111110111111111111111111111111111111111111111111111011111111111111111101111011111111111011111011011111111111111111111111111111111011111111111111111181111111111111111111111
1110011111110111110100111111111111100111111111111111111111111111111111111111111111011111111111111111011111011111111111011100111011111111111111111111111111111110111111111111111111118111111111111111111111
1110111110001111111011111111111110011011111111111111111111111111111111111111111111011111111111111110111111011111111111011011111011111111111111111111111111111001111111111111111111111811111111111111111111
1110111101111111100101111111111001111011111111111111111111111111111111111111111111011111111111111001111111011111111111000111111011111111111111111111111111110111111111111111111111111811111111111111111111
1110110011111110011110111111100111111011111111111111111111111111111111111111111111011111111111110111111111011111111111011111111011111111111111111111111110001111111111111111111111111118111111111111111111
1110101111111001111111011111011111111011111111111111111111111111111111111111111111011111111111101111111111011111111000111111111011111111111111111110000001111111111111111111111111111118111111111111111111
1111011111110111111111011110111111111101111111111111111111111111111111111111111111011111111111011111111111011111110111111111111011111111111111111001111111111111111111111111111111111111181111111111111111
1111101111101111111111011101111111111101111111111111111111111111111111111111111111101111111110111111111111011111101111111111111011111111111100000111111111111111111111111111111111111111181111111111111111
1111110111011111111111100011111111111101111111111111111111111111111111111111111111110111111101111111111111101111011111111111111011000000000011111111111111111111111111111111111111111111118111111111111111
1111111000111111111111001111111111111101111111111111111111111111111111111111111111111011111011111111111111101110111111111111111010111111110111111111111111111111111111111111111111111111111811111111111111
1111111101111111111110101111111111111110111111111111111111111111111111111111111111111011110111111111111111110101111111110000000001111111110111111111111111111111111111111111111111111111111811111111111111
1111111101111111111101101111111111111111011111111111111111111111111111111111111111111011101111111111111000000000000000001111111011111111110111111111111111111111111111111111111111111111111811111111111111
1111111101111111100011110111111111111111101111111111111111111111111111111111111111111011011111110000000111111111111111011111111011111111110111111111111111111111111111111111111111111111111181111111111111
1111111110111111011111110111111111111111110111111111111111111111111111111111111111111010111111101111111111111111111111011111111011111111110111111111111111111111111111111111111111111111111181111111111111
1111111110111110111111110111111111111111110111111111111111111111111111111111111110000000000000011111111111111111111111011111111011111111110111111111111111111111111111111111111111111111111118111111111111
1111111111011001111111111011111111111111111011111111111111111111111111111111000001111101111111111111111111111111111111011111111011111111110111111111111111111111111111111111111111111111111111811111111111
1111111111000111111111111011111111111111111011111111111111111111100000000000111111111101111111111111111111111111111111101111111011111111110111111111111111111111111111111111111111111111111111181111111111
1111111111011111111111111011111111111111111101111111110000000000011111111111111111111101111111111111111111111111111111101111111011111111110111111111111111111111111111111111111111111111111111181111111111
1111111111011111111111111101111111111111111101100000000111111111011111111111111111111110111111111111111111111111111111110111111011111111110111111111111111111111111111111111111111111111111111118111111111
1111111111011111111111111110111111111111000000011011111011111111011111111111111111111110111111111111111111111111111111110111111011111111110111111111111111111111111111111111111111111111111111118111111111
1111111111011111111111111111011111111000111110111011111011111111011111111111111111111110111111111111111111111111111111110111111011111111110111111111111111111111111111111111111111111111111111111811111111
1111111111011111111111111111101111100011111110111011111011111111011111111111111111111110111111111111111111111111111111110111111011111111110111111111111111111111111111111111111111111111111111111811111111
1111111111011111111111111111000000010111111101111011111011111111011111111111111111111110111111111111111111111111111111110111111101111111110111111111111111111111111111111111111111111111111111111181111111
1111111111101111111110000000111111101111111101111011111011111111011111111111111111111110111111111111111111111111111111110111111101111111110111111111111111111111111111111111111111111111111111111181111111
1111111111101111111001111111111111011111111101111011111011111111011111111111111111111110111111111111111111111111111111110111111101111111110111111111111111111111111111111111111111111111111111111118111111
1111111111101111000111111111111110111111111101111011111101111111011111111111111111111110111111111111111111111111111111110111111101111111110111111111111111111111111111111111111111111111111111111118111111
1111111111101110111111111111111101111111111010001011111101111111011111111111111111111110111111111111111111111111111111110111111101111111111011111111111111111111111111111111111111111111111111111111811111
1111111111101101111111111111111011111111111011110000000001111111011111111111111111111110111111111111111111111111111111110111111101111111111011111111111111111111111111111111111111111111111111111111811111
1111111111100011111111111111110111111111110111111011111101111111011111111111111111111110111111111111111111111111111111110111111101111111111011111111111111111111111111111111111111111111111111111111811111
1111111111101111111111111111101111111111110111111011111101111111101111111111111111111110111111111111111111111111111111111011111101111111111011111111111111111111111111111111111111111111111111111111811111
1111111111101111111111111111011111111111110111111011111101111111101111111111111111111110111111111111111111111111111111111011111101111111111011111111111111111111111111111111111111111111111111111111811111
1111111111101111111111111110111111111111110111110111111101111111101111111111111111111110111111111111111111111111111111111011111101111111111011111111111111111111111111111111111111111111111111111111811111
1111111111101111111111111101111111111111110111110111111101111111101111111111111111111110111111111111111111111111111111111011111101111111111011111111111111111111111111111111111111111111111111111111811111
1111111111101111111111111011111111111111110111101111111101111111101111111111111111111110111111111111111111111111111111110111111101111111111011111111111111111111111111111111111111111111111111111111811111
1111111111101111111111110111111111111111110111011111111101111111101111111111111111111110111111111111111111111111111110001111111101111111111011111111111111111111111111111111111111111111111111111111811111
1111111111101111111111101111111111111111101111011111111101111111101111111111111111111110111111111111111111111111100001111111111110111111111101111111111111111111111111111111111111111111111111111111811111
1111111111101111111110011111111111111111101111011111111101111111101111111111111111111110111111111111111111111111101111111111111110111111111101111111111111111111111111111111111111111111111111111111811111
1111111111101111111101111111111111111111101111011111111001111111101111111111111111111110111111111111111111111111011111100000000000000000000001111111111111111111111111111111111111111111111111111111811111
1111111111101111111011111111111111111111000000000000000101111111101111111111111111111110111111111111111111111110111111011111111111111111111101111111111111111111111111111111111111111111111111111111811111
1111111111101111110111111111111111111111111111011111111101111111110111111111111111111110111111111111111111111101111100111111111111111111111101111111111111111111111111111111111111111111111111111111811111
1111111111101111101111111111111111111111111111011111111101111111110111111111111111111110111111111111111111111101111011111111111111111111111101111111111111111111111111111111111111111111111111111111811111
1111111111101111011111111111111111111111111111011111111110111111111011111111111111111111011111111111111111111011110111111111111111111111111101111111111111111111111111111111111111111111111111111118111111
1111111111101110111111111111111111111111111111011111111110111111111011111111111111111111011111111111111111111011101111111111111111111111111101111111111111111111111111111111111111111111111111111118111111
1111111111101101111111111111111111111111111111011111111110111111111011111111111111111111011111000000000000000000011111111111111111111111111011111111111111111111111111111111111111111111111111111118111111
1111111111101011111111111111111111111111111111011111111110111111111011111110000000000000000000111111111111110111111111111111111111111111111011111111111111111111111111111111111111111111111111111181111111
1111111111100111111111111111111111111111111111011111111110111111111000000001111111111111101111111111111111110111111111111111111111111111111011111111111111111111111111111111111111111111111111111181111111
1111111111100000000000000000000011111111111111011111111111011111111011111111111111111111110111111111111111110111111111111111111111111111111011111111111111111111111111111111111111111111111111111811111111
1111111111101111111111111111111100000000000000001111111111011111111011111111111111111111110111111111111111111011111111111111111111111111111011111111111111111111111111111111111111111111111111111811111111
1111111111110111111111111111111111111111111111101111111111011111111011111111111111111111110111111111111111111011111111111111111111111111111011111111111111111111111111111411111111111111111111118111111111
1111111111110111111111111111111111111111111111101111111111011111111011111111111111111111110111111111111111111011111111111111111111111111111011111111111111111111111111114444411111111111111111181111111111
1111111111111011111111111111111111111111111111110111111111011111111011111111111111111111111011111111111111111011111111111111111111111111111011111111111111111111111111144444444441111111111111181111111111
1111111111111011111111111111111111111111111111110111111111011111111011111111111111111111111011111111111111111101111111111111111111111111111011111111111111111111111111144444444444444111111111811111111111
1111111111111011111111111111111111111111111111110111111111011111111101111111111111111111111011111111111111111110111111111111111111111111111011111111111111111111111111144444444444444444411118111111111111
1111111111111101111111111111111111111111111111111011111111011111111101111111111111111111111011111111111111111110111111111111111111111111111011111111111111111111111111144444444444444444411118111111111111
1111111111111110111111111111111111111111111111111011111111011111111101111111111111111111111011111111111111111110111111111111111111111100000011111111111111111111111111444444444444444444111181111111111111
1111111111111110111111111111111111111111111111111011111111011111111101111111111111111111111011111111111111111110111111111100000000000011110111111111111111111111111111444444444444444444111181111111111111
1111111111111110111111111111111111111111111111111011100000011111111101111111111111111111111011111111111111111110111111000011111111111111101111111111111111111111111111444444444444444444111811111111111111
1111111111111111011111111111111111111111111111111010011111011111111101111111111111111111111010000000000000000000000000111111111111111111011111111111111111111111111114444444444444444441111811111111111111
1111111111111111101111111111111111111111111111111001111111011111111101111111111111111111111001111111111111111111111111111111111111111110111111111111111111111111111114444444444444444441118111111111111111
1111111111111111110111111111111111111111111111111111111111011111111101111111111111111111111011111111111111111111111111111111111111111101111111111111111111111111111114444444444444444441181111111111111111
1111111111111111110111111111111111111111111111111111111111011111111101111111111111111111111011111111111111111111111111111111111111111011111111111111111111111111111144444444444444444411181111111111111111
1111111111111111111011111111111111111111111111111111111111011111111101111111111111111111111011111111111111111111111111111111111111110111111111111111111111111111111144444444444444444411811111111111111111
1111111111111111111101111111111111111111111111111111111111011111111101111111111111111111111011111111111111111111111111111111111111101111111111111111111111111111111144444444444444444411811111111111111111
1111111111111111111101111111111111111111111111111111111111011111111101111111111111111111111011111111111111111111111111111111111111101111111111111111111111111111111444444444444444444118111111111111111111
1111111111111111111101111111111111111111111111111111111111011111111101111111111111111111111011111111111111111111111111111111111111011111111111111111111111111111111444444444444444444118111111111111111111
1111111111111111111101111111111111111111111111111111111111011111111101111111111111111111111011111111111111111111111111111111111110111111111111111111111111111111111444444444444444444444444444444411111111
1111111111111111111110111111111111111111111111111111111111011111111101111111111111111111111011111111111111111111111111111111111101111111111111111111111111111111114444444444444444444444444444444111111111
1111111111111111111110111111111111111111111111111111111111101111111101111111111111111111111011111111111111111111111111111111111011111111111111111111111111111111114444444444444444444444444444444111111111
1111111111111111111110111111111111111111111111111111111111101111111101111111111111111111111011111111111111111111111111111111110111111111111111111111111111111111114444444444444444444444444444441111111111
1111111111111111111111011111111111111111111111111111111111101111111101111111111111111111111011111111111111111111111111111111101111111111111111111111111111111111144444444444444444444444444444441111111111
1111111111111111111111011111111111111111111111111111111111101111111110111111111111111111111011111111111111111111111111111111011111111111111111111111111111111111144444444444444444444444444444441111111111
1111111111111111111111011111111111111111111111111111111111101111111110111111111111111111111101111111111111111111111111111110111111111111111111111111111111111111144444444444444444444444444444411111111111
1111111111111111111111011111111111111111111111111111111111101111111110111111111111111111111101111111111111111111111111111101111111111111111111111111111111111111444444444444444444444444444444411111111111
1111111111111111111111011111111111111111111111111111111111101111111111011111111111111111111101111111111111111111111111111011111111111111111111111111111111111111444444444444444444444444444444111111111111
1111111111111111111111101111111111111111111111111111111111110111111111011111111111111111111101111111111111111111111111110111111111111111111111111111111111111111444444444444444444444444444444111111111111
1111111111111111111111110111111111111111111111111111111111110111111111011111111111111111000001111111111111111111111111101111111111111111111111111111111111111114444444444444444444444444444441111111111111
1111111111111111111111110111111111111111111111111111111111110000000000000000000000000000111101111111111111111111111111011111111111111111111111111111111111111114444444444444444444444444444441111111111111
1111111111111111111111110111111111111111111111111111111111110111111111111111111111111111111101111111111111111111111110111111111111111111111111111111111111111114444444444444444444444444444441111111111111
1111111111111111111111110111111111111111111111111111111111110111111111111111111111111111111101111111111111111111111101111111111111111111111111111111111111111144444444444444444444444444444411111111111111
1111111111111111111111110111111111111111111111111111111111110111111111111111111111111111111101111111111111111111111011111111111111111111111111111111111111111144444444444444444444444444444411111111111111
1111111111111111111111110111111111111111111111111111111111110111111111111111111111111111111101111111111111111111110111111111111111111111111111111111111111111144444444444444444444444444444111111111111111
1111111111111111111111110111111111111111111111111111111111110111111111111111111111111111111101111111111111111111101111111111111111111111111111111111111111111444444444444444444444444444444111111111111111
1111111111111111111111111011111111111111111111111111111111110111111111111111111111111111111101111111111111111111011111111111111111111111111111111111111111111444444444444444444444444444444111111111111111
1111111111111111111111111101111111111111111111111111111111110111111111111111111111111111111110111111111111111110111111111111111111111111111111111111111111111444444444444444444444444444441111111111111111
1111111111111111111111111110111111111111111111111111111111111011111111111111111111111111111111011111111111111110111111111111111111111111111111111111111111114444444444444444444444444444441111111111111111
1111111111111111111111111110111111111111111111111111111111111011111111111111111111111111111111101111111111111101111111111111111111111111111111111111111111114444444444444444444444444444411111111111111111
1111111111111111111111111111011111111111111111111111111111111011111111111111111111111111111111101111111111111011111111111111111111111111111111111111111111114444444444444444444444444444411111111111111111
1111111111111111111111111111011111111111111111111111111111111011111111111111111111111111111111101111111111110100011111111111111111111111111111111111111111144444444444444444444444444444111111111111111111
1111111111111111111111111111011111111111111111111111111111111011111111111111111111111111111111101111111111101111101111111111111111111111111111111111111111144444444444444444444444444444111111111111111111
1111111111111111111111111111101111111111111111111111111111111011111111111111111111111111111111110111111111011111110111111111111111111111111111111111111111144444444444444444444444444444111111111111111111
1111111111111111111111111111101111111111111111111111111111111101111111111111111111111111111111110111111110111111111001111111111111111111111111111111111111444444444444444444444444444441111111111111111111
1111111111111111111111111111110111111111111111111111111111111101111111111111111111111111111111110111111110111111111011111111111111111111111111111111111111444444444444444444444444444441111111111111111111
1111111111111111111111111111110111111111111111111111111111111101111111111111111111111111111111110111111101111111110111111111111111111111111111111111111111444444444444444444444444444411111111111111111111
1111111111111111111111111111111011111111111111111111111111111101111111111111111111111111111111110111111011111111110111111111111111111111111111111111111114444444444444444444444444444411111111111111111111
1111111111111111111111111111111011111111111111111111111111111101111111111111111111111111111111111011110111111111101111111111111111111111111111111111111114444444444444444444444444444411111111111111111111
1111111111111111111111111111111011111111111111111111111111111101111111111111111111111111111111111011110111111111101111111111111111111111111111111111111114444444444444444444444444444111111111111111111111
1111111111111111111111111111111011111111111111111111111111111101111111111111111111111111111111111011101111111111101111111111111111111111111111111111111144444444444444444444444444444111111111111111111111
1111111111111111111111111111111011111111111111111111111111111101111111111111111111111111111111111011011111111111101111111111111111111111111111111111111144444444444444444444444444441111111111111111111111
1111111111111111111111111111111101111111111111111111111111111101111111111111111111111111111111111010111111111111101111111111111111111111111111111111111144444444444444444444444444441111111111111111111111
1111111111111111111111111111111101111111111111111111111111111000000000000111111111111111111111111001111111111111011111111111111111111111111111111111111444444444444444444444444444411111111111111111111111
1111111111111111111111111111111110111111111111111111111111100111111111111000000000000000000000000011111111111110111111111111111111111111111111111111111444444444444444444444444444411111111111111111111111
1111111111111111111111111111111110111111111111111100000000011111111111111111111111111111111111110101111111111110111111111111111111111111111111111111111444444444444444444444444444411111111111111111111111
1111111111111111111111111111111110111111111100000011111111111111111111111111111111111111111111101110111111111110111111111111111111111111111111111111114444444444444444444444444444111111111111111111111111
1111000111111111111111111111111110111111111011111111111111111111111111111111111111111111111111011111000000111110111111111111111111111111111111111111114444444444444444444444444444111111111111111111111111
1111011000000000000000000011111111011111110111111111111111111111111111111111111111111111111110111111111111001110111111111111111111111111111111111111114444444444444444444444444441111111111111111111111111
1110111111111111111111111100000011011000001111111111111111111111111111111111111111111111111101111111111111110001111111111111111111111111111111111111144444444444444444444444444441111111111111111111111111
1110111111111111111111111111111100000111111111111111111111111111111111111111111111111111111011111111111111111111111111111111111111111111111111111111144444444444444444444444444441111111111111111111111111
1110111111111111111111111111111111010000111111111111111111111111111111111111111111111111110111111111111111111111111111111111111111111111111111111111144444444444444444444444444411111111111111111111111111
1110111111111111111111111111111111011111000000000011111111111111111111111111111111111111101111111111111111111111111111111111111111111111111111111111144444444444444444444444444411111111111111111111111111
1110111111111111111111111111111110111111111111111100000000000000000111111111111111111111011111111111111111111111111111111111111111111111111111111111144444444444444444444444444411111111111111111111111111
1110111111111111111111111111111110111111111111111101111111111111111000000000111111111110111111111111111111111111111111111111111111111111111111111111144444444444444444444444444411111111111111111111111111
1101111111111111111111111111111110111111111111111101111111111111111101111111000000000000000111111111111111111111111111111111111111111111111111111111144444444444444444444444444411111111111111111111111111
1101111111111111111111111111111110111111111111111101111111111111111101111111111111111101111000000011111111111111111111111111111111111111111111111111144444444444444444444444444411111111111111111111111111
1101111111111111111111111111111110111111111111111101111111111111111101111111111111111101111111111100000000011111111111111111111111111111111111111111444444444444444444444444444411111111111111111111111111
1101111111111111111111111111111110111111111111111101111111111111111101111111111111111101111111111111011111100111111111111111111111111111111111111111444444444444444444444444444411111111111111111111111111
1101111111111111111111111111111110111111111111111101111111111111111101111111111111111101111111111111011111111000011111111111111111111111111111111111444444444444444444444444444411111111111111111111111111
1101111111111111111111111111111110111111111111111101111111111111111101111111111111111101111111111111011111111111100001111111111111111111111111111111444444444444444444444444444411111111111111111111111111
1101111111111111111111111111111110111111111111111101111111111111111101111111111111111101111111111111011111111111111101111111111111111111111111111111444444444444444444444444444411111111111111111111111111
1101111111111111111111111111111110111111111111111101111111111111111101111111111111111101111111111111011111111111111101111111111111111111111111111111444444444444444444444444444441111111111111111111111111
1101111111111111111111111111111110111111111111111101111111111111111101111111111111111101111111111110111111111111111101111111111111111111111111111114444444444444444444444444444444441111111111111111111111
1100000001111111111111111111111101111111111111111101111111111111111101111111111111111011111111111110111111111111111101111111111111111111111111111114444444444444444444444444444444444441111111111111111111
1111111110001111111111111111111011111111111111111011111111111111111011111111111111111011111111111110111111111111111101111111111111111111111111111114444444444444444444444444444444444444441111111111111111
1111111111110000000011111111111011111111111111111011111111111111111011111111111111110111111111111110111111111111111101111111111111111111111111111114444444444444444444444444444444444444444441111111111111
1111111111111111111100000000000001111111111111111011111111111111111011111111111111101111111111111110111111111111111011111111111111111111111111111114444444444444444444444444444444444444444444441111111111
1111111111111111111111111111111110011111111111111011111111111111111011111111111111101111111111111110111111111111110111111111111111111111111111111114444444444444444444444444444444444444444444444441111111
1111111111111111111111111111111111101111111111111011111111111111111011111111111111101111111111111110111111111111110111111111111111111111111111111144444444444444444444444444444444444444444444444444441111
1111111111111111111111111111111111110000111111111011111111111111111011111111111111101111111111111110111111111111110111111111111111111111111111111144444444444444444444444444444444444444444444444444444441
1111111111111111111111111111111111111111000000000000000000000001111011111111111111101111111111111110111111111111110111111111111111111111111111111144444444444444444444444444444444444444444444444444444441
1111111111111111111111111111111111111111111111111111111111111110000001111111111111101111111111111110111111111111110111111111111111111111111111111144444444444444444444444444444444444444444444444444444441
1111111111111111111111111111111111111111111111111111111111111111111110000001111111101111111111111110111111111111110111111111111111111111111111111144444444444444444444444444444444444444444444444444444441
1111111111111111111111111111111111111111111111111111111111111111111111111110000000000000001111111110111111111111110111111111111111111111111111111444444444444444444444444444444444444444444444444444444441
1111111111111111111111111111111111111111111111111111111111111111111111111111111111111111110000000000111111111111110111111111111111111111111111111444444444444444444444444444444444444444444444444444444441
1441111111111111111111111111111111111111111111111111111111111111111111111111111111111111111111111110000111111111110111111111111111111111111111111444444444444444444444444444444444444444444444444444444441
1444111111111111111111111111111111111111111111111111111111111111111111111111111111111111111111111111111000001111110111111111111111111111111111111444444444444444444444444444444444444444444444444444444441
1444444111111111111111111111111111111111111111111111111111111111111111111111111111111111111111111111111111110000000111111111111111111111111111111444444444444444444444444444444444444444444444444444444441
1444444444111111111111111111111111111111111111111111111111111111111111111111111111111111111111111111111111111111111111111111111111111111111111111444444444444444444444444444444444444444444444444444444441
1444444444444111111111111111111111111111111111111111111111111111111111111111111111111111111111111111111111111111111111111111111111111111111111114444444444444444444444444444444444444444444444444444444441
1444444444444444111111111111111111111111111111111111111111111111111111111111111111111111111111111111111111111111111111111111111111111111111111114444444444444444444444444444444444444444444444444444444441
1444444444444444444111111111111111111111111111111111111111111111111111111111111111111111111111111111111111111111111111111111111111111111111111114444444444444444444444444444444444444444444444444444444441
1444444444444444444444444444444444411111111111111111111111111111111111111111111111111111111111111111111111111111111111111111111111111111111111114444444444444444444444444444444444444444444444444444444441
1444444444444444444444444444444444444111111111111111111111111111111111111111111111111111111111111111111111111111111111111111111111111111111111114444444444444444444444444444444444444444444444444444444441
1444444444444444444444444444444444444441111111111111111111111111111111111111111111111111111111111111111111111111111111111111111111111111111111114444444444444444444444444444444444444444444444444444444441
1444444444444444444444444444444444444444411111111111111111111111111111111111111111111111111111111111111111111111111111111111111111111111111111144444444444444444444444444444444444444444444444444444444441
1444444444444444444444444444444444444444444111111111111111111111111111111111111111111111111111111111111111111111111111111111111111111111111111144444444444444444444444444444444444444444444444444444444441
1444444444444444444444444444444444444444444411111111111111111111111111111111111111111111111111111111111111111111111111111111111111111111111111144444444444444444444444444444444444444444444444444444444441
1444444444444444444444444444444444444444444441111111111111111111111111111111111111111111111111111111111111111111111111111111111111111111111111144444444444444444444444444444444444444444444444444444444441
1444444444444444444444444444444444444444444444111111111111111111111111111111111111111111111111111111111111111111111111111111111111111111111111144444444444444444444444444444444444444444444444444444444441
1444444444444444444444444444444444444444444444411111111111111111111111111111111111111111111111111111111111111111111111111111111111111111111111144444444444444444444444444444444444444444444444444444444441
1444444444444444444444444444444444444444444444441111111111111111111111111111111111111111111111111111111111111111111111111111111111111111111111444444444444444444444444444444444444444444444444444444444441
1444444444444444444444444444444444444444444444444444444444111111111111111111111111111111111111111111111111111111111111111111111111111111111111444444444444444444444444444444444444444444444444444444444441
1444444444444444444444444444444444444444444444444444444444444444444411111111111111111111111111111111111111111111111111111111111111111111111111444444444444444444444444444444444444444444444444444444444441
1444444444444444444444444444444444444444444444444444444444444444444444444444411111111111111111111111111111111111111111111111111111111111111111444444444444444444444444444444444444444444444444444444444441
1444444444444444444444444444444444444444444444444444444444444444444444444444444444444411111111111111111111111111111111111111111111111111111111444444444444444444444444444444444444444444444444444444444441
1444444444444444444444444444444444444444444444444444444444444444444444444444444444444444444441111111111111111111111111111111111111111111111111444444444444444444444444444444444444444444444444444444444441
1111111111111111111111111111111111111111111111111111111111111111111111111111111111111111111111111111111111111111111111111111111111111111111111111111111111111111111111111111111111111111111111111111111111