1111111111111111111111111111111111111111111111111111111111111111111111111111111111111111111111111111111111111111111111111111111111111111111111111111111111111111111111111111111111111111111111111111111111
1111111111111111111111111111111111111111111111111111111111111111111111111111111111111111111111111111111111111111111111111111111111111111111111111111111111111111111111111111111111111111111111111111111111
1111111111111111111111111111111111111111111111111111111111111111111111111111111111111111111111111111111111111111111111111111111111111111111111111111111111111111111111111111111111111111111111111111111111
1111111111111111111111111111111111111111111111111111111111111111111111111111111111111111111188888888888888888888881111111111111111111111111111111111111111111111111111111111111111111111111111111111111111
1111111111111111111111111111111111111111111111111111111111111111111111111111111111111888888811111111111111111111118111111111111111111111111111111111111111111111111111111111111111111111111111111111111111
1111111111111111111111111111111111111111111111111111111111111111111111111111118888888111111111100000000000000000111888111111111111111111111111111111111111111111111111111111111111111111111111111111111111
1111111111111111111111111111111111111111111111111111111111111111111111888888881111000000000000011111111111011111000111811111111111111111111111111111111111111111111111111111111111111111111111111111111111
1111111111111111111111111111111111111111111111111111111111111188888888111000000000111111111111111111111111011111111000188811111111111111111111111111111111111111111111111111111111111111111111111111111111
1111111111111111111111111111111111111111111111111111111888888811111111110011111101111111111111111111111111011111111011011188111111111111111111111111111111111111111111111111111111111111111111111111111111
1111111111111111111111111111111111111111111111118888888111111111111111000111111110111111111111111111111111011111110111100011881111111111111111111111111111111111111111111111111111111111111111111111111111
1111111111111111111111111111111111188888888888881111111111110000000000101111111111011111111111111111111110111111110111101101118811111111111111111111111111111111111111111111111111111111111111111111111111
1111111111111111111111111111188888811111111111111111111000000111111111011111111111101111111111111111111110111111101111011110111188111111111111111111111111111111111111111111111111111111111111111111111111
1111111111111111111111118888811111111111111111111111100111101111111110111111111111101111111111111111111110111111011110111111011111881111111111111111111111111111111111111111111111111111111111111111111111
1111111111111111111118881111111111111111111111111111011111011111111101111111111111101111111111111111111110111111011101111111100111118881111111111111111111111111111111111111111111111111111111111111111111
1111111111111111111188111111111111111111110000000000111110111111111011111111111111010111111111111111111100111111011101111111111011111118811111111111111111111111111111111111111111111111111111111111111111
1111111111111111118811111111111111111111101111111111111001111111110111111111111110111011111111111111100010111111011101111111111101111111188111111111111111111111111111111111111111111111111111111111111111
1111111111111111881111111111111111111110011111111111100110111111101111111111111001111101111111111111011110111111011011111111111100111111111881111111111111111111111111111111111111111111111111111111111111
1111111111111888111111111111111111110001111111111111011111011111101111111111110111111110111111111110111110111111011011111111111101001111111118881111111111111111111111111111111111111111111111111111111111
1111111111111811111111111111111100001111111111111110111111101110011111111110001111111111011111111101111110111111011011111111111101110011111111118811111111111111111111111111111111111111111111111111111111
1111111111881111111111111111110011011111111111111101111111110101101111111101111111111111101111100011111101111111011011111111111011111101111111111188811111111111111111111111111111111111111111111111111111
1111111188111111111111111111101111011111111111111011111111110011110111111011111111111111110111011111111101111111011011111111111011111110111111111111188111111111111111111111111111111111111111111111111111
1111118811111111111111111100011111101111111111110111111111001101111011100111111111111111110110111111111101111111011011111111111011111111011111111111111811111111111111111111111111111111111111111111111111
1111181111111111111111110011111111110111111111101111111100111110111101011111111111111111111001111111111011111111011011111111111011111111101111111111111181111111111111111111111111111111111111111111111111
1118111111111111111111101111111111111011111111011111111011111111011100111111111111111111110101111111100000111110111011111111111011111111110111111111111111811111111111111111111111111111111111111111111111
1181111111111111111100010111111111111101111110111111110111111111011011011111111111111111101110111111011011001110111011111111111011111111111001111111111111181111111111111111111111111111111111111111111111
1111111111111111111011111011111111111101000001111111101111111111100111011111111111111111011110111110110111110000000001111111111011111111111110111111111111118111111111111111111111111111111111111111111111
1111111111111111100111111011111111111100111111111111011111111111011111101111111111111110111111011101110111111101110110111111111011111111111111001111111111111811111111111111111111111111111111111111111111
1111111111111111011111111011111111111010111111111110111111111110111111101111111111111101111111000011110111111101101111000000000011111111111111110001111111111181111111111111111111111111111111111111111111
1111111111111110011111111101111111110111011111111101111111111001111111110111111111100011111110011111101111111011101111101111111011111111111111111110000001111111811111111111111111111111111111111111111111
1111111111111101011111111110111111000111011111111011111111110111111111110111111111101111111101101111101111111011011111101111111011111111111111111111011110111111181111111111111111111111111111111111111111
1111111111111011011111111110111110110111101111110011111111101111111111111011111111110111111011101111011111111010111111101111111011111111111111111110111111001111118111111111111111111111111111111111111111
1111111111110111011111111110111101110111101110001101111111011111111111111101111111111011110111110110111111111010111111101111111011111111111111111101111111110111111811111111111111111111111111111111111111
1111111111101111011111111111011011111011101101111110111110111111111111111110111111111101001111110110111111110110111111101111111011111111111111111011111111111001111181111111111111111111111111111111111111
1111111111101111011111111111100111111101110011111111010001111111111111111111011111111110000000011010111111110110111111101111111011111111111111110111111111111110111111811111111111111111111111111111111111
1111111111011111011111111111110111111110101111111111101111111111111111111111101111111001111111100000000000000000000000000001111011111111111110001111111111111111011111181111111111111111111111111111111111
1111111110111111011111111111111011111110011111111111011111111111111111111111101111000111111111111111111111101111111111011110000011111111111101111111111111111111100111118111111111111111111111111111111111
1111111111011000100000111111111011111001111111111110111111111111111111111111110110111111111111111111111111101111111111011111110111111111100011111111111111111111111011111811111111111111111111111111111111
1111111111010111111111001111111011100111111111111101111111111111111111111111111001111111111111111111111111101111111111011111110111111110011111111111111111111111111101111181111111111111111111111111111111
1111111111001111111100110011111011011111111111111011111111111111111111111111111011111111111111111111111111101111111111011111110111111101111111111111111111111111111110111111811111111111111111111111111111
1111111100011111111011111101111010111111111111110111111111111111111111111111111011111111111111111111111111011111111111011111110111111011111111111111111111111111111111011111181111111111111111111111111111
1111111011011111110111111110011101111111111111101111111111111111111111111111111101111111111111111111111111011111111111011111110111110111111111111111111111111111111111101111118111111111111111111111111111
1111110111101111001111111111101010111111111111011111111111111111111111111111111101111111111111111111111111011111111111011111110111101111111111111111111111111111111111110111118111111111111111111111111111
1111101111110100111111111111100110111111111100111111111111111111111111111111111110111111111111111111111111011111111111011111110111011111111111111111111111111111111111111011111811111111111111111111111111
1111011111111011111111111110011111011111111011111111111111111111111111111111111110111111111111111111111111001111111111011111110110111111111111111111111111111111111111111101111181111111111111111111111111
1110111111110101111111111001111111101110000111111111111111111111111111111111111110111111111111111111111110010000000011011111110101111111111111111111111111111111111111111110111118111111111111111111111111
1101111110001110111111110111111111101101111111111111111111111111111111111111111111011111111111111111111101011111111100011111110011111111111111111111111111111111111111110000011111811111111111111111111111
1101111001111100011111001111111111110011111111111111111111111111111111111111111111011111111111111111111011101111111111011111100111111111111111111111111111111111111111101111111111811111111111111111111111
1110100111110011101110111111111111110111111111111111111111111111111111111111111111011111111111111111110111101111111111011111010111111111111111111111111111111111111111011111111111181111111111111111111111
1110011111101111110101111111111111100111111111111111111111111111111111111111111111011111111111111111101111110111111111011100111011111111111111111111111111111111111100111111111111118111111111111111111111
1110111111011111110011111111111110010111111111111111111111111111111111111111111111011111111111111111011111110111111111011011111011111111111111111111111111111111100011111111111111111811111111111111111111
1110111110111111101101111111111101111011111111111111111111111111111111111111111111011111111111111110111111110111111111010111111011111111111111111111111111110000011111111111111111111811111111111111111111
1110110001111111011110111111111011111101111111111111111111111111111111111111111111101111111111111001111111110111111111001111111011111111111111111111111111101111111111111111111111111118111111111111111111
1110101111111110111110111111110111111110111111111111111111111111111111111111111111101111111111110111111111110111111110111111111011111111111111111111111111011111111111111111111111111118111111111111111111
1111011111111001111111011111101111111110111111111111111111111111111111111111111111101111111111101111111111110111111101111111111011111111111111111111000000111111111111111111111111111111181111111111111111
1111101111110111111111101100011111111111011111111111111111111111111111111111111111101111111111011111111111110111111011111111111011111111111111100000111111111111111111111111111111111111181111111111111111
1111110011001111111111100011111111111111011111111111111111111111111111111111111111101111111110111111111111110111110111111111111011111100000000011111111111111111111111111111111111111111118111111111111111
1111111100111111111111101111111111111111011111111111111111111111111111111111111111101111111101111111111111110110001111111111111011111011110111111111111111111111111111111111111111111111111811111111111111
1111111110111111111111001111111111111111101111111111111111111111111111111111111111110111111011111111111111110101111111111111110000000111110111111111111111111111111111111111111111111111111811111111111111
1111111111011111111100101111111111111111110111111111111111111111111111111111111111110111110110000000000000000000000000000000001011111111110111111111111111111111111111111111111111111111111811111111111111
1111111111011111111011110111111111111111111011111111111111111111111111111111111111111011001001111111111111111111111111011111111011111111110111111111111111111111111111111111111111111111111181111111111111
1111111111011111100111111011111111111111111011111111111111111111111111111111111111111100100111111111111111111111111111011111111101111111110111111111111111111111111111111111111111111111111181111111111111
1111111111011000011111111101111111111111111011111111111111111111111111111111111111111100011111111111111111111111111111011111111101111111110111111111111111111111111111111111111111111111111118111111111111
1111111111010111111111111110111111111111111101111111111111111111111111111111111110000001111111111111111111111111111111011111111101111111110111111111111111111111111111111111111111111111111111811111111111
1111111111001111111111111111011111111111111110111111111111111111111111111111111101111101111111111111111111111111111111011111111110111111110111111111111111111111111111111111111111111111111111181111111111
1111111111011111111111111111011111111111111110111111110000000000000000000000000011111101111111111111111111111111111111011111111110111111110111111111111111111111111111111111111111111111111111181111111111
1111111111011111111111111111011111111111111110111000000111111111011111111111111111111101111111111111111111111111111111011111111110111111110111111111111111111111111111111111111111111111111111118111111111
1111111111011111111111111111101111111000000000000011110111111111011111111111111111111101111111111111111111111111111111011111111110111111110111111111111111111111111111111111111111111111111111118111111111
1111111111011111111111111111110111110110111110111011110111111111011111111111111111111101111111111111111111111111111111011111111110111111110111111111111111111111111111111111111111111111111111111811111111
1111111111011111111111111111110111101101111101111011110111111111011111111111111111111101111111111111111111111111111111101111111110111111110111111111111111111111111111111111111111111111111111111811111111
1111111111011111111111110000000000011011111101111011110111111111011111111111111111111101111111111111111111111111111111101111111110111111110111111111111111111111111111111111111111111111111111111181111111
1111111111011111111110001111111111110111111101111011110111111111011111111111111111111101111111111111111111111111111111101111111110111111110111111111111111111111111111111111111111111111111111111181111111
1111111111101111111001111111111111101111111101111011110111111111011111111111111111111101111111111111111111111111111111110111111110111111110111111111111111111111111111111111111111111111111111111118111111
1111111111101111100111111111111111011111111101111011110111111111011111111111111111111110111111111111111111111111111111110111111110111111110111111111111111111111111111111111111111111111111111111118111111
1111111111101111011111111111111110111111111100001011111011111111011111111111111111111110111111111111111111111111111111110111111110111111110111111111111111111111111111111111111111111111111111111111811111
1111111111101100111111111111111101111111111011110000000001111111011111111111111111111110111111111111111111111111111111110111111110111111110111111111111111111111111111111111111111111111111111111111811111
1111111111100011111111111111111011111111111011111011111101111111011111111111111111111110111111111111111111111111111111110111111110111111110111111111111111111111111111111111111111111111111111111111811111
1111111111101111111111111111110111111111111011111011111101111111011111111111111111111110111111111111111111111111111111111011111110111111110111111111111111111111111111111111111111111111111111111111811111
1111111111101111111111111111101111111111111011111011111101111111011111111111111111111110111111111111111111111111111111111011111110111111111011111111111111111111111111111111111111111111111111111111811111
1111111111101111111111111111011111111111110111110111111101111111011111111111111111111110111111111111111111111111111111111011111111011111111011111111111111111111111111111111111111111111111111111111811111
1111111111101111111111111110111111111111110111101111111101111111011111111111111111111111011111111111111111111111111111100011111111011111111011111111111111111111111111111111111111111111111111111111811111
1111111111101111111111111101111111111111101111101111111101111111011111111111111111111111011111111111111111111111111110011111111111011111111011111111111111111111111111111111111111111111111111111111811111
1111111111101111111111111011111111111111101111101111111101111111011111111111111111111111011111111111111111111111111101111111111111011111111011111111111111111111111111111111111111111111111111111111811111
1111111111101111111111100111111111111111101111101111111101111111101111111111111111111111011111111111111111111111100011111111111111011111111011111111111111111111111111111111111111111111111111111111811111
1111111111101111111111011111111111111111101111011111111101111111101111111111111111111111011111111111111111111111011111111111111111011111111101111111111111111111111111111111111111111111111111111111811111
1111111111101111111110111111111111111111101111000000000001111111101111111111111111111111011111111111111111111110111111111111111000000000000001111111111111111111111111111111111111111111111111111111811111
1111111111101111111101111111111111111111000000011111111101111111101111111111111111111111011111111111111111111110111111111111110111111111111101111111111111111111111111111111111111111111111111111111811111
1111111111101111111011111111111111111111111111011111111101111111110111111111111111111111011111111111111111111101111111111000001111111111111101111111111111111111111111111111111111111111111111111111811111
1111111111101111100111111111111111111111111111011111111101111111111011111111111111111111101111111111111111111011111111110111111111111111111101111111111111111111111111111111111111111111111111111111811111
1111111111101111011111111111111111111111111111011111111101111111111011111111111111111111101111111111111111111011111111001111111111111111111011111111111111111111111111111111111111111111111111111118111111
1111111111101110111111111111111111111111111111011111111101111111111011111111111111111111101111111111111111110100000000111111111111111111111011111111111111111111111111111111111111111111111111111118111111
1111111111101101111111111111111111111111111111101111111101111111111011111111111111111111101100000000000000000011111111111111111111111111111011111111111111111111111111111111111111111111111111111118111111
1111111111101011111111111111111111111111111111101111111101111111111011111111111111111111000011111111111111110111111111111111111111111111111011111111111111111111111111111111111111111111111111111181111111
1111111111100111111111111111111111111111111111101111111110111111111000000000000000000000101111111111111111111011111111111111111111111111111011111111111111111111111111111111111111111111111111111181111111
1111111111100000000000000000000000000000011111101111111110111111111011111111111111111111110111111111111111111011111111111111111111111111111011111111111111111111111111111111111111111111111111111811111111
1111111111110111111111111111111111111111100000001111111110111111111011111111111111111111111011111111111111111011111111111111111111111111111011111111111111111111111111111111111111111111111111111811111111
1111111111110111111111111111111111111111111111110111111110111111111011111111111111111111111011111111111111111011111111111111111111111111111011111111111111111111111111111411111111111111111111118111111111
1111111111110111111111111111111111111111111111110111111110111111111011111111111111111111111011111111111111111101111111111111111111111111111011111111111111111111111111114444411111111111111111181111111111
1111111111110111111111111111111111111111111111110111111111011111111011111111111111111111111011111111111111111101111111111111111111111111111011111111111111111111111111144444444441111111111111181111111111
1111111111110111111111111111111111111111111111110111111111011111111011111111111111111111111011111111111111111101111111111111111111111111111011111111111111111111111111144444444444444111111111811111111111
1111111111110111111111111111111111111111111111110111111111011111111011111111111111111111111011111111111111111110111111111111111111111111111011111111111111111111111111144444444444444444411118111111111111
1111111111110111111111111111111111111111111111110111111111011111111011111111111111111111111011111111111111111110111111111111111111111111111011111111111111111111111111144444444444444444411118111111111111
1111111111110111111111111111111111111111111111110111111111011111111011111111111111111111111011111111111111111110111111111111111111110000000011111111111111111111111111444444444444444444111181111111111111
1111111111111011111111111111111111111111111111111011111111011111111011111111111111111111111011111111111111111110111111110000000000001111110111111111111111111111111111444444444444444444111181111111111111
1111111111111011111111111111111111111111111111111011111100011111111011111111111111111111111011111111111111111110100000001111111111111111101111111111111111111111111111444444444444444444111811111111111111
1111111111111101111111111111111111111111111111111011100011011111111011111111111111111111111011111111111111000000011111111111111111111111011111111111111111111111111114444444444444444441111811111111111111
1111111111111110111111111111111111111111111111111000011111011111111011111111111111111111111011111111100000111111111111111111111111111110111111111111111111111111111114444444444444444441118111111111111111
1111111111111111011111111111111111111111111111111111111111101111111101111111111111111111111000000000011111111111111111111111111111111101111111111111111111111111111114444444444444444441181111111111111111
1111111111111111101111111111111111111111111111111111111111101111111101111111111111111111111011111111111111111111111111111111111111111011111111111111111111111111111144444444444444444411181111111111111111
1111111111111111110111111111111111111111111111111111111111101111111101111111111111111111111011111111111111111111111111111111111111110111111111111111111111111111111144444444444444444411811111111111111111
1111111111111111110111111111111111111111111111111111111111101111111101111111111111111111111101111111111111111111111111111111111111101111111111111111111111111111111144444444444444444411811111111111111111
1111111111111111111011111111111111111111111111111111111111101111111101111111111111111111111101111111111111111111111111111111111111011111111111111111111111111111111444444444444444444118111111111111111111
1111111111111111111011111111111111111111111111111111111111101111111101111111111111111111111101111111111111111111111111111111111110111111111111111111111111111111111444444444444444444118111111111111111111
1111111111111111111101111111111111111111111111111111111111101111111110111111111111111111111101111111111111111111111111111111111101111111111111111111111111111111111444444444444444444444444444444411111111
1111111111111111111101111111111111111111111111111111111111101111111110111111111111111111111101111111111111111111111111111111111011111111111111111111111111111111114444444444444444444444444444444111111111
1111111111111111111101111111111111111111111111111111111111101111111110111111111111111111111101111111111111111111111111111111110111111111111111111111111111111111114444444444444444444444444444444111111111
1111111111111111111101111111111111111111111111111111111111101111111110111111111111111111111101111111111111111111111111111111101111111111111111111111111111111111114444444444444444444444444444441111111111
1111111111111111111101111111111111111111111111111111111111101111111110111111111111111111111101111111111111111111111111111111101111111111111111111111111111111111144444444444444444444444444444441111111111
1111111111111111111101111111111111111111111111111111111111110111111110111111111111111111111101111111111111111111111111111111011111111111111111111111111111111111144444444444444444444444444444441111111111
1111111111111111111110111111111111111111111111111111111111110111111110111111111111111111111101111111111111111111111111111110111111111111111111111111111111111111144444444444444444444444444444411111111111
1111111111111111111110111111111111111111111111111111111111110111111110111111111111111111111101111111111111111111111111111101111111111111111111111111111111111111444444444444444444444444444444411111111111
1111111111111111111111011111111111111111111111111111111111110111111110111111111111111111111101111111111111111111111111111011111111111111111111111111111111111111444444444444444444444444444444111111111111
1111111111111111111111101111111111111111111111111111111111110111111110111111111111111111111101111111111111111111111111110111111111111111111111111111111111111111444444444444444444444444444444111111111111
1111111111111111111111110111111111111111111111111111111111110111111111011111111111111111111001111111111111111111111111101111111111111111111111111111111111111114444444444444444444444444444441111111111111
1111111111111111111111110111111111111111111111111111111111110000000000000000000000000000000101111111111111111111111111011111111111111111111111111111111111111114444444444444444444444444444441111111111111
1111111111111111111111110111111111111111111111111111111111110111111111111111111111111111111110111111111111111111111110111111111111111111111111111111111111111114444444444444444444444444444441111111111111
1111111111111111111111110111111111111111111111111111111111110111111111111111111111111111111110111111111111111111111110111111111111111111111111111111111111111144444444444444444444444444444411111111111111
1111111111111111111111110111111111111111111111111111111111110111111111111111111111111111111111011111111111111111111101111111111111111111111111111111111111111144444444444444444444444444444411111111111111
1111111111111111111111110111111111111111111111111111111111110111111111111111111111111111111111011111111111111111111011111111111111111111111111111111111111111144444444444444444444444444444111111111111111
1111111111111111111111111011111111111111111111111111111111110111111111111111111111111111111111101111111111111111110111111111111111111111111111111111111111111444444444444444444444444444444111111111111111
1111111111111111111111111101111111111111111111111111111111110111111111111111111111111111111111101111111111111111101111111111111111111111111111111111111111111444444444444444444444444444444111111111111111
1111111111111111111111111101111111111111111111111111111111111011111111111111111111111111111111101111111111111111011111111111111111111111111111111111111111111444444444444444444444444444441111111111111111
1111111111111111111111111110111111111111111111111111111111111011111111111111111111111111111111101111111111111110111111111111111111111111111111111111111111114444444444444444444444444444441111111111111111
1111111111111111111111111111011111111111111111111111111111111011111111111111111111111111111111101111111111111101111111111111111111111111111111111111111111114444444444444444444444444444411111111111111111
1111111111111111111111111111011111111111111111111111111111111011111111111111111111111111111111101111111111111011111111111111111111111111111111111111111111114444444444444444444444444444411111111111111111
1111111111111111111111111111011111111111111111111111111111111011111111111111111111111111111111101111111111111001111111111111111111111111111111111111111111144444444444444444444444444444111111111111111111
1111111111111111111111111111011111111111111111111111111111111011111111111111111111111111111111101111111111110110011111111111111111111111111111111111111111144444444444444444444444444444111111111111111111
1111111111111111111111111111011111111111111111111111111111111101111111111111111111111111111111101111111111101111100011111111111111111111111111111111111111144444444444444444444444444444111111111111111111
1111111111111111111111111111011111111111111111111111111111111101111111111111111111111111111111101111111111011111111101111111111111111111111111111111111111444444444444444444444444444441111111111111111111
1111111111111111111111111111011111111111111111111111111111111101111111111111111111111111111111101111111111011111111011111111111111111111111111111111111111444444444444444444444444444441111111111111111111
1111111111111111111111111111101111111111111111111111111111111101111111111111111111111111111111101111111110111111111011111111111111111111111111111111111111444444444444444444444444444411111111111111111111
1111111111111111111111111111101111111111111111111111111111111101111111111111111111111111111111101111111101111111111011111111111111111111111111111111111114444444444444444444444444444411111111111111111111
1111111111111111111111111111101111111111111111111111111111111101111111111111111111111111111111110111111011111111111011111111111111111111111111111111111114444444444444444444444444444411111111111111111111
1111111111111111111111111111110111111111111111111111111111111101111111111111111111111111111111110111110111111111110111111111111111111111111111111111111114444444444444444444444444444111111111111111111111
1111111111111111111111111111110111111111111111111111111111111101111111111111111111111111111111110111101111111111101111111111111111111111111111111111111144444444444444444444444444444111111111111111111111
1111111111111111111111111111110111111111111111111111111111111101111111111111111111111111111111110111011111111111101111111111111111111111111111111111111144444444444444444444444444441111111111111111111111
1111111111111111111111111111110111111111111111111111111111111101111111111111111111111111111111110110111111111111011111111111111111111111111111111111111144444444444444444444444444441111111111111111111111
1111111111111111111111111111111011111111111111111111111000000000000000000000000000000000000001110101111111111110111111111111111111111111111111111111111444444444444444444444444444411111111111111111111111
1111111111111111111111111111111011111111111111111111000111111111111111111111111111111111111110000000111111111110111111111111111111111111111111111111111444444444444444444444444444411111111111111111111111
1111111111111111111111111111111101111111111111111000111111111111111111111111111111111111111111110111000111111110111111111111111111111111111111111111111444444444444444444444444444411111111111111111111111
1111111111111111111111111111111101111110000000000111111111111111111111111111111111111111111111101111111011111110111111111111111111111111111111111111114444444444444444444444444444111111111111111111111111
1111000001111111111111111111111101111101111111111111111111111111111111111111111111111111111111011111111101111110111111111111111111111111111111111111114444444444444444444444444444111111111111111111111111
1111011110000000000111111111111101111011111111111111111111111111111111111111111111111111111110111111111110000010111111111111111111111111111111111111114444444444444444444444444441111111111111111111111111
1111011111111111111000000000011110100111111111111111111111111111111111111111111111111111111101111111111111111101111111111111111111111111111111111111144444444444444444444444444441111111111111111111111111
1111011111111111111111111111100000000011111111111111111111111111111111111111111111111111111011111111111111111111111111111111111111111111111111111111144444444444444444444444444441111111111111111111111111
1111011111111111111111111111111111011100011111111111111111111111111111111111111111111111110111111111111111111111111111111111111111111111111111111111144444444444444444444444444411111111111111111111111111
1111011111111111111111111111111111011111100111111111111111111111111111111111111111111111101111111111111111111111111111111111111111111111111111111111144444444444444444444444444411111111111111111111111111
1111011111111111111111111111111111011111111000000000000000111111111111111111111111111111011111111111111111111111111111111111111111111111111111111111144444444444444444444444444411111111111111111111111111
1111011111111111111111111111111110111111111111111101111111000000000000000000000000011110111111111111111111111111111111111111111111111111111111111111144444444444444444444444444411111111111111111111111111
1111011111111111111111111111111110111111111111111101111111111111111101111111111111100000011111111111111111111111111111111111111111111111111111111111144444444444444444444444444411111111111111111111111111
1111011111111111111111111111111110111111111111111101111111111111111101111111111111111101100001111111111111111111111111111111111111111111111111111111144444444444444444444444444411111111111111111111111111
1110111111111111111111111111111110111111111111111101111111111111111101111111111111111101111110000000011111111111111111111111111111111111111111111111444444444444444444444444444411111111111111111111111111
1110111111111111111111111111111110111111111111111101111111111111111101111111111111111101111111111111000000000000011111111111111111111111111111111111444444444444444444444444444411111111111111111111111111
1110111111111111111111111111111110111111111111111101111111111111111101111111111111111011111111111111011111111111101111111111111111111111111111111111444444444444444444444444444411111111111111111111111111
1110111111111111111111111111111110111111111111111101111111111111111101111111111111111011111111111111011111111111110001111111111111111111111111111111444444444444444444444444444411111111111111111111111111
1110111111111111111111111111111101111111111111111101111111111111111011111111111111111011111111111111011111111111111101111111111111111111111111111111444444444444444444444444444411111111111111111111111111
1110111111111111111111111111111011111111111111111101111111111111111011111111111111110111111111111111011111111111111101111111111111111111111111111111444444444444444444444444444441111111111111111111111111
1110111111111111111111111111111011111111111111111101111111111111111011111111111111110111111111111111011111111111111101111111111111111111111111111114444444444444444444444444444444441111111111111111111111
1100000000000000001111111111111011111111111111111101111111111111111011111111111111110111111111111111011111111111111011111111111111111111111111111114444444444444444444444444444444444441111111111111111111
1111111111111111110011111111111011111111111111111101111111111111111011111111111111101111111111111111011111111111111011111111111111111111111111111114444444444444444444444444444444444444441111111111111111
1111111111111111111101111111111011111111111111111101111111111111111011111111111111101111111111111111011111111111111011111111111111111111111111111114444444444444444444444444444444444444444441111111111111
1111111111111111111110000000000000111111111111111101111111111111111011111111111111101111111111111111011111111111111011111111111111111111111111111114444444444444444444444444444444444444444444441111111111
1111111111111111111111111111111111000000000001111101111111111111111011111111111111101111111111111111011111111111111011111111111111111111111111111114444444444444444444444444444444444444444444444441111111
1111111111111111111111111111111111111111111110001101111111111111111011111111111111101111111111111111011111111111111011111111111111111111111111111144444444444444444444444444444444444444444444444444441111
1111111111111111111111111111111111111111111111110101111111111111111011111111111111101111111111111111011111111111111011111111111111111111111111111144444444444444444444444444444444444444444444444444444441
1111111111111111111111111111111111111111111111111000000000000000001011111111111111101111111111111111011111111111111011111111111111111111111111111144444444444444444444444444444444444444444444444444444441
1111111111111111111111111111111111111111111111111111111111111111110000111111111111101111111111111110111111111111111011111111111111111111111111111144444444444444444444444444444444444444444444444444444441
1111111111111111111111111111111111111111111111111111111111111111111111000000111111101111111111111110111111111111111011111111111111111111111111111144444444444444444444444444444444444444444444444444444441
1111111111111111111111111111111111111111111111111111111111111111111111111111000000000000000111111110111111111111110111111111111111111111111111111444444444444444444444444444444444444444444444444444444441
1111111111111111111111111111111111111111111111111111111111111111111111111111111111111111111000001110111111111111110111111111111111111111111111111444444444444444444444444444444444444444444444444444444441
1441111111111111111111111111111111111111111111111111111111111111111111111111111111111111111111110000001111111111110111111111111111111111111111111444444444444444444444444444444444444444444444444444444441
1444111111111111111111111111111111111111111111111111111111111111111111111111111111111111111111111111110000111111110111111111111111111111111111111444444444444444444444444444444444444444444444444444444441
1444444111111111111111111111111111111111111111111111111111111111111111111111111111111111111111111111111111000000000111111111111111111111111111111444444444444444444444444444444444444444444444444444444441
1444444444111111111111111111111111111111111111111111111111111111111111111111111111111111111111111111111111111111111111111111111111111111111111111444444444444444444444444444444444444444444444444444444441
1444444444444111111111111111111111111111111111111111111111111111111111111111111111111111111111111111111111111111111111111111111111111111111111114444444444444444444444444444444444444444444444444444444441
1444444444444444111111111111111111111111111111111111111111111111111111111111111111111111111111111111111111111111111111111111111111111111111111114444444444444444444444444444444444444444444444444444444441
1444444444444444444111111111111111111111111111111111111111111111111111111111111111111111111111111111111111111111111111111111111111111111111111114444444444444444444444444444444444444444444444444444444441
1444444444444444444444444444444444411111111111111111111111111111111111111111111111111111111111111111111111111111111111111111111111111111111111114444444444444444444444444444444444444444444444444444444441
1444444444444444444444444444444444444111111111111111111111111111111111111111111111111111111111111111111111111111111111111111111111111111111111114444444444444444444444444444444444444444444444444444444441
1444444444444444444444444444444444444441111111111111111111111111111111111111111111111111111111111111111111111111111111111111111111111111111111114444444444444444444444444444444444444444444444444444444441
1444444444444444444444444444444444444444411111111111111111111111111111111111111111111111111111111111111111111111111111111111111111111111111111144444444444444444444444444444444444444444444444444444444441
1444444444444444444444444444444444444444444111111111111111111111111111111111111111111111111111111111111111111111111111111111111111111111111111144444444444444444444444444444444444444444444444444444444441
1444444444444444444444444444444444444444444411111111111111111111111111111111111111111111111111111111111111111111111111111111111111111111111111144444444444444444444444444444444444444444444444444444444441
1444444444444444444444444444444444444444444441111111111111111111111111111111111111111111111111111111111111111111111111111111111111111111111111144444444444444444444444444444444444444444444444444444444441
1444444444444444444444444444444444444444444444111111111111111111111111111111111111111111111111111111111111111111111111111111111111111111111111144444444444444444444444444444444444444444444444444444444441
1444444444444444444444444444444444444444444444411111111111111111111111111111111111111111111111111111111111111111111111111111111111111111111111144444444444444444444444444444444444444444444444444444444441
1444444444444444444444444444444444444444444444441111111111111111111111111111111111111111111111111111111111111111111111111111111111111111111111444444444444444444444444444444444444444444444444444444444441
1444444444444444444444444444444444444444444444444444444444111111111111111111111111111111111111111111111111111111111111111111111111111111111111444444444444444444444444444444444444444444444444444444444441
1444444444444444444444444444444444444444444444444444444444444444444411111111111111111111111111111111111111111111111111111111111111111111111111444444444444444444444444444444444444444444444444444444444441
1444444444444444444444444444444444444444444444444444444444444444444444444444411111111111111111111111111111111111111111111111111111111111111111444444444444444444444444444444444444444444444444444444444441
1444444444444444444444444444444444444444444444444444444444444444444444444444444444444411111111111111111111111111111111111111111111111111111111444444444444444444444444444444444444444444444444444444444441
1444444444444444444444444444444444444444444444444444444444444444444444444444444444444444444441111111111111111111111111111111111111111111111111444444444444444444444444444444444444444444444444444444444441
1111111111111111111111111111111111111111111111111111111111111111111111111111111111111111111111111111111111111111111111111111111111111111111111111111111111111111111111111111111111111111111111111111111111