1111111111111111111111111111111111111111111111111111111111111111111111111111111111111111111111111111111111111111111111111111111111111111111111111111111111111111111111111111111111111111111111111111111111
1111111111111111111111111111111111111111111111111111111111111111111111111111111111111111111188888888888888888888811111111111111111111111111111111111111111111111111111111111111111111111111111111111111111
1111111111111111111111111111111111111111111111111111111111111111111111111111111111111888888888888888888888888888888111111111111111111111111111111111111111111111111111111111111111111111111111111111111111
1111111111111111111111111111111111111111111111111111111111111111111111111111118888888888888888888888888888888888888881111111111111111111111111111111111111111111111111111111111111111111111111111111111111
1111111111111111111111111111111111111111111111111111111111111111111111888888888888888888888811111111111111111111118888881111111111111111111111111111111111111111111111111111111111111111111111111111111111
1111111111111111111111111111111111111111111111111111111111111118888888888888888888888111100000000000000000001111111888888811111111111111111111111111111111111111111111111111111111111111111111111111111111
1111111111111111111111111111111111111111111111111111111888888888888888888888881111111000011111111111111111100000111111888888111111111111111111111111111111111111111111111111111111111111111111111111111111
1111111111111111111111111111111111111111111111118888888888888888888888111000000000000111111111111111111111011111000001188888881111111111111111111111111111111111111111111111111111111111111111111111111111
1111111111111111111111111111111111111111188888888888888888888811111111110011111101111111111111111111111110111111110110001188888881111111111111111111111111111111111111111111111111111111111111111111111111
1111111111111111111111111111111111188888888888888888888111111100000000000111111110111111111111111111111110111111110111110111888888811111111111111111111111111111111111111111111111111111111111111111111111
1111111111111111111111111111188888888888888888881111111111000011111111101111111110111111111111111111111110111111110111110001118888888811111111111111111111111111111111111111111111111111111111111111111111
1111111111111111111111118888888888811111111111111111111110110111111111011111111110111111111111111111111110111111101111101110111188888888111111111111111111111111111111111111111111111111111111111111111111
1111111111111111111111888888811111111111111111111111110001101111111110111111111111011111111111111111111110111111101111101111011111888888881111111111111111111111111111111111111111111111111111111111111111
1111111111111111111188881111111111111111111111111111101111011111111101111111111111101111111111111111111110111111101111101111100111118888888811111111111111111111111111111111111111111111111111111111111111
1111111111111111118888111111111111111111111111000000011110111111111011111111111100001111111111111111111110111111101111101111111011111118888888811111111111111111111111111111111111111111111111111111111111
1111111111111111888811111111111111111111111110111111111001111111110111111111111011110111111111111111111000111111101111101111111100111111188888888111111111111111111111111111111111111111111111111111111111
1111111111111188881111111111111111111111111101111111110110111111101111111111110111111011111111111111000110111111101111101111111101011111111888888881111111111111111111111111111111111111111111111111111111
1111111111118888111111111111111111111111000011111111101111011111101111111111101111111101111111111110111110111111011111011111111101100111111118888888811111111111111111111111111111111111111111111111111111
1111111111888811111111111111111110000000111111111110011111101111011111111110011111111110111111111101111101111111011111011111111101111011111111118888888811111111111111111111111111111111111111111111111111
1111111188881111111111111111111101011111111111110001111111110110101111111101111111111111011111111011111101111111011111011111111101111101111111111188888888111111111111111111111111111111111111111111111111
1111118888111111111111111111110011011111111111001111111111111001110111111011111111111111101111100111111101111111011111011111111101111110111111111111188888888111111111111111111111111111111111111111111111
1111888811111111111111111111101111101111111110111111111111110101111011110111111111111111110111011111111101111111011111011111111101111111011111111111111888888881111111111111111111111111111111111111111111
1188881111111111111111110000011111101111111001111111111111101110111101001111111111111111111000111111111011111111011111011111111101111111100111111111111188888888111111111111111111111111111111111111111111
1888111111111111111111101111111111110111110111111111111111011110111110111111111111111111100011111111111001111111011110111111111101111111111001111111111111888888881111111111111111111111111111111111111111
1881111111111111111111001111111111110111101111111111111100111111011101011111111111111111011011111111110010001110111101111111111101111111111110111111111111188888888111111111111111111111111111111111111111
1111111111111111111100110111111111111010011111111111110011111111100011101111111111111110111101111111100111110000000011111111111011111111111111000001111111118888888811111111111111111111111111111111111111
1111111111111111100011111011111111111101111111111111001111111111011111110111111111111001111110110000010111111110111001111111111011111111111111111110111111111888888881111111111111111111111111111111111111
1111111111111111011111111011111111111010111111111110111111111110111111111011111111110111111111001111101111111101111010000000000011111111111111111111001111111188888888111111111111111111111111111111111111
1111111111111110011111111011111111110111011111111101111111111101111111111011111111101111111111011111101111111101111011101111111011111111111111111111100111111111888888881111111111111111111111111111111111
1111111111111101011111111011111111001011101111111011111111100011111111111101111111110111111110101111011111111101110111101111111011111111111111111111011111111111188888888111111111111111111111111111111111
1111111111111011011111111101111110111101101111110101111110011111111111111110111111111011111101110111011111111101110111101111111011111111111111111110111111111111118888888811111111111111111111111111111111
1111111111110111011111111110111101111101110111001110111101111111111111111110111111111011110011110111011111111011101111101111111011111111111111111101111111111111111888888881111111111111111111111111111111
1111111111110111011111111111011011111110110000111110111011111111111111111111011111111101101111110111011111110111011111101111111011111111111111111011111111111111111188888888111111111111111111111111111111
1111111111101111011111111111100111111110110111111111010111111111111111111111101111111110000111111010111111101111011111101111111011111111111100000111111111111111111111888888881111111111111111111111111111
1111111111011111011111111111101111111110101111111111001111111111111111111111110111110001111000000000000000000000000000001111111011111111111011111111111111111111111111188888888111111111111111111111111111
1111111110111111011111111111110111111111011111111110111111111111111111111111110111101111111111111111111111011111111111010000000011111111100111111111111111111111111111118888888811111111111111111111111111
1111111110111000101111111111110111111110111111111101111111111111111111111111111000011111111111111111111111011111111111011111111011111111011111111111111111111111111111111888888881111111111111111111111111
1111111111010111110000011111110111111101111111111011111111111111111111111111111011111111111111111111111111011111111111011111111011111110111111111111111111111111111111111188888888111111111111111111111111
1111111111001111111100101111111011111011111111000111111111111111111111111111111101111111111111111111111111011111111111011111111011111101111111111111111111111111111111111111888888881111111111111111111111
1111111110101111111011110111111011000111111110111111111111111111111111111111111110111111111111111111111111011111111111011111111011111011111111111111111111111111111111111111188888888111111111111111111111
1111111101101111100111111001111100111111111101111111111111111111111111111111111110111111111111111111111111011111111111011111111011110111111111111111111111111111111111111111118888888811111111111111111111
1111111011101110011111111110001001111111111011111111111111111111111111111111111111011111111111111111111111011111111111011111111011101111111111111111111111111111111111111111118888888881111111111111111111
1111110111110101111111111111110101111111110111111111111111111111111111111111111111011111111111111111111111011111111111011111110111011111111111111111111111111111111111111111111888888888111111111111111111
1111001111100011111111111111101110111111001111111111111111111111111111111111111111011111111111111111111111000000111111011111110110111111111111111111111111111111111111111111111188888888881111111111111111
1110111111011101111111111111011110111110111111111111111111111111111111111111111111011111111111111111111110011111011111011111110001111111111111111111111111111111111111111111111118888888888111111111111111
1101111110111110111111111110111111011101111111111111111111111111111111111111111111101111111111111111111101011111100000011111110111111111111111111111111111111111111111111111111111888888888811111111111111
1101111001111111011111111001111111101011111111111111111111111111111111111111111111101111111111111111111011011111111111011111100111111111111111111111111111111111111111111111111111888888888881111111111111
1101100111111100101111100111111111110111111111111111111111111111111111111111111111101111111111111111110111011111111111011111010111111111111111111111111111111111111111111111111111188888888888811111111111
1110011111110011110110011111111111100111111111111111111111111111111111111111111111110111111111111111101111011111111111011000110111111111111111111111111111111111111111111111111111118888888888888111111111
1111011111101111111001111111111111010111111111111111111111111111111111111111111111111011111111111111011111011111111111010111110111111111111111111111111111111111111111111111111111111888888888888811111111
1111011111011111110101111111111110110111111111111111111111111111111111111111111111111011111111111110111111011111111111001111110111111111111111111111111111111111111111111111111111111888888881118888111111
1111011110111111001101111111111001111011111111111111111111111111111111111111111111111011111111111101111111011111111111011111110111111111111111111111111111111111111111111111111111111118888888111888881111
1111011001111110111110111111110111111101111111111111111111111111111111111111111111111011111111111011111111011111111100111111110111111111111111111111111111111111111111111111111111111118888888111118888811
1111000111111101111111011111001111111110111111111111111111111111111111111111111111111101111111100111111111011111110011111111110111111111111111111111111111111111111111111111111111111111188888811111188881
1111100111110011111111011110111111111110111111111111111111111111111111111111111111111101111110011111111111011111001111111111111011111111111111111111111111111111111111111111111111111111188888811111111881
1111111011001111111111101101111111111111011111111111111111111111111111111111111111111101111101111111111111101110111111111111111011111110000111111111111111111111111111111111111111111111118888881111111111
1111111100111111111111100011111111111111101111111111111111111111111111111111111111111101111011111111111111101101111111111111111011100001110111111111111111111111111111111111111111111111111888881111111111
1111111110111111111111010111111111111111101111111111111111111111111111111111111111111101110111111111111111110011111111111111100000011111110111111111111111111111111111111111111111111111111888888111111111
1111111111011111111100110111111111111111101111111111111111111111111111111111111111111101101111111111111110000000000000000000011011111111110111111111111111111111111111111111111111111111111888888111111111
1111111111011111111011111011111111111111101111111111111111111111111111111111111111111101011111110000000001111111111111011111111011111111110111111111111111111111111111111111111111111111111188888811111111
1111111111011111100111111011111111111111101111111111111111111111111111111111111111111100111110001111111111111111111111101111111011111111110111111111111111111111111111111111111111111111111188888811111111
1111111111011110011111111011111111111111110111111111111111111111111111111111111111100000000001111111111111111111111111101111111011111111111011111111111111111111111111111111111111111111111118888881111111
1111111111011101111111111101111111111111111011111111111111111111111111111111111110011101111111111111111111111111111111101111111011111111111011111111111111111111111111111111111111111111111111888881111111
1111111111011011111111111110111111111111111101111111111111111111111110000000000001111101111111111111111111111111111111101111111011111111111011111111111111111111111111111111111111111111111111188888111111
1111111111000111111111111110111111111111111110111100000000000000000001111111111111111110111111111111111111111111111111101111111011111111111011111111111111111111111111111111111111111111111111188888111111
1111111111011111111111111111011111111111111110100011110111111111011111111111111111111110111111111111111111111111111111101111111011111111111011111111111111111111111111111111111111111111111111118888811111
1111111111011111111111111111101111111111000000011011110111111111011111111111111111111110111111111111111111111111111111101111111011111111111011111111111111111111111111111111111111111111111111118888811111
1111111111011111111111111111101111111100111101111011110111111111011111111111111111111110111111111111111111111111111111101111111011111111111101111111111111111111111111111111111111111111111111111888881111
1111111111011111111111111111110111100011111101111011110111111111011111111111111111111110111111111111111111111111111111101111111011111111111101111111111111111111111111111111111111111111111111111888881111
1111111111101111111111111111100000010111111101111011111011111111011111111111111111111110111111111111111111111111111111101111111011111111111101111111111111111111111111111111111111111111111111111188888111
1111111111101111111111000000011111101111111101111011111011111111101111111111111111111110111111111111111111111111111111101111111011111111111101111111111111111111111111111111111111111111111111111188888111
1111111111101111111110111111111110011111111101111011111011111111101111111111111111111110111111111111111111111111111111101111111011111111111101111111111111111111111111111111111111111111111111111118888811
1111111111101111111001111111111101111111111101111011111011111111101111111111111111111110111111111111111111111111111111101111111011111111111101111111111111111111111111111111111111111111111111111118888811
1111111111101110000111111111111011111111111100011011111011111111101111111111111111111110111111111111111111111111111111101111111011111111111101111111111111111111111111111111111111111111111111111111888881
1111111111101001111111111111110111111111111011100000000001111111101111111111111111111110111111111111111111111111111111101111111011111111111101111111111111111111111111111111111111111111111111111111888881
1111111111100111111111111111101111111111111011110111111101111111101111111111111111111110111111111111111111111111111111101111111011111111111101111111111111111111111111111111111111111111111111111111888881
1111111111101111111111111111011111111111110111110111111101111111101111111111111111111110111111111111111111111111111111101111111101111111111101111111111111111111111111111111111111111111111111111111888881
1111111111101111111111111110111111111111110111110111111101111111101111111111111111111110111111111111111111111111111111101111111101111111111101111111111111111111111111111111111111111111111111111111888881
1111111111101111111111111101111111111111110111110111111101111111101111111111111111111111011111111111111111111111111111110111111101111111111101111111111111111111111111111111111111111111111111111111888881
1111111111101111111111111011111111111111101111110111111101111111101111111111111111111111011111111111111111111111111111110011111101111111111101111111111111111111111111111111111111111111111111111111888881
1111111111101111111111110111111111111111011111110111111101111111110111111111111111111111011111111111111111111111111111001111111101111111111101111111111111111111111111111111111111111111111111111111888881
1111111111101111111111101111111111111111011111110111111101111111110111111111111111111111011111111111111111111111111100111111111110111111111101111111111111111111111111111111111111111111111111111111888881
1111111111101111111111011111111111111111011111110111111101111111110111111111111111111111011111111111111111111111100011111111111111011111111101111111111111111111111111111111111111111111111111111111888881
1111111111101111111110111111111111111111011111101111111101111111110111111111111111111111011111111111111111111111101111111111111111011111111101111111111111111111111111111111111111111111111111111111888881
1111111111101111111101111111111111111111011111011111000001111111110111111111111111111111011111111111111111111111101111111111110000000000000001111111111111111111111111111111111111111111111111111111888881
1111111111101111111011111111111111111111000000000000111110111111110111111111111111111111011111111111111111111111011111111000001111111111111101111111111111111111111111111111111111111111111111111111888881
1111111111101111110111111111111111111111111111101111111110111111110111111111111111111111011111111111111111111110111111000111111111111111111101111111111111111111111111111111111111111111111111111111888881
1111111111101111101111111111111111111111111111101111111110111111110111111111111111111111011111111111111111111110111110111111111111111111111011111111111111111111111111111111111111111111111111111111888881
1111111111101111011111111111111111111111111111101111111110111111110111111111111111111111101111111111111111111101111001111111111111111111111011111111111111111111111111111111111111111111111111111118888881
1111111111101110111111111111111111111111111111101111111110111111110111111111111111111111101111111111111111111010000111111111111111111111111011111111111111111111111111111111111111111111111111111118888881
1111111111101101111111111111111111111111111111101111111110111111111011111111111111111111101100000000000000000001111111111111111111111111111011111111111111111111111111111111111111111111111111111118888881
1111111111101011111111111111111111111111111111101111111110111111111011111111111111111111100011111111111111110111111111111111111111111111111011111111111111111111111111111111111111111111111111111188888881
1111111111100111111111111111111111111111111111101111111110111111111000000000000000000000001111111111111111110111111111111111111111111111111011111111111111111111111111111111111111111111111111111188888881
1111111111100000000000001111111111111111111111101111111110111111111011111111111111111111110111111111111111110111111111111111111111111111111011111111111111111111111111111111111111111111111111111888888881
1111111111110111111111110000000000000000000000001111111110111111111011111111111111111111110111111111111111111011111111111111111111111111111011111111111111111111111111111111111111111111111111111888888881
1111111111110111111111111111111111111111111111101111111110111111111101111111111111111111110111111111111111111011111111111111111111111111111011111111111111111111111111111411111111111111111111118888888811
1111111111110111111111111111111111111111111111101111111111011111111110111111111111111111111011111111111111111011111111111111111111111111111011111111111111111111111111114444411111111111111111188888888811
1111111111111011111111111111111111111111111111101111111111011111111110111111111111111111111011111111111111111011111111111111111111111111111011111111111111111111111111144444444441111111111111188888888811
1111111111111101111111111111111111111111111111101111111111011111111110111111111111111111111011111111111111111011111111111111111111111111111011111111111111111111111111144444444444444111111111888888888111
1111111111111101111111111111111111111111111111110111111111011111111110111111111111111111111011111111111111111101111111111111111111111111111011111111111111111111111111144444444444444444411118888888888111
1111111111111101111111111111111111111111111111110111111111011111111110111111111111111111111011111111111111111101111111111111111111111111111011111111111111111111111111144444444444444444411118888888888111
1111111111111110111111111111111111111111111111111011111111011111111110111111111111111111111011111111111111111101111111111111111111111111110011111111111111111111111111444444444444444444111188888888881111
1111111111111110111111111111111111111111111111111011111111011111111110111111111111111111111011111111111111111101111111111111111111100000000111111111111111111111111111444444444444444444111188888888881111
1111111111111110111111111111111111111111111111111011111110011111111110111111111111111111111011111111111111111101111111111111100000011111101111111111111111111111111111444444444444444444111888888888811111
1111111111111110111111111111111111111111111111111000000001011111111110111111111111111111111011111111110000000000000000000000011111111111011111111111111111111111111114444444444444444441111888888888811111
1111111111111110111111111111111111111111111111111011111111011111111110111111111111111111111011111100001111111111111111111111111111111110111111111111111111111111111114444444444444444441118888888888811111
1111111111111111011111111111111111111111111111111111111111011111111110111111111111111111111000000011111111111111111111111111111111111101111111111111111111111111111114444444444444444441188888888888111111
1111111111111111101111111111111111111111111111111111111111011111111110111111111111111111111011111111111111111111111111111111111111111011111111111111111111111111111144444444444444444411188888888888111111
1111111111111111101111111111111111111111111111111111111111011111111111011111111111111111111011111111111111111111111111111111111111110111111111111111111111111111111144444444444444444411888888888881111111
1111111111111111101111111111111111111111111111111111111111011111111111011111111111111111111011111111111111111111111111111111111111101111111111111111111111111111111144444444444444444411888888888881111111
1111111111111111110111111111111111111111111111111111111111011111111111011111111111111111111011111111111111111111111111111111111111011111111111111111111111111111111444444444444444444118888888888811111111
1111111111111111111011111111111111111111111111111111111111011111111111011111111111111111111011111111111111111111111111111111111110111111111111111111111111111111111444444444444444444118888888888811111111
1111111111111111111011111111111111111111111111111111111111011111111111011111111111111111111011111111111111111111111111111111111101111111111111111111111111111111111444444444444444444444444444444411111111
1111111111111111111101111111111111111111111111111111111111011111111111011111111111111111111101111111111111111111111111111111111011111111111111111111111111111111114444444444444444444444444444444111111111
1111111111111111111101111111111111111111111111111111111111101111111111011111111111111111111101111111111111111111111111111111110111111111111111111111111111111111114444444444444444444444444444444111111111
1111111111111111111110111111111111111111111111111111111111101111111111011111111111111111111101111111111111111111111111111111101111111111111111111111111111111111114444444444444444444444444444441111111111
1111111111111111111111011111111111111111111111111111111111101111111111011111111111111111111101111111111111111111111111111111011111111111111111111111111111111111144444444444444444444444444444441111111111
1111111111111111111111011111111111111111111111111111111111101111111111011111111111111111111101111111111111111111111111111110111111111111111111111111111111111111144444444444444444444444444444441111111111
1111111111111111111111101111111111111111111111111111111111110111111111011111111111111111111101111111111111111111111111111101111111111111111111111111111111111111144444444444444444444444444444411111111111
1111111111111111111111101111111111111111111111111111111111110111111111011111111111111111111101111111111111111111111111111011111111111111111111111111111111111111444444444444444444444444444444411111111111
1111111111111111111111101111111111111111111111111111111111110111111111011111111111111111111101111111111111111111111111110111111111111111111111111111111111111111444444444444444444444444444444111111111111
1111111111111111111111101111111111111111111111111111111111110111111111011111111111111111111101111111111111111111111111101111111111111111111111111111111111111111444444444444444444444444444444111111111111
1111111111111111111111101111111111111111111111111111111111110111111111011111111111111111000001111111111111111111111111011111111111111111111111111111111111111114444444444444444444444444444441111111111111
1111111111111111111111110111111111111111111111111111111111110000000000000000000000000000111101111111111111111111111110111111111111111111111111111111111111111114444444444444444444444444444441111111111111
1111111111111111111111110111111111111111111111111111111111110111111111111111111111111111111101111111111111111111111101111111111111111111111111111111111111111114444444444444444444444444444441111111111111
1111111111111111111111110111111111111111111111111111111111111011111111111111111111111111111101111111111111111111111011111111111111111111111111111111111111111144444444444444444444444444444411111111111111
1111111111111111111111110111111111111111111111111111111111111011111111111111111111111111111101111111111111111111110111111111111111111111111111111111111111111144444444444444444444444444444411111111111111
1111111111111111111111111011111111111111111111111111111111111011111111111111111111111111111101111111111111111111110111111111111111111111111111111111111111111144444444444444444444444444444111111111111111
1111111111111111111111111101111111111111111111111111111111111011111111111111111111111111111101111111111111111111101111111111111111111111111111111111111111111444444444444444444444444444444111111111111111
1111111111111111111111111101111111111111111111111111111111111011111111111111111111111111111110111111111111111111011111111111111111111111111111111111111111111444444444444444444444444444444111111111111111
1111111111111111111111111101111111111111111111111111111111111011111111111111111111111111111110111111111111111111011111111111111111111111111111111111111111111444444444444444444444444444441111111111111111
1111111111111111111111111110111111111111111111111111111111111011111111111111111111111111111110111111111111111110111111111111111111111111111111111111111111114444444444444444444444444444441111111111111111
1111111111111111111111111111011111111111111111111111111111111011111111111111111111111111111110111111111111111101111111111111111111111111111111111111111111114444444444444444444444444444411111111111111111
1111111111111111111111111111101111111111111111111111111111111011111111111111111111111111111110111111111111111011111111111111111111111111111111111111111111114444444444444444444444444444411111111111111111
1111111111111111111111111111101111111111111111111111111111111011111111111111111111111111111110111111111111111001111111111111111111111111111111111111111111144444444444444444444444444444111111111111111111
1111111111111111111111111111101111111111111111111111111111111101111111111111111111111111111111011111111111110110000111111111111111111111111111111111111111144444444444444444444444444444111111111111111111
1111111111111111111111111111101111111111111111111111111111111101111111111111111111111111111111011111111111101111111011111111111111111111111111111111111111144444444444444444444444444444111111111111111111
1111111111111111111111111111101111111111111111111111111111111101111111111111111111111111111111011111111111101111111101111111111111111111111111111111111111444444444444444444444444444441111111111111111111
1111111111111111111111111111101111111111111111111111111111111101111111111111111111111111111111011111111111011111111011111111111111111111111111111111111111444444444444444444444444444441111111111111111111
1111111111111111111111111111110111111111111111111111111111111101111111111111111111111111111111011111111110111111111011111111111111111111111111111111111111444444444444444444444444444411111111111111111111
1111111111111111111111111111110111111111111111111111111111111101111111111111111111111111111111011111111101111111111011111111111111111111111111111111111114444444444444444444444444444411111111111111111111
1111111111111111111111111111110111111111111111111111111111111101111111111111111111111111111111011111111011111111111011111111111111111111111111111111111114444444444444444444444444444411111111111111111111
1111111111111111111111111111111011111111111111111111111111111101111111111111111111111111111111011111110111111111111011111111111111111111111111111111111114444444444444444444444444444111111111111111111111
1111111111111111111111111111111011111111111111111111111111111101111111111111111111111111111111011111101111111111110111111111111111111111111111111111111144444444444444444444444444444111111111111111111111
1111111111111111111111111111111011111111111111111111111111111101111111111111111111111111111111101111011111111111110111111111111111111111111111111111111144444444444444444444444444441111111111111111111111
1111111111111111111111111111111101111111111111111111111111111101111111111111111111111111111111110110111111111111110111111111111111111111111111111111111144444444444444444444444444441111111111111111111111
1111111111111111111111111111111101111111111111111111111000000000000000000000000000000011111111110101111111111111101111111111111111111111111111111111111444444444444444444444444444411111111111111111111111
1111111111111111111111111111111101111111111111111111110111111111111111111111111111111100000000000001111111111111101111111111111111111111111111111111111444444444444444444444444444411111111111111111111111
1111111111111111111111111111111110111111111111111110001111111111111111111111111111111111111111110110011111111111011111111111111111111111111111111111111444444444444444444444444444411111111111111111111111
1111111111111111111111111111111110111111111111111101111111111111111111111111111111111111111111101111100011111111011111111111111111111111111111111111114444444444444444444444444444111111111111111111111111
1111000001111111111111111111111110111111111111100011111111111111111111111111111111111111111111011111111100001110111111111111111111111111111111111111114444444444444444444444444444111111111111111111111111
1110111110000000000000011111111111011111111100011111111111111111111111111111111111111111111110111111111111110101111111111111111111111111111111111111114444444444444444444444444441111111111111111111111111
1110111111111111111111100000000011011111111011111111111111111111111111111111111111111111111101111111111111111001111111111111111111111111111111111111144444444444444444444444444441111111111111111111111111
1110111111111111111111111111111100000000000111111111111111111111111111111111111111111111111011111111111111111111111111111111111111111111111111111111144444444444444444444444444441111111111111111111111111
1110111111111111111111111111111111000000011111111111111111111111111111111111111111111111110111111111111111111111111111111111111111111111111111111111144444444444444444444444444411111111111111111111111111
1110111111111111111111111111111111011111100000011111111111111111111111111111111111111111101111111111111111111111111111111111111111111111111111111111144444444444444444444444444411111111111111111111111111
1110111111111111111111111111111110111111111111100000000001111111111111111111111111111111011111111111111111111111111111111111111111111111111111111111144444444444444444444444444411111111111111111111111111
1110111111111111111111111111111110111111111111111101111110000000000000000000111111111110111111111111111111111111111111111111111111111111111111111111144444444444444444444444444411111111111111111111111111
1110111111111111111111111111111110111111111111111101111111111111111101111111000000000000001111111111111111111111111111111111111111111111111111111111144444444444444444444444444411111111111111111111111111
1110111111111111111111111111111110111111111111111101111111111111111101111111111111111101110000011111111111111111111111111111111111111111111111111111144444444444444444444444444411111111111111111111111111
1110111111111111111111111111111110111111111111111101111111111111111101111111111111111101111111100000011111111111111111111111111111111111111111111111444444444444444444444444444411111111111111111111111111
1101111111111111111111111111111110111111111111111101111111111111111101111111111111111101111111111111000001111111111111111111111111111111111111111111444444444444444444444444444411111111111111111111111111
1101111111111111111111111111111110111111111111111101111111111111111101111111111111111101111111111111011110000000000111111111111111111111111111111111444444444444444444444444444411111111111111111111111111
1101111111111111111111111111111110111111111111111101111111111111111101111111111111111101111111111111011111111111111001111111111111111111111111111111444444444444444444444444444411111111111111111111111111
1101111111111111111111111111111110111111111111111101111111111111111101111111111111111101111111111111011111111111111011111111111111111111111111111111444444444444444444444444444411111111111111111111111111
1101111111111111111111111111111110111111111111111101111111111111111101111111111111111101111111111111011111111111110111111111111111111111111111111111444444444444444444444444444441111111111111111111111111
1101111111111111111111111111111110111111111111111101111111111111111011111111111111111011111111111111011111111111110111111111111111111111111111111114444444444444444444444444444444441111111111111111111111
1100000001111111111111111111111110111111111111111101111111111111111011111111111111110111111111111111011111111111110111111111111111111111111111111114444444444444444444444444444444444441111111111111111111
1111111110000000011111111111111110111111111111111101111111111111111011111111111111110111111111111111011111111111110111111111111111111111111111111114444444444444444444444444444444444444441111111111111111
1111111111111111100001111111111101111111111111111101111111111111111011111111111111110111111111111111011111111111110111111111111111111111111111111114444444444444444444444444444444444444444441111111111111
1111111111111111111110000000000011111111111111111101111111111111111011111111111111110111111111111110111111111111110111111111111111111111111111111114444444444444444444444444444444444444444444441111111111
1111111111111111111111111111111100000011111111111101111111111111111011111111111111101111111111111110111111111111110111111111111111111111111111111114444444444444444444444444444444444444444444444441111111
1111111111111111111111111111111111111100000011111011111111111111111011111111111111101111111111111110111111111111110111111111111111111111111111111144444444444444444444444444444444444444444444444444441111
1111111111111111111111111111111111111111111101111011111111111111111011111111111111101111111111111110111111111111110111111111111111111111111111111144444444444444444444444444444444444444444444444444444441
1111111111111111111111111111111111111111111110000011111111111111111011111111111111101111111111111110111111111111110111111111111111111111111111111144444444444444444444444444444444444444444444444444444441
1111111111111111111111111111111111111111111111111100000000000000000011111111111111101111111111111110111111111111110111111111111111111111111111111144444444444444444444444444444444444444444444444444444441
1111111111111111111111111111111111111111111111111111111111111111111100000001111111101111111111111110111111111111110111111111111111111111111111111144444444444444444444444444444444444444444444444444444441
1111111111111111111111111111111111111111111111111111111111111111111111111110000000000000001111111110111111111111110111111111111111111111111111111444444444444444444444444444444444444444444444444444444441
1111111111111111111111111111111111111111111111111111111111111111111111111111111111111111110000000010111111111111110111111111111111111111111111111444444444444444444444444444444444444444444444444444444441
1441111111111111111111111111111111111111111111111111111111111111111111111111111111111111111111111100000000000111110111111111111111111111111111111444444444444444444444444444444444444444444444444444444441
1444111111111111111111111111111111111111111111111111111111111111111111111111111111111111111111111111111111111000110111111111111111111111111111111444444444444444444444444444444444444444444444444444444441
1444444111111111111111111111111111111111111111111111111111111111111111111111111111111111111111111111111111111111000111111111111111111111111111111444444444444444444444444444444444444444444444444444444441
1444444444111111111111111111111111111111111111111111111111111111111111111111111111111111111111111111111111111111111111111111111111111111111111111444444444444444444444444444444444444444444444444444444441
1444444444444111111111111111111111111111111111111111111111111111111111111111111111111111111111111111111111111111111111111111111111111111111111114444444444444444444444444444444444444444444444444444444441
1444444444444444111111111111111111111111111111111111111111111111111111111111111111111111111111111111111111111111111111111111111111111111111111114444444444444444444444444444444444444444444444444444444441
1444444444444444444111111111111111111111111111111111111111111111111111111111111111111111111111111111111111111111111111111111111111111111111111114444444444444444444444444444444444444444444444444444444441
1444444444444444444444444444444444411111111111111111111111111111111111111111111111111111111111111111111111111111111111111111111111111111111111114444444444444444444444444444444444444444444444444444444441
1444444444444444444444444444444444444111111111111111111111111111111111111111111111111111111111111111111111111111111111111111111111111111111111114444444444444444444444444444444444444444444444444444444441
1444444444444444444444444444444444444441111111111111111111111111111111111111111111111111111111111111111111111111111111111111111111111111111111114444444444444444444444444444444444444444444444444444444441
1444444444444444444444444444444444444444411111111111111111111111111111111111111111111111111111111111111111111111111111111111111111111111111111144444444444444444444444444444444444444444444444444444444441
1444444444444444444444444444444444444444444111111111111111111111111111111111111111111111111111111111111111111111111111111111111111111111111111144444444444444444444444444444444444444444444444444444444441
1444444444444444444444444444444444444444444411111111111111111111111111111111111111111111111111111111111111111111111111111111111111111111111111144444444444444444444444444444444444444444444444444444444441
1444444444444444444444444444444444444444444441111111111111111111111111111111111111111111111111111111111111111111111111111111111111111111111111144444444444444444444444444444444444444444444444444444444441
1444444444444444444444444444444444444444444444111111111111111111111111111111111111111111111111111111111111111111111111111111111111111111111111144444444444444444444444444444444444444444444444444444444441
1444444444444444444444444444444444444444444444411111111111111111111111111111111111111111111111111111111111111111111111111111111111111111111111144444444444444444444444444444444444444444444444444444444441
1444444444444444444444444444444444444444444444441111111111111111111111111111111111111111111111111111111111111111111111111111111111111111111111444444444444444444444444444444444444444444444444444444444441
1444444444444444444444444444444444444444444444444444444444111111111111111111111111111111111111111111111111111111111111111111111111111111111111444444444444444444444444444444444444444444444444444444444441
1444444444444444444444444444444444444444444444444444444444444444444411111111111111111111111111111111111111111111111111111111111111111111111111444444444444444444444444444444444444444444444444444444444441
1444444444444444444444444444444444444444444444444444444444444444444444444444411111111111111111111111111111111111111111111111111111111111111111444444444444444444444444444444444444444444444444444444444441
1444444444444444444444444444444444444444444444444444444444444444444444444444444444444411111111111111111111111111111111111111111111111111111111444444444444444444444444444444444444444444444444444444444441
1444444444444444444444444444444444444444444444444444444444444444444444444444444444444444444441111111111111111111111111111111111111111111111111444444444444444444444444444444444444444444444444444444444441
1111111111111111111111111111111111111111111111111111111111111111111111111111111111111111111111111111111111111111111111111111111111111111111111111111111111111111111111111111111111111111111111111111111111