1111111111111111111111111111111111111111111111111111111111111111111111111111111111111111111111111111111111111111111111111111111111111111111111111111111111111111111111111111111111111111111111111111111111
1111111111111111111111111111111111111111111111111111111111111111111111111111111111111111111111111111111111111111111111111111111111111111111111111111111111111111111111111111111111111111111111111111111111
1111111111111111111111111111111111111111111111111111111111111111111111111111111111111111111111111111111111111111111111111111111111111111111111111111111111111111111111111111111111111111111111111111111111
1111111111111111111111111111111111111111111111111111111111111111111111111111111111111111111188888888888888888888881111111111111111111111111111111111111111111111111111111111111111111111111111111111111111
1111111111111111111111111111111111111111111111111111111111111111111111111111111111111888888811111111111111111111118111111111111111111111111111111111111111111111111111111111111111111111111111111111111111
1111111111111111111111111111111111111111111111111111111111111111111111111111118888888000000000000000000000000111111888111111111111111111111111111111111111111111111111111111111111111111111111111111111111
1111111111111111111111111111111111111111111111111111111111111111111111888888881111110111111111111111111111011000111111811111111111111111111111111111111111111111111111111111111111111111111111111111111111
1111111111111111111111111111111111111111111111111111111111111188888888100000000000001111111111111111111111011111000011188811111111111111111111111111111111111111111111111111111111111111111111111111111111
1111111111111111111111111111111111111111111111111111111888888811110000011011111101111111111111111111111111011111111000011188111111111111111111111111111111111111111111111111111111111111111111111111111111
1111111111111111111111111111111111111111111111118888888111111111101111111011111110111111111111111111111111011111110111100111881111111111111111111111111111111111111111111111111111111111111111111111111111
1111111111111111111111111111111111188888888888881111111111110000011111110111111111011111111111111111111111011111110111101011118811111111111111111111111111111111111111111111111111111111111111111111111111
1111111111111111111111111111188888811111111111111111111100000111111111101111111111011111111111111111111111011111110111101100111188111111111111111111111111111111111111111111111111111111111111111111111111
1111111111111111111111118888811111111111111111100000000011101111111111011111111111101111111111111111111110111111110111101111011111881111111111111111111111111111111111111111111111111111111111111111111111
1111111111111111111118881111111111111111111111011111111111011111111110111111111111101111111111111111111110111111110111101111100111118881111111111111111111111111111111111111111111111111111111111111111111
1111111111111111111188111111111111111111111000111111111110111111111101111111111111010111111111111111111110111111110111101111111011111118811111111111111111111111111111111111111111111111111111111111111111
1111111111111111118811111111111111111111100111111111111101111111111011111111111110111011111111111111111100111111101111011111111101111111188111111111111111111111111111111111111111111111111111111111111111
1111111111111111881111111111111111111100011111111110000010111111110111111111111101111101111111111111111010111111011111011111111100111111111881111111111111111111111111111111111111111111111111111111111111
1111111111111888111111111111111111111011111111111001111111011111101111111111111011111101111111111000000110111111011111011111111101011111111118881111111111111111111111111111111111111111111111111111111111
1111111111111811111111111111111110000111111111110111111111101111011111111111100111111110111111110111111110111111011110111111111101101111111111118811111111111111111111111111111111111111111111111111111111
1111111111881111111111111111111101011111111111001111111111110100101111111000011111111111011111001111111110111111011110111111111101110111111111111188811111111111111111111111111111111111111111111111111111
1111111188111111111111111111111011101111111110111111111111111011110111110111111111111111101110111111111101111111011110111111111011111011111111111111188111111111111111111111111111111111111111111111111111
1111118811111111111111111111100111101111111101111111111111110101111011101111111111111111110101111111111101111111011110111111111011111101111111111111111811111111111111111111111111111111111111111111111111
1111181111111111111111111100011111110111111011111111111111101110111101011111111111111111110011111111111011111111011101111111111011111110011111111111111181111111111111111111111111111111111111111111111111
1118111111111111111111100011111111111011110111111111111110011110111100111111111111111111101101111111110001111111011011111111111011111111100011111111111111811111111111111111111111111111111111111111111111
1181111111111111111111010111111111111101101111111111111101111111010010111111111111111110011101111111001010001111011011111111111011111111111100111111111111181111111111111111111111111111111111111111111111
1111111111111111111110111011111111111100011111111111111011111111001111011111111111111101111110111110110111110000000011111111111011111111111111000011111111118111111111111111111111111111111111111111111111
1111111111111111111001111101111111111101111111111111110111111110111111101111111111111011111110111101110111111110111000111111111011111111111111111100111111111811111111111111111111111111111111111111111111
1111111111111111000111111101111111111010111111111111101111111101111111110111111111110111111110100011110111111110110111000000000011111111111111111111011111111181111111111111111111111111111111111111111111
1111111111111110011111111110111111110110111111111111011111111011111111111011111111101111111111011111101111111110101111011111111011111111111111111111100111111111811111111111111111111111111111111111111111
1111111111111101011111111111011111001010111111111000111111110111111111111011111111110111111110101111101111111101101111011111111011111111111111111110001011111111181111111111111111111111111111111111111111
1111111111111011011111111111011100111101011111110101111111001111111111111011111111111011111101101111011111111011101111011111111011111111111111111101111101111111118111111111111111111111111111111111111111
1111111111110111011111111111011011111110101100001101111110111111111111111101111111111101110011110110111111110111101111011111111011111111111111110011111110111111111811111111111111111111111111111111111111
1111111111110111011111111111100111111110101011111110111101111111111111111110111111111110001111110110111111101111101111011111111011111111111111101111111111000011111181111111111111111111111111111111111111
1111111111101111011111111111101111111111010111111111010011111111111111111110111111111110000011111001111111101111011111011111111011111111111111011111111111111101111111811111111111111111111111111111111111
1111111111011111011111111111110111111111001111111111101111111111111111111111011111111101111100000000000000000000000000011111111011111111111100111111111111111110111111181111111111111111111111111111111111
1111111110111111000011111111111011111111011111111111011111111111111111111111101111100011111111111111111111101111111111000000000011111111111011111111111111111111011111118111111111111111111111111111111111
1111111111010000111100111111111011111000111111111110111111111111111111111111110100011111111111111111111111011111111111011111111011111111100111111111111111111111101111111811111111111111111111111111111111
1111111111001111111100011111111101100111111111111101111111111111111111111111111011111111111111111111111111011111111111011111110111111110011111111111111111111111110111111181111111111111111111111111111111
1111111111011111111011101111111101011111111111111011111111111111111111111111111011111111111111111111111111011111111111011111110111111101111111111111111111111111111011111111811111111111111111111111111111
1111111110011111100111110111111100111111111111100111111111111111111111111111111101111111111111111111111111011111111111011111110111111011111111111111111111111111111101111111181111111111111111111111111111
1111111101101111011111111001111101111111111111011111111111111111111111111111111101111111111111111111111111011111111111011111110111110111111111111111111111111111111110011111118111111111111111111111111111
1111110011101110111111111110001010111111111100111111111111111111111111111111111110111111111111111111111111011111111111011111110111101111111111111111111111111111111111100111118111111111111111111111111111
1111101111110101111111111111110110111111110011111111111111111111111111111111111111011111111111111111111111011111111111011111110111011111111111111111111111111111111111111011111811111111111111111111111111
1111011111111011111111111111101111011111101111111111111111111111111111111111111111011111111111111111111111000000000111011111110100111111111111111111111111111111111111111101111181111111111111111111111111
1110111111110101111111111110011111011110011111111111111111111111111111111111111111011111111111111111111100011111111001011111110011111111111111111111111111111111111111111110111118111111111111111111111111
1101111111101110111111111001111111101101111111111111111111111111111111111111111111011111111111111111111011011111111110011111110111111111111111111111111111111111111111111111011111811111111111111111111111
1101110000011110011111110111111111110011111111111111111111111111111111111111111111011111111111111111110111011111111111011110000111111111111111111111111111111111111111111100111111811111111111111111111111
1101101111111101101111001111111111100111111111111111111111111111111111111111111111011111111111111111101111011111111111011101110111111111111111111111111111111111111100000011111111181111111111111111111111
1110011111111011110100111111111111010111111111111111111111111111111111111111111111011111111111111111011111011111111111011011110111111111111111111111111111111111000011111111111111118111111111111111111111
1110111111100111000011111111111110110111111111111111111111111111111111111111111111101111111111111110111111101111111111010111111011111111111111111111110000000000111111111111111111111811111111111111111111
1110111110011110111101111111111101111011111111111111111111111111111111111111111111101111111111111001111111101111111111001111111011111111111111111111101111111111111111111111111111111811111111111111111111
1110111101111101111101111111111011111101111111111111111111111111111111111111111111101111111111110111111111110111111111011111111011111111111111111110011111111111111111111111111111111118111111111111111111
1110100011111011111101111111100111111110111111111111111111111111111111111111111111101111111111101111111111110111111110111111111011111111111111111001111111111111111111111111111111111118111111111111111111
1111011111110111111110111100011111111111011111111111111111111111111111111111111111110111111111011111111111110111111101111111111011111111111111100111111111111111111111111111111111111111181111111111111111
1111100111101111111111011011111111111111101111111111111111111111111111111111111111110111111110111111111111110111110011111111111011111111111110011111111111111111111111111111111111111111181111111111111111
1111111011011111111111010111111111111111101111111111111111111111111111111111111111110111111101111111111111110110001111111111111011111000000001111111111111111111111111111111111111111111118111111111111111
1111111100111111111111101111111111111111101111111111111111111111111111111111111111110111111011111111111111110101111111111111111011000111110111111111111111111111111111111111111111111111111811111111111111
1111111101111111111100001111111111111111110111111111111111111111111111111111111111110111110111111111111111110011111111111110000000111111110111111111111111111111111111111111111111111111111811111111111111
1111111101111111111011110111111111111111110111111111111111111111111111111111111111110111101111111000000000000000000000000001111011111111110111111111111111111111111111111111111111111111111811111111111111
1111111110111111100111110111111111111111111011111111111111111111111111111111111111111011011111100111111111111111111111011111111011111111110111111111111111111111111111111111111111111111111181111111111111
1111111110111111011111111011111111111111111011111111111111111111111111111111111111111010000000011111111111111111111111011111111011111111110111111111111111111111111111111111111111111111111181111111111111
1111111110111110111111111011111111111111111011111111111111111111111111111111111100000000111111111111111111111111111111011111111011111111110111111111111111111111111111111111111111111111111118111111111111
1111111110111001111111111011111111111111111101111111111111111111111111111111100011111101111111111111111111111111111111011111111011111111110111111111111111111111111111111111111111111111111111811111111111
1111111111010111111111111101111111111111111101111111111111111111111110000000011111111101111111111111111111111111111111011111111011111111110111111111111111111111111111111111111111111111111111181111111111
1111111111001111111111111110111111111111111101111110000000000000000001111111111111111101111111111111111111111111111111011111111011111111110111111111111111111111111111111111111111111111111111181111111111
1111111111101111111111111110111111111111111101111001110111111111011111111111111111111101111111111111111111111111111111011111111101111111110111111111111111111111111111111111111111111111111111118111111111
1111111111101111111111111111011111111110000000000011110111111111011111111111111111111110111111111111111111111111111111011111111101111111110111111111111111111111111111111111111111111111111111118111111111
1111111111101111111111111111101111111000111110111011110111111111011111111111111111111110111111111111111111111111111111101111111101111111110111111111111111111111111111111111111111111111111111111811111111
1111111111101111111111111111110111000101111101111011110111111111011111111111111111111110111111111111111111111111111111101111111101111111110111111111111111111111111111111111111111111111111111111811111111
1111111111101111111111111110000000111011111101111011110111111111011111111111111111111110111111111111111111111111111111101111111101111111111011111111111111111111111111111111111111111111111111111181111111
1111111111101111111111111001111111110111111101111011111011111111011111111111111111111110111111111111111111111111111111101111111101111111111011111111111111111111111111111111111111111111111111111181111111
1111111111101111111111100111111111101111111101111011111011111111011111111111111111111111011111111111111111111111111111101111111101111111111011111111111111111111111111111111111111111111111111111118111111
1111111111101111111100011111111111011111111101111011111101111111011111111111111111111111011111111111111111111111111111101111111110111111111011111111111111111111111111111111111111111111111111111118111111
1111111111101111110011111111111110111111111100000011111101111111011111111111111111111111011111111111111111111111111111101111111110111111111011111111111111111111111111111111111111111111111111111111811111
1111111111101000001111111111111101111111111101111000000001111111011111111111111111111111011111111111111111111111111111110111111110111111111011111111111111111111111111111111111111111111111111111111811111
1111111111100111111111111111111011111111111011111011111101111111011111111111111111111111011111111111111111111111111111110111111110111111111011111111111111111111111111111111111111111111111111111111811111
1111111111101111111111111111110111111111111011111011111101111111011111111111111111111111011111111111111111111111111111110111111111011111111011111111111111111111111111111111111111111111111111111111811111
1111111111101111111111111111101111111111111011110111111101111111011111111111111111111111011111111111111111111111111111110111111111011111111011111111111111111111111111111111111111111111111111111111811111
1111111111101111111111111111011111111111110111110111111101111111011111111111111111111111101111111111111111111111111111110111111111011111111011111111111111111111111111111111111111111111111111111111811111
1111111111101111111111111110111111111111110111110111111101111111011111111111111111111111101111111111111111111111111111110011111111011111111011111111111111111111111111111111111111111111111111111111811111
1111111111101111111111111001111111111111110111101111111101111111101111111111111111111111101111111111111111111111111110001111111111011111111011111111111111111111111111111111111111111111111111111111811111
1111111111101111111111110111111111111111110111101111111101111111101111111111111111111111101111111111111111111111111001111111111111011111111011111111111111111111111111111111111111111111111111111111811111
1111111111101111111111101111111111111111101111101111111101111111101111111111111111111111101111111111111111111111100111111111111111011111111011111111111111111111111111111111111111111111111111111111811111
1111111111101111111111011111111111111111101111101111111101111111101111111111111111111111101111111111111111111111011111111111111111011111111101111111111111111111111111111111111111111111111111111111811111
1111111111101111111110111111111111111111101111101000000001111111101111111111111111111111101111111111111111111111011111111111000000000000000001111111111111111111111111111111111111111111111111111111811111
1111111111101111111101111111111111111111000000000111111101111111101111111111111111111111101111111111111111111111011111111100111111111111111101111111111111111111111111111111111111111111111111111111811111
1111111111101111110011111111111111111111111111011111111101111111101111111111111111111111101111111111111111111111011111111011111111111111111101111111111111111111111111111111111111111111111111111111811111
1111111111101111101111111111111111111111111111011111111101111111101111111111111111111111101111111111111111111110111111110111111111111111111101111111111111111111111111111111111111111111111111111111811111
1111111111101111011111111111111111111111111111011111111101111111110111111111111111111111101111111111111111111101111110001111111111111111111011111111111111111111111111111111111111111111111111111118111111
1111111111101110111111111111111111111111111111011111111110111111110111111111111111111111101111111111111111111011100001111111111111111111111011111111111111111111111111111111111111111111111111111118111111
1111111111101101111111111111111111111111111111011111111110111111110111111111111111111111101111111111111111100000011111111111111111111111111011111111111111111111111111111111111111111111111111111118111111
1111111111101011111111111111111111111111111111011111111110111111110111111111110000000000000000000000000000010111111111111111111111111111111011111111111111111111111111111111111111111111111111111181111111
1111111111100111111111111111111111111111111111101111111110111111111000000000001111111111101111111111111111110111111111111111111111111111111011111111111111111111111111111111111111111111111111111181111111
1111111111100000000000000000000000000000111111101111111110111111111011111111111111111111101111111111111111110111111111111111111111111111111011111111111111111111111111111111111111111111111111111811111111
1111111111101111111111111111111111111111000000001111111110111111111011111111111111111111101111111111111111110111111111111111111111111111111011111111111111111111111111111111111111111111111111111811111111
1111111111101111111111111111111111111111111111101111111110111111111011111111111111111111101111111111111111110111111111111111111111111111111011111111111111111111111111111411111111111111111111118111111111
1111111111101111111111111111111111111111111111101111111110111111111011111111111111111111101111111111111111110111111111111111111111111111111011111111111111111111111111114444411111111111111111181111111111
1111111111101111111111111111111111111111111111101111111110111111111011111111111111111111101111111111111111110111111111111111111111111111111011111111111111111111111111144444444441111111111111181111111111
1111111111101111111111111111111111111111111111101111111111011111111011111111111111111111101111111111111111111011111111111111111111111111111011111111111111111111111111144444444444444111111111811111111111
1111111111110111111111111111111111111111111111101111111111011111111011111111111111111111101111111111111111111011111111111111111111111111111011111111111111111111111111144444444444444444411118111111111111
1111111111111011111111111111111111111111111111101111111111011111111011111111111111111111101111111111111111111011111111111111111111111111111011111111111111111111111111144444444444444444411118111111111111
1111111111111101111111111111111111111111111111110111111111011111111011111111111111111111101111111111111111111101111111111111111111000000000011111111111111111111111111444444444444444444111181111111111111
1111111111111101111111111111111111111111111111110111111111011111111011111111111111111111101111111111111111111110111111110000000000111111110111111111111111111111111111444444444444444444111181111111111111
1111111111111101111111111111111111111111111111110111111100011111111011111111111111111111101111111111111111111110111000001111111111111111101111111111111111111111111111444444444444444444111811111111111111
1111111111111101111111111111111111111111111111110111110011011111111011111111111111111111110111111000000000000000000111111111111111111111011111111111111111111111111114444444444444444441111811111111111111
1111111111111101111111111111111111111111111111111000001111011111111011111111111111111111110100000111111111111111111111111111111111111110111111111111111111111111111114444444444444444441118111111111111111
1111111111111101111111111111111111111111111111111111111111011111111011111111111111111111111011111111111111111111111111111111111111111101111111111111111111111111111114444444444444444441181111111111111111
1111111111111101111111111111111111111111111111111111111111011111111011111111111111111111111011111111111111111111111111111111111111111011111111111111111111111111111144444444444444444411181111111111111111
1111111111111101111111111111111111111111111111111111111111011111111011111111111111111111111101111111111111111111111111111111111111111011111111111111111111111111111144444444444444444411811111111111111111
1111111111111101111111111111111111111111111111111111111111011111111011111111111111111111111101111111111111111111111111111111111111110111111111111111111111111111111144444444444444444411811111111111111111
1111111111111101111111111111111111111111111111111111111111011111111011111111111111111111111101111111111111111111111111111111111111101111111111111111111111111111111444444444444444444118111111111111111111
1111111111111101111111111111111111111111111111111111111111011111111101111111111111111111111101111111111111111111111111111111111111011111111111111111111111111111111444444444444444444118111111111111111111
1111111111111101111111111111111111111111111111111111111111011111111101111111111111111111111101111111111111111111111111111111111110111111111111111111111111111111111444444444444444444444444444444411111111
1111111111111110111111111111111111111111111111111111111111011111111101111111111111111111111101111111111111111111111111111111111110111111111111111111111111111111114444444444444444444444444444444111111111
1111111111111111011111111111111111111111111111111111111111011111111101111111111111111111111101111111111111111111111111111111111101111111111111111111111111111111114444444444444444444444444444444111111111
1111111111111111101111111111111111111111111111111111111111011111111110111111111111111111111101111111111111111111111111111111111011111111111111111111111111111111114444444444444444444444444444441111111111
1111111111111111110111111111111111111111111111111111111111011111111110111111111111111111111101111111111111111111111111111111110111111111111111111111111111111111144444444444444444444444444444441111111111
1111111111111111110111111111111111111111111111111111111111011111111110111111111111111111111101111111111111111111111111111111101111111111111111111111111111111111144444444444444444444444444444441111111111
1111111111111111110111111111111111111111111111111111111111011111111110111111111111111111111101111111111111111111111111111111011111111111111111111111111111111111144444444444444444444444444444411111111111
1111111111111111111011111111111111111111111111111111111111101111111110111111111111111111111101111111111111111111111111111110111111111111111111111111111111111111444444444444444444444444444444411111111111
1111111111111111111011111111111111111111111111111111111111110111111111011111111111111111111101111111111111111111111111111101111111111111111111111111111111111111444444444444444444444444444444111111111111
1111111111111111111101111111111111111111111111111111111111110111111111011111111111111111111101111111111111111111111111111011111111111111111111111111111111111111444444444444444444444444444444111111111111
1111111111111111111101111111111111111111111111111111111111110111111111011111100000000000000001111111111111111111111111110111111111111111111111111111111111111114444444444444444444444444444441111111111111
1111111111111111111101111111111111111111111111111111111111110000000000000000011111111111111101111111111111111111111111101111111111111111111111111111111111111114444444444444444444444444444441111111111111
1111111111111111111101111111111111111111111111111111111111110111111111111111111111111111111110111111111111111111111111011111111111111111111111111111111111111114444444444444444444444444444441111111111111
1111111111111111111110111111111111111111111111111111111111110111111111111111111111111111111110111111111111111111111110111111111111111111111111111111111111111144444444444444444444444444444411111111111111
1111111111111111111110111111111111111111111111111111111111110111111111111111111111111111111111011111111111111111111101111111111111111111111111111111111111111144444444444444444444444444444411111111111111
1111111111111111111111011111111111111111111111111111111111110111111111111111111111111111111111011111111111111111111011111111111111111111111111111111111111111144444444444444444444444444444111111111111111
1111111111111111111111011111111111111111111111111111111111110111111111111111111111111111111111011111111111111111110111111111111111111111111111111111111111111444444444444444444444444444444111111111111111
1111111111111111111111011111111111111111111111111111111111110111111111111111111111111111111111011111111111111111101111111111111111111111111111111111111111111444444444444444444444444444444111111111111111
1111111111111111111111101111111111111111111111111111111111110111111111111111111111111111111111011111111111111111011111111111111111111111111111111111111111111444444444444444444444444444441111111111111111
1111111111111111111111101111111111111111111111111111111111110111111111111111111111111111111111011111111111111110111111111111111111111111111111111111111111114444444444444444444444444444441111111111111111
1111111111111111111111110111111111111111111111111111111111110111111111111111111111111111111111011111111111111101111111111111111111111111111111111111111111114444444444444444444444444444411111111111111111
1111111111111111111111110111111111111111111111111111111111110111111111111111111111111111111111101111111111111011111111111111111111111111111111111111111111114444444444444444444444444444411111111111111111
1111111111111111111111111011111111111111111111111111111111110111111111111111111111111111111111110111111111110100011111111111111111111111111111111111111111144444444444444444444444444444111111111111111111
1111111111111111111111111011111111111111111111111111111111111011111111111111111111111111111111110111111111110111101111111111111111111111111111111111111111144444444444444444444444444444111111111111111111
1111111111111111111111111011111111111111111111111111111111111101111111111111111111111111111111110111111111101111110111111111111111111111111111111111111111144444444444444444444444444444111111111111111111
1111111111111111111111111101111111111111111111111111111111111101111111111111111111111111111111110111111111011111111001111111111111111111111111111111111111444444444444444444444444444441111111111111111111
1111111111111111111111111110111111111111111111111111111111111101111111111111111111111111111111110111111110111111111011111111111111111111111111111111111111444444444444444444444444444441111111111111111111
1111111111111111111111111111011111111111111111111111111111111101111111111111111111111111111111110111111101111111111011111111111111111111111111111111111111444444444444444444444444444411111111111111111111
1111111111111111111111111111101111111111111111111111111111111101111111111111111111111111111111110111111101111111111011111111111111111111111111111111111114444444444444444444444444444411111111111111111111
1111111111111111111111111111110111111111111111111111111111111101111111111111111111111111111111110111111011111111111011111111111111111111111111111111111114444444444444444444444444444411111111111111111111
1111111111111111111111111111111011111111111111111111111111111101111111111111111111111111111111110111110111111111110111111111111111111111111111111111111114444444444444444444444444444111111111111111111111
1111111111111111111111111111111101111111111111111111111111111101111111111111111111111111111111110111101111111111101111111111111111111111111111111111111144444444444444444444444444444111111111111111111111
1111111111111111111111111111111101111111111111111111111111111101111111111111111111111111111111110111011111111111101111111111111111111111111111111111111144444444444444444444444444441111111111111111111111
1111111111111111111111111111111101111111111111111111111111111101111111111111111111111111111111110110111111111111101111111111111111111111111111111111111144444444444444444444444444441111111111111111111111
1111111111111111111111111111111101111111111111111111111111110000000000000000000000111111111111110101111111111111101111111111111111111111111111111111111444444444444444444444444444411111111111111111111111
1111111111111111111111111111111110111111111111111111111111001111111111111111111111000000000000000000011111111111101111111111111111111111111111111111111444444444444444444444444444411111111111111111111111
1111111111111111111111111111111110111111111111111111111000111111111111111111111111111111111111110111100111111111011111111111111111111111111111111111111444444444444444444444444444411111111111111111111111
1111111111111111111111111111111110111111111111111100000111111111111111111111111111111111111111101111111000001110111111111111111111111111111111111111114444444444444444444444444444111111111111111111111111
1111011111111111111111111111111110111111111000000011111111111111111111111111111111111111111111011111111111110101111111111111111111111111111111111111114444444444444444444444444444111111111111111111111111
1111000011111111111111111111111110111111110111111111111111111111111111111111111111111111111110111111111111111001111111111111111111111111111111111111114444444444444444444444444441111111111111111111111111
1111011100011111111111111111111111011000001111111111111111111111111111111111111111111111111101111111111111111101111111111111111111111111111111111111144444444444444444444444444441111111111111111111111111
1111011111100000000000000000000000000111111111111111111111111111111111111111111111111111111011111111111111111111111111111111111111111111111111111111144444444444444444444444444441111111111111111111111111
1111011111111111111111111111111111010001111111111111111111111111111111111111111111111111110111111111111111111111111111111111111111111111111111111111144444444444444444444444444411111111111111111111111111
1110111111111111111111111111111111011110000111111111111111111111111111111111111111111111101111111111111111111111111111111111111111111111111111111111144444444444444444444444444411111111111111111111111111
1110111111111111111111111111111111011111111000000000000111111111111111111111111111111111011111111111111111111111111111111111111111111111111111111111144444444444444444444444444411111111111111111111111111
1110111111111111111111111111111111011111111111111101111000000000000000000111111111111110111111111111111111111111111111111111111111111111111111111111144444444444444444444444444411111111111111111111111111
1101111111111111111111111111111111011111111111111101111111111111111101111000000000000000111111111111111111111111111111111111111111111111111111111111144444444444444444444444444411111111111111111111111111
1101111111111111111111111111111111011111111111111101111111111111111011111111111111111101000000000001111111111111111111111111111111111111111111111111144444444444444444444444444411111111111111111111111111
1101111111111111111111111111111111011111111111111101111111111111111011111111111111111101111111111110011111111111111111111111111111111111111111111111444444444444444444444444444411111111111111111111111111
1101111111111111111111111111111110111111111111111101111111111111111011111111111111111101111111111111000001111111111111111111111111111111111111111111444444444444444444444444444411111111111111111111111111
1101111111111111111111111111111101111111111111111101111111111111111011111111111111111101111111111111011110000001111111111111111111111111111111111111444444444444444444444444444411111111111111111111111111
1101111111111111111111111111111101111111111111111101111111111111111011111111111111111101111111111111011111111110000001111111111111111111111111111111444444444444444444444444444411111111111111111111111111
1101111111111111111111111111111101111111111111111101111111111111111011111111111111111011111111111111011111111111111101111111111111111111111111111111444444444444444444444444444411111111111111111111111111
1101111111111111111111111111111101111111111111111101111111111111111011111111111111111011111111111111011111111111111101111111111111111111111111111111444444444444444444444444444441111111111111111111111111
1101111111111111111111111111111011111111111111111101111111111111111011111111111111110111111111111111011111111111111101111111111111111111111111111114444444444444444444444444444444441111111111111111111111
1100111111111111111111111111111011111111111111111101111111111111111011111111111111110111111111111111011111111111111101111111111111111111111111111114444444444444444444444444444444444441111111111111111111
1111000000000000000111111111111011111111111111111101111111111111111011111111111111101111111111111111011111111111111101111111111111111111111111111114444444444444444444444444444444444444441111111111111111
1111111111111111111000111111111011111111111111111101111111111111111011111111111111101111111111111111011111111111111011111111111111111111111111111114444444444444444444444444444444444444444441111111111111
1111111111111111111111000000000000000111111111111101111111111111111011111111111111101111111111111111011111111111111011111111111111111111111111111114444444444444444444444444444444444444444444441111111111
1111111111111111111111111111111111111000000000111101111111111111111011111111111111101111111111111111011111111111110111111111111111111111111111111114444444444444444444444444444444444444444444444441111111
1111111111111111111111111111111111111111111111011101111111111111111011111111111111101111111111111111011111111111110111111111111111111111111111111144444444444444444444444444444444444444444444444444441111
1111111111111111111111111111111111111111111111101101111111111111111011111111111111101111111111111111011111111111110111111111111111111111111111111144444444444444444444444444444444444444444444444444444441
1111111111111111111111111111111111111111111111110000000000000001111011111111111111101111111111111111011111111111110111111111111111111111111111111144444444444444444444444444444444444444444444444444444441
1111111111111111111111111111111111111111111111111111111111111110000001111111111111101111111111111110111111111111110111111111111111111111111111111144444444444444444444444444444444444444444444444444444441
1111111111111111111111111111111111111111111111111111111111111111111110000000000111101111111111111110111111111111110111111111111111111111111111111144444444444444444444444444444444444444444444444444444441
1111111111111111111111111111111111111111111111111111111111111111111111111111111000001111111111111110111111111111110111111111111111111111111111111444444444444444444444444444444444444444444444444444444441
1111111111111111111111111111111111111111111111111111111111111111111111111111111111110000000000111110111111111111110111111111111111111111111111111444444444444444444444444444444444444444444444444444444441
1441111111111111111111111111111111111111111111111111111111111111111111111111111111111111111111000000000111111111110111111111111111111111111111111444444444444444444444444444444444444444444444444444444441
1444111111111111111111111111111111111111111111111111111111111111111111111111111111111111111111111111111000000000110111111111111111111111111111111444444444444444444444444444444444444444444444444444444441
1444444111111111111111111111111111111111111111111111111111111111111111111111111111111111111111111111111111111111000111111111111111111111111111111444444444444444444444444444444444444444444444444444444441
1444444444111111111111111111111111111111111111111111111111111111111111111111111111111111111111111111111111111111111111111111111111111111111111111444444444444444444444444444444444444444444444444444444441
1444444444444111111111111111111111111111111111111111111111111111111111111111111111111111111111111111111111111111111111111111111111111111111111114444444444444444444444444444444444444444444444444444444441
1444444444444444111111111111111111111111111111111111111111111111111111111111111111111111111111111111111111111111111111111111111111111111111111114444444444444444444444444444444444444444444444444444444441
1444444444444444444111111111111111111111111111111111111111111111111111111111111111111111111111111111111111111111111111111111111111111111111111114444444444444444444444444444444444444444444444444444444441
1444444444444444444444444444444444411111111111111111111111111111111111111111111111111111111111111111111111111111111111111111111111111111111111114444444444444444444444444444444444444444444444444444444441
1444444444444444444444444444444444444111111111111111111111111111111111111111111111111111111111111111111111111111111111111111111111111111111111114444444444444444444444444444444444444444444444444444444441
1444444444444444444444444444444444444441111111111111111111111111111111111111111111111111111111111111111111111111111111111111111111111111111111114444444444444444444444444444444444444444444444444444444441
1444444444444444444444444444444444444444411111111111111111111111111111111111111111111111111111111111111111111111111111111111111111111111111111144444444444444444444444444444444444444444444444444444444441
1444444444444444444444444444444444444444444111111111111111111111111111111111111111111111111111111111111111111111111111111111111111111111111111144444444444444444444444444444444444444444444444444444444441
1444444444444444444444444444444444444444444411111111111111111111111111111111111111111111111111111111111111111111111111111111111111111111111111144444444444444444444444444444444444444444444444444444444441
1444444444444444444444444444444444444444444441111111111111111111111111111111111111111111111111111111111111111111111111111111111111111111111111144444444444444444444444444444444444444444444444444444444441
1444444444444444444444444444444444444444444444111111111111111111111111111111111111111111111111111111111111111111111111111111111111111111111111144444444444444444444444444444444444444444444444444444444441
1444444444444444444444444444444444444444444444411111111111111111111111111111111111111111111111111111111111111111111111111111111111111111111111144444444444444444444444444444444444444444444444444444444441
1444444444444444444444444444444444444444444444441111111111111111111111111111111111111111111111111111111111111111111111111111111111111111111111444444444444444444444444444444444444444444444444444444444441
1444444444444444444444444444444444444444444444444444444444111111111111111111111111111111111111111111111111111111111111111111111111111111111111444444444444444444444444444444444444444444444444444444444441
1444444444444444444444444444444444444444444444444444444444444444444411111111111111111111111111111111111111111111111111111111111111111111111111444444444444444444444444444444444444444444444444444444444441
1444444444444444444444444444444444444444444444444444444444444444444444444444411111111111111111111111111111111111111111111111111111111111111111444444444444444444444444444444444444444444444444444444444441
1444444444444444444444444444444444444444444444444444444444444444444444444444444444444411111111111111111111111111111111111111111111111111111111444444444444444444444444444444444444444444444444444444444441
1444444444444444444444444444444444444444444444444444444444444444444444444444444444444444444441111111111111111111111111111111111111111111111111444444444444444444444444444444444444444444444444444444444441
1111111111111111111111111111111111111111111111111111111111111111111111111111111111111111111111111111111111111111111111111111111111111111111111111111111111111111111111111111111111111111111111111111111111