111111111111111111111111111111111111111111111111111111111111111111111111111111111111111111111111111111
111111111111111111111111111111111111111111111111111111111111111111111111111181111111111111111111111111
111111111111111111111111111111111111111111111111111111888888888888888888888811000000000000000111111111
111111111111111111111111111111111111111111111888888888111111111111111111111100101111111111111000000011
111111111111111111111111111111111111111111888111111111110011111111111111111011101111111111111111110011
111111111111111111111111111111111111111188111111111111101101111111111111110111101111111111111111101011
111111111111111111111111111111111111888811111111111110011110111111101111101111110111111111111111011011
111111111111111111111111111111118888111111111111111110011111000000010111011111111011111111111100111011
111111111111111111111111111888881111111111111111111110101111011111111010111111111011111111111011111011
111111111111111111111111118111111111111111111111111101101111011111111101111111111101111111100111111011
111111111111111111111111811111111111111111111111111011101111011111111010000111111011111111011111111011
111111111111111111111181111111111111111111100000000011101111011111110111111000000111111110111111111011
111111111111111111118111111111111111111000011101110111101111101111100111111110111000011001111111111011
111111111111111111181111111111111111110111111101110111101111100000011001111001111111100111111111111011
111111111111111111811111111111111100001111111101110111101111101111111110110111111111011111111111111011
111111111111111181111111111111111011111111111101110111101111101111111111000000011110111111111111111011
111111111111111811111111111111100111111111111110000000000000000111111111011111101101111111111111111011
111111111111118111111111111100000011111111111110110111101111101011111110111111110011111111111111111011
111111111111811111111111110011101100001111111110110111101111101101111101111111111011111111111111111011
111111111118111111111111101111101111110000000000000000001111101110000011111111110111111111111111111011
111111111181111111111100000011101111111111111111110111101111101111101111111111101111111111111111111011
111111111811111111111011101101101111111111111111110111101111101111101111111111011111111111111111111011
111111118111111111110111101110000000000001111111110111101111101111011111111110111111111111111111111011
111111118111111111101111101111101111111110000000000000000000000010111111111101111111111111111111111011
111111118111111000011111101111101111111111111111111111111111111100000111111011111111111111111111110111
111111118111110111111111101111101111111111111111111111111111111110111011110111111111111111111111001111
111111181111001111111111101111011111111111111111111111111111111110111100101111111111111111111110111111
111111181100111111111111101111011111111111111111111111111111111110111111001111111001110000000001111111
111111181011111111111111101111011111111111111111111111111111111110111111010111111010001111111111111111
111111811011111111111111101111011111111111111111111111111111111111011110111011111010101111111111111111
111111811011111111111111100000011111111111111111111111111111111111101101111100111010101111111111111111
111111811101111111111111101111011111111111111111111111111111111111110011111111011010101111111111111111
111111811101111111111111101111011111111111111111111111111111111111101111111111101010101111111111111111
111118111110111111111111101111011111111111111111111111111111111111011111111111110010101111111111111111
111118111110111111111111100111011111111111111111111111111111111110111111111111111000101111111111111111
111118111110111111111111101000011111111111111111111111111111111101011111111111110000000001111111111111
111181111110111111111111101111011111111111111111111111111111111011101111111111101111111010111111111111
111181111110111111111111101111011111111111111111111111111111111011110111111100011111111011011111111111
111181111111011000000000001111011111111111111111111111111111110111111001000011111111111011101111111111
111181111111000111111111101111011111111111111111111111111111110111111110111111111111111011110111111111
111181111111011111111111011111011000000000011111111111111111101011111100111111111111111011111011111111
111181111111101111111111011111011011111111100000000001111111011100111001111111111111110111111101111111
111181111111101111111111011111011011111111111111011110000000111111000101111111111111101111111110111111
111181111111101111111111011111011011111111111111011111101110011110111101111111111111011111111111011111
111181111111101111111111011111011011111111111111011111011101101101111101111111111110111111111111101111
111181111111110111111111011111000000000000000000011111011101110011111011111111111110111111111111110011
111181111111111011111111011111111111111111111111000000111000110111111011111111111110111111111111110111
111181111111111011111111011111111111111111111111011110110111001111110000000111111110111111111111110111
111181111111111011111111011111111111111111111111011101110111101111101111111011111110111111111111110111
111181111111111101111111011111111111111111111110111101110111101111011111111100000010111111111111110111
111181111111111000000000000000000000111111111110111011110111101111011111111101111100111111111111101111
111181111111100110111111101111110111000111111110000011110111110110111111111101111101001111111111101111
111181000000011110111111101111110111111011111110111011101111111010111111111101111101110011111111101111
111181011111111110111111101111110111111011111110111011101111111100111111111101111101111100000000101111
111181101111111110111111101111111011111011111110111011101111111110111111111000000011111111111111001111
111181101111111110111111101111111011111000000000001011101111111111011111111011110111111111111111111111
111181101111111110111111101111111011111111111111110011011111111111100011111011101111111111111111111111
111181101111111110111111101111111000001111111111111100011111111111011100000111101111111111111111111111
111181110111111110111111101100000011101111111111111111011111111110111111110111101111111111111111111111
111181110111111110000000000011111111101111111111111110111111111101111111111011101111111111111111111111
111181110111111111111111101111111111101111111111111110111111111011111111111011101111111111111111111111
111118111011111111111111101111111111101111111111111101111111110111111111111011101111111111111111111111
111118111011111111111111101111111111101111111111111011111100010111111111111101011111111111111111111111
111118111101111111111111101111111111101111111111111000111011100111000000000000111111111111111111111111
111111811101111111111111101111111111101111111111000011011011101110111111111111011111111111111111111111
111111811110111111111111101111111111101111000000111011101011011101111111111111011111111111111111111111
111111811110111111111111101111111111100000101111111011110001011101111111111111011111111111111111111111
111111181111011111111111101111111100001111110111111011110110011011111111111111011111111111111111111111
111111181111011111111111100000000011101111110111111011110111100000000000000000001111111111111111111111
111111181111011111111111101111111111101111110000000111110111110111111101111111101111111111111111111111
111111181111011111111111101111111111101111111111110111110111101111111011111111011111111111111111111111
111111181111101111111111101111111111101111111111110111110111101111110111111111011111111111111111111111
111111118111110111111111101111111111101111111111110111110111101111101111111110111111111111111111111111
111111118111111011111111101111111111101111111111110111110111101111101111111110111111111111111111111111
111111118111111011111111101111111111101111111111110000000000000011101111111110111111111111111111111111
111111118111111011111111101111110000001111111111110111111111111100001111111101111111111111111111111111
111111111811111101111111100000001111111111111111110111111111111111111111111101111111111111111111111111
111111111811111101111111110111111111111111111111110111111111111111111111111101111111111111111111111111
111111111181111101111111110111111111111111111111110111111111111111111111111011111111111111111111111111
111111111181111110111111110111111111111100000000000111111111111111111111100011111111111111111111111111
111111111118111111011111110111111111111101101110110001111111111000000000011011111111111111111111111111
111111111111811111101111110111111111111101101110110110000000000111111111111011111111111111111111111111
111111111111181111110111100000000000111101101110110111111111111111111111111011111111111111111111111111
111111111111118111111011011110111111011101101110110111111111111111111111111011111111111111111111111111
111111111111111811111100111110111100000000000000110111111111111111111111111011111111111111111111111111
111111111111111181111110111110000011111111110000000000000000000111111111111011111111111111111111111111
111111111111111118111110111111111111111000001111111111111111111000000000000011111111111111111111111111
111111111111111111811111011100000000000111111111111111111111111111111111111111111111111111111111111111
111111111111111111181111010011111111111111111111111111111111111111111111111111111111111111111111111111
111111111111111111118111101111111111111111111111111111111111111111111111111111111111111111111111111111
111111111111111111111811111111111111111111111111111111111111111111111111111111111111111111111111111111
144444444444444444444444444444444444444444444444444444444444444444444444444444444444444444444444444441
144444444444444444444444444444444444444444444444444444444444444444444444444444444444444444444444444441
144444444444444444444444444444444444444444444444444444444444444444444444444444444444444444444444444441
144444444444444444444444444444444444444444444444444444444444444444444444444444444444444444444444444441
144444444444444444444444444444444444444444444444444444444444444444444444444444444444444444444444444441
144444444444444444444444444444444444444444444444444444444444444444444444444444444444444444444444444441
144444444444444444444444444444444444444444444444444444444444444444444444444444444444444444444444444441
144444444444444444444444444444444444444444444444444444444444444444444444444444444444444444444444444441
144444444444444444444444444444444444444444444444444444444444444444444444444444444444444444444444444441
144444444444444444444444444444444444444444444444444444444444444444444444444444444444444444444444444441
111111111111111111111111111111111111111111111111111111111111111111111111111111111111111111111111111111