111111111111111111111111111111111111111111111111111111111111111111111111111111111111111111111111111111
111111111111111111111111111111111111111111111111111111111111111111111111111181111111111111111111111111
111111111111111111111111111111111111111111111111111111888888888888888888888810000111111111111111111111
111111111111111111111111111111111111111111111888888888111111111111111111111101101000000000000000000011
111111111111111111111111111111111111111111888111111111111011111111111111111011101111111111111111110011
111111111111111111111111111111111111111188111111111111100101111111111111110111101111111111111111101011
111111111111111111111111111111111111888811111111111110011110111111101111101111101111111111111110011011
111111111111111111111111111111118888111111111111111110011111000000010111011111110111111111111101111011
111111111111111111111111111888881111111111111111111110011111101111111010111111111011111111111011111011
111111111111111111111111118111111111111111111111111101101111101111111100011111111101111111110111111011
111111111111111111111111811111111111111111111111000011101111101111111011100111110011111111101111111011
111111111111111111111181111111111111111111110000110111101111101111110111111000001111111111011111111011
111111111111111111118111111111111111111000001101110111101111101100000011111101110001110000111111111011
111111111111111111181111111111111111100111111101110111101111100011111101111011111110001111111111111011
111111111111111111811111111111111110011111111101110111101111101111111110010111111111011111111111111011
111111111111111181111111111111111001111111111110110111101111101111111111100111111111011111111111111011
111111111111111811111111111111100011111111111110000000000000000001111110011000001110111111111111111011
111111111111118111111111111111001100111111111110110111101111101110111001111111110101111111111111111011
111111111111811111111111111110101111001111111110110111101111101111010111111111111011111111111111111011
111111111118111111111111100001101111110000000000000000001111101111101111111111110111111111111111111011
111111111181111111111100000011101111111111111111110111101111101111101111111111101111111111111111111011
111111111811111111111011101101101111111111111111110111101111101111101111111111011111111111111111111011
111111118111111111100111101110000000000000000001110111101111101111101111111110111111111111111111111011
111111118111111111011111101111101111111111111110000000000000000011011111111101111111111111111100000011
111111118111111110111111101111101111111111111111111111111111111100011111111011111111111111111011111111
111111118111111101111111101111101111111111111111111111111111111110101111110111111111111111110111111111
111111181111111011111111101111101111111111111111111111111111111110110001110111111111111110001111111111
111111181111000111111111101111101111111111111111111111111111111110111110001111111011110001111111111111
111111181000111111111111101111101111111111111111111111111111111110111110110011111000001111111111111111
111111811011111111111111101111101111111111111111111111111111111111011101111101111010101111111111111111
111111811011111111111111100000011111111111111111111111111111111111101011111110111010101111111111111111
111111811101111111111111101111011111111111111111111111111111111111110111111111011010101111111111111111
111111811101111111111111101111011111111111111111111111111111111111101111111111101010101111111111111111
111118111101111111111111101111011111111111111111111111111111111111011111111111110010101111111111111111
111118111110111111111111100001011111111111111111111111111111111110111111111111111010101111111111111111
111118111110111111111111101110011111111111111111111111111111111101011111111111111100000001111111111111
111181111110111111111111101111011111111111111111111111111111111011101111111111111001111100111111111111
111181111111011111111111101111011111111111111111111111111111111011110111111111100111111101011111111111
111181111111000000000000001111011111111111111111111111111111111011111001111100011111111101101111111111
111181111111011111111111101111011111111111111111111111111111110011111110000011111111111011110111111111
111181111111011111111111101111011000000000011111111111111111101101111101111111111111111011111011111111
111181111111011111111111101111011011111111100000011111111111011110100001111111111111110111111100111111
111181111111101111111111101111011011111111111111000000000000111111011101111111111111101111111111011111
111181111111101111111111101111011011111111111111011111011110001110111101111111111111101111111111101111
111181111111101111111111101111011011111111111111011111011110110101111011111111111111101111111111110111
111181111111101111111111011111000000000000000000001110111101111011110111111111111111101111111111111011
111181111111101111111111011111111111111111111111010000111000110111110111111111111111101111111111111011
111181111111101111111111011111111111111111111111011110111011010111110111111111111111011111111111110111
111181111111110111111111011111111111111111111111011101111011101111110011111111111111011111111111110111
111181111111111011111111011111111111111111111111011011111011110111110100000000111110111111111111110111
111181111111000000000000000000000000111111111110001011110111111011101111111011000000111111111111110111
111181111110111101111111011111110111001111111110110011110111111011101111111011111101000000111111110111
111181000001111101111111011111110111110011111110110111110111111101101111111011111101111111011111110111
111181011111111101111111011111111011111011111110110111110111111110011111111011111101111111100000001111
111181011111111101111111101111111011111011111110110111110111111110111111111000000011111111111111101111
111181101111111110111111101111111011111000000000000111110111111111011111110111111011111111111111111111
111181110111111110111111101111111011111111111111110111101111111111100000110111110111111111111111111111
111181111011111110111111101111111000001111111111111000011111111111011111000111110111111111111111111111
111181111011111110111111101000000011101111111111111111011111111110111111111011110111111111111111111111
111181111101111110000000000111111111101111111111111110111111111101111111111011101111111111111111111111
111181111110111111111111101111111111101111111111111101111111111101111111111101011111111111111111111111
111118111110111111111111101111111111101111111111111011111111111011111111111101011111111111111111111111
111118111110111111111111101111111111101111111111111011111100000111111111111101011111111111111111111111
111118111111011111111111101111111111101111111111111000111011110111000000000000111111111111111111111111
111111811111101111111111101111111111101111100000000011010111101110111111111110111111111111111111111111
111111811111110111111111101111111111101111011111111011100111011110111111111110111111111111111111111111
111111811111110111111111101111111111100000011111111011110000011101111111111111011111111111111111111111
111111181111111011111111101111111111101111101111111011110111000011111111111111101111111111111111111111
111111181111111101111111100000000000001111110111111011110111111000000000000000001111111111111111111111
111111181111111101111111101111111111101111110000000111110111110111111101111111101111111111111111111111
111111181111111101111111101111111111101111111111110111110111110111111101111111101111111111111111111111
111111181111111101111111101111111111101111111111110111110111110111111011111111101111111111111111111111
111111118111111101111111101111111111101111111111110111110111101111110111111111101111111111111111111111
111111118111111101111111101111111111101111111111110111110111101111110111111111011111111111111111111111
111111118111111101111111101111111111101111111111110000000000000001101111111110111111111111111111111111
111111118111111101111111100000000000001111111111110111111111111110001111111110111111111111111111111111
111111111811111101111111101111111111111111111111110111111111111111111111111101111111111111111111111111
111111111811111110111111110111111111111111111111110111111111111111111111111101111111111111111111111111
111111111181111110111111110111111111111111111111110111111111111111111111111101111111111111111111111111
111111111181111111011111110111111111111100000000000000000001111111111111110011111111111111111111111111
111111111118111111101111110111111111111101101110110111111110111000000000001011111111111111111111111111
111111111111811111110111110111111111111101101110110111111111000111111111111011111111111111111111111111
111111111111181111110111000000000000111101101110110111111111111111111111111011111111111111111111111111
111111111111118111111010111110111110111101101110110111111111111111111111111011111111111111111111111111
111111111111111811111101111110100000000000000000110111111111111111111111111011111111111111111111111111
111111111111111181111101111110011111111110000000000000011111111111111111111011111111111111111111111111
111111111111111118111110111111111100000001111111111111100000000000000000000011111111111111111111111111
111111111111111111811111011111000011111111111111111111111111111111111111111111111111111111111111111111
111111111111111111181111011000111111111111111111111111111111111111111111111111111111111111111111111111
111111111111111111118111100111111111111111111111111111111111111111111111111111111111111111111111111111
111111111111111111111811111111111111111111111111111111111111111111111111111111111111111111111111111111
144444444444444444444444444444444444444444444444444444444444444444444444444444444444444444444444444441
144444444444444444444444444444444444444444444444444444444444444444444444444444444444444444444444444441
144444444444444444444444444444444444444444444444444444444444444444444444444444444444444444444444444441
144444444444444444444444444444444444444444444444444444444444444444444444444444444444444444444444444441
144444444444444444444444444444444444444444444444444444444444444444444444444444444444444444444444444441
144444444444444444444444444444444444444444444444444444444444444444444444444444444444444444444444444441
144444444444444444444444444444444444444444444444444444444444444444444444444444444444444444444444444441
144444444444444444444444444444444444444444444444444444444444444444444444444444444444444444444444444441
144444444444444444444444444444444444444444444444444444444444444444444444444444444444444444444444444441
144444444444444444444444444444444444444444444444444444444444444444444444444444444444444444444444444441
111111111111111111111111111111111111111111111111111111111111111111111111111111111111111111111111111111