1111111111111111111111111111111111111111111111111111111111111111111111111111111111111111111111111111111111111111111111111111111111111111111111111111111111111111111111111111111111111111111111111111111111
1111111111111111111111111111111111111111111111111111111111111111111111111111111111111111111188888888888888888888811111111111111111111111111111111111111111111111111111111111111111111111111111111111111111
1111111111111111111111111111111111111111111111111111111111111111111111111111111111111888888888888888888888888888888111111111111111111111111111111111111111111111111111111111111111111111111111111111111111
1111111111111111111111111111111111111111111111111111111111111111111111111111118888888888888888888888888888888888888881111111111111111111111111111111111111111111111111111111111111111111111111111111111111
1111111111111111111111111111111111111111111111111111111111111111111111888888888888888888888811111111111111111111118888881111111111111111111111111111111111111111111111111111111111111111111111111111111111
1111111111111111111111111111111111111111111111111111111111111118888888888888888888888111111111111100000000000011111888888811111111111111111111111111111111111111111111111111111111111111111111111111111111
1111111111111111111111111111111111111111111111111111111888888888888888888888881111111111100000000011111111011100000111888888111111111111111111111111111111111111111111111111111111111111111111111111111111
1111111111111111111111111111111111111111111111118888888888888888888888000000000000000000011111111111111111011111111011188888881111111111111111111111111111111111111111111111111111111111111111111111111111
1111111111111111111111111111111111111111188888888888888888888811101111111011111101111111111111111111111111011111111000111188888881111111111111111111111111111111111111111111111111111111111111111111111111
1111111111111111111111111111111111188888888888888888888111111110011111110111111101111111111111111111111111011111111011000111888888811111111111111111111111111111111111111111111111111111111111111111111111
1111111111111111111111111111188888888888888888881111111111111001111111101111111110111111111111111111111111011111111011110001118888888811111111111111111111111111111111111111111111111111111111111111111111
1111111111111111111111118888888888811111111111111111111110000111111111101111111111011111111111111111111111011111111011101110111188888888111111111111111111111111111111111111111111111111111111111111111111
1111111111111111111111888888811111111111111111111111111001101111111111011111111111101111111111111111111111011111111011101111001111888888881111111111111111111111111111111111111111111111111111111111111111
1111111111111111111188881111111111111111111111111111000111011111111110111111111111101111111111111111111110111111111011101111110111118888888811111111111111111111111111111111111111111111111111111111111111
1111111111111111118888111111111111111111111111111110111110111111111101111111111110001111111111111111111110111111111011011111111011111118888888811111111111111111111111111111111111111111111111111111111111
1111111111111111888811111111111111111111111111100001111101111111111011111111111101110111111111111111111001111111111011011111111100111111188888888111111111111111111111111111111111111111111111111111111111
1111111111111188881111111111111111111111100000011111111010111111110111111111110011111011111111111111000101111111110110111111111101001111111888888881111111111111111111111111111111111111111111111111111111
1111111111118888111111111111111111000000011111111111110111011111101111111111101111111101111111111110111101111111101110111111111101110111111118888888811111111111111111111111111111111111111111111111111111
1111111111888811111111111111111110111111111111111111101111101111011111111111011111111110111111111101111101111111101110111111111101111011111111118888888811111111111111111111111111111111111111111111111111
1111111188881111111111111111111101011111111111111100011111110100101111111110111111111111011111111011111101111111011110111111111011111101111111111188888888111111111111111111111111111111111111111111111111
1111118888111111111111111111111011011111111111111011111111111011110111111101111111111111101111000111111011111111011110111111111011111110111111111111188888888111111111111111111111111111111111111111111111
1111888811111111111111111111110111011111111111100111111111110101111011111011111111111111110100111111111011111110111110111111111011111111001111111111111888888881111111111111111111111111111111111111111111
1188881111111111111111111000001111101111111100011111111111101101111101100111111111111111111011111111111011111110111101111111111011111111110111111111111188888888111111111111111111111111111111111111111111
1888111111111111111111100111111111101111111011111111111110011110111100011111111111111111110101111111111000111110111101111111111011111111111000111111111111888888881111111111111111111111111111111111111111
1881111111111111111110010111111111110111110111111111111101111111011011011111111111111111001110111111000111000000111011111111111011111111111111001111111111188888888111111111111111111111111111111111111111
1111111111111111111101110111111111111011101111111111111011111110000111011111111111111100111110111100110111111110000001111111111011111111111111110111111111118888888811111111111111111111111111111111111111
1111111111111111111011111011111111111100011111111111100111111101111111101111111111111011111110111011101111111110111010011111111011111111111111111011111111111888888881111111111111111111111111111111111111
1111111111111111000111111101111111111001111111111111011111111011111111110111111111110111111110100111101111111101110111100000000011111111111111111101111111111188888888111111111111111111111111111111111111
1111111111111110011111111101111111110110111111111110111111100111111111110111111111101111111111011111011111111101101111101111111011111111111111111110000111111111888888881111111111111111111111111111111111
1111111111111101011111111101111111001010111111111001111111011111111111111011111111101111111110101111011111111011011111101111111011111111111111111110001111111111188888888111111111111111111111111111111111
1111111111111011011111111110111110111011011111110011111110111111111111111101111111110111110001110110111111110110111111101111111011111111111111111101111111111111118888888811111111111111111111111111111111
1111111111110111011111111111011101111011101110001101111101111111111111111110111111111011101111111010111111101110111111101111111011111111111111100011111111111111111888888881111111111111111111111111111111
1111111111101111011111111111101011111011101001111110111011111111111111111110111111111101011111111001111111101110111111011111111011111111111111011111111111111111111188888888111111111111111111111111111111
1111111111011111011111111111100111111101110111111111010111111111111111111111011111111110000011111101111111101110111111011111111011111111111110111111111111111111111111888888881111111111111111111111111111
1111111111011111011111111111110111111110101111111111101111111111111111111111101111110001111100000000000000000000000000000111111011111111111101111111111111111111111111188888888111111111111111111111111111
1111111110111111000011111111110111111111011111111111011111111111111111111111110111101111111111111111111111101111111111011000000011111111111011111111111111111111111111118888888811111111111111111111111111
1111111110110000111101111111111011111100111111111100111111111111111111111111110111011111111111111111111111101111111111011111111011111111110111111111111111111111111111111888888881111111111111111111111111
1111111111001111111110011111111011111011111111111011111111111111111111111111111000111111111111111111111111101111111111011111111011111110001111111111111111111111111111111188888888111111111111111111111111
1111111111011111111110101111111011110111111111110111111111111111111111111111111011111111111111111111111111101111111111011111111011111101111111111111111111111111111111111111888888881111111111111111111111
1111111110011111111001110000111100001111111111101111111111111111111111111111111011111111111111111111111111011111111111011111111011111011111111111111111111111111111111111111188888888111111111111111111111
1111111101101111110111111111011101111111111111011111111111111111111111111111111101111111111111111111111111011111111111011111111011110111111111111111111111111111111111111111118888888811111111111111111111
1111111011110110001111111111101010111111111100111111111111111111111111111111111101111111111111111111111111011111111111011111110111101111111111111111111111111111111111111111118888888881111111111111111111
1111110111110101111111111111110110111111111011111111111111111111111111111111111101111111111111111111111111011111111111011111110111011111111111111111111111111111111111111111111888888888111111111111111111
1111101111000011111111111111001111011111110111111111111111111111111111111111111110111111111111111111111111011111111111011111110110111111111111111111111111111111111111111111111188888888881111111111111111
1110011110111101111111111100111111011111001111111111111111111111111111111111111111011111111111111111111110000000111111011111110101111111111111111111111111111111111111111111111118888888888111111111111111
1101111001111110111111111011111111011100111111111111111111111111111111111111111111011111111111111111111101011111000000011111100011111111111111111111111111111111111111111111111111888888888811111111111111
1101100111111100011111110111111111101011111111111111111111111111111111111111111111011111111111111111111011011111111111011111010111111111111111111111111111111111111111111111111111888888888881111111111111
1101011111111011101111001111111111110111111111111111111111111111111111111111111111011111111111111111110111101111111111011100110111111111111111111111111111111111111111111111111111188888888888811111111111
1110111111110111110100111111111110000111111111111111111111111111111111111111111111011111111111111111101111101111111111011011110111111111111111111111111111111111111111111111111111118888888888888111111111
1110111111101111111011111111111001111011111111111111111111111111111111111111111111011111111111111111011111101111111111010111110111111111111111111111111111111111111111111111111111111888888888888811111111
1110111110011111110011111111110111111011111111111111111111111111111111111111111111011111111111111110111111101111111111001111111011111111111111111111111111111111111111111111111111111888888881118888111111
1111011101111111001101111111101111111101111111111111111111111111111111111111111111011111111111111101111111101111111111011111111011111111111111111111111111111111111111111111111111111118888888111888881111
1111000011111100111101111111011111111101111111111111111111111111111111111111111111011111111111111011111111101111111110111111111011111111111111111111111111111111111111111111111111111118888888111118888811
1111011111111011111110111110111111111101111111111111111111111111111111111111111111101111111111110111111111101111111101111111111011111111111111111111111111111111111111111111111111111111188888811111188881
1111100111100111111111011001111111111110111111111111111111111111111111111111111111110111111111101111111111101111111011111111111011111111111111111111111111111111111111111111111111111111188888811111111881
1111111010011111111111010111111111111111011111111111111111111111111111111111111111110111111111011111111111110111100111111111111011111110000111111111111111111111111111111111111111111111118888881111111111
1111111101111111111111101111111111111111101111111111111111111111111111111111111111110111111110111111111111110110011111111111111000000001110111111111111111111111111111111111111111111111111888881111111111
1111111101111111111110001111111111111111110111111111111111111111111111111111111111110111111101111111111111110101111111111111111011111111110111111111111111111111111111111111111111111111111888888111111111
1111111110111111111101101111111111111111110111111111111111111111111111111111111111111011110011111111111111110000000000000000000011111111110111111111111111111111111111111111111111111111111888888111111111
1111111110111111110011101111111111111111111011111111111111111111111111111111111111111011101111111111000000001111111111011111111101111111110111111111111111111111111111111111111111111111111188888811111111
1111111110111111101111110111111111111111111011111111111111111111111111111111111111111010011111000000111111111111111111011111111101111111110111111111111111111111111111111111111111111111111188888811111111
1111111111011110011111110111111111111111111011111111111111111111111111111111111100000000000000111111111111111111111111011111111110111111110111111111111111111111111111111111111111111111111118888881111111
1111111111010001111111111011111111111111111011111111111111111111111111000000000011111101111111111111111111111111111111101111111110111111110111111111111111111111111111111111111111111111111111888881111111
1111111111001111111111111101111111111111111101111111111111111111111100111111111111111101111111111111111111111111111111101111111110111111110111111111111111111111111111111111111111111111111111188888111111
1111111111011111111111111101111111111111111101111111110000000000000011111111111111111101111111111111111111111111111111110111111110111111110111111111111111111111111111111111111111111111111111188888111111
1111111111011111111111111110111111111111111110110000000111111111011111111111111111111101111111111111111111111111111111110111111110111111111011111111111111111111111111111111111111111111111111118888811111
1111111111011111111111111111011111111100000000001011110111111111011111111111111111111101111111111111111111111111111111110111111110111111111011111111111111111111111111111111111111111111111111118888811111
1111111111011111111111111111101111000010111110111011111011111111101111111111111111111101111111111111111111111111111111110111111110111111111011111111111111111111111111111111111111111111111111111888881111
1111111111011111111111111111110000111101111110111011111011111111101111111111111111111110111111111111111111111111111111110111111110111111111011111111111111111111111111111111111111111111111111111888881111
1111111111011111111111111000000111111011111110111011111011111111101111111111111111111110111111111111111111111111111111110111111110111111111011111111111111111111111111111111111111111111111111111188888111
1111111111011111111110000111111111110111111110111011111011111111101111111111111111111110111111111111111111111111111111111011111111011111111011111111111111111111111111111111111111111111111111111188888111
1111111111011111111101111111111111101111111110111011111011111111101111111111111111111110111111111111111111111111111111111011111111011111111011111111111111111111111111111111111111111111111111111118888811
1111111111011111000011111111111111011111111101111011111101111111101111111111111111111110111111111111111111111111111111111011111111011111111011111111111111111111111111111111111111111111111111111118888811
1111111111101000111111111111111110111111111100000011111101111111101111111111111111111110111111111111111111111111111111111011111111011111111011111111111111111111111111111111111111111111111111111111888881
1111111111100111111111111111111101111111111101111000000001111111110111111111111111111111011111111111111111111111111111111011111111011111111011111111111111111111111111111111111111111111111111111111888881
1111111111101111111111111111111011111111111101110111111101111111110111111111111111111111011111111111111111111111111111111011111111011111111011111111111111111111111111111111111111111111111111111111888881
1111111111101111111111111111110111111111111101110111111101111111110111111111111111111111011111111111111111111111111111111011111111011111111101111111111111111111111111111111111111111111111111111111888881
1111111111101111111111111111101111111111111101101111111101111111110111111111111111111111011111111111111111111111111111111011111111011111111101111111111111111111111111111111111111111111111111111111888881
1111111111101111111111111111011111111111111011101111111101111111110111111111111111111111011111111111111111111111111111111011111111011111111101111111111111111111111111111111111111111111111111111111888881
1111111111101111111111111110111111111111110111101111111101111111110111111111111111111111011111111111111111111111111111110011111111011111111101111111111111111111111111111111111111111111111111111111888881
1111111111101111111111111001111111111111110111101111111101111111110111111111111111111111011111111111111111111111111111001111111111011111111101111111111111111111111111111111111111111111111111111111888881
1111111111101111111111110111111111111111101111101111111101111111110111111111111111111111011111111111111111111111111000111111111111011111111101111111111111111111111111111111111111111111111111111111888881
1111111111101111111111101111111111111111011111101111111101111111110111111111111111111111011111111111111111111111100111111111111111011111111101111111111111111111111111111111111111111111111111111111888881
1111111111101111111111011111111111111111011111101111111101111111110111111111111111111111101111111111111111111111011111111111111111011111111101111111111111111111111111111111111111111111111111111111888881
1111111111101111111110111111111111111111011111101100000001111111110111111111111111111111101111111111111111111111011111111111111110000000000001111111111111111111111111111111111111111111111111111111888881
1111111111101111111101111111111111111111000000000011111101111111110111111111111111111111101111111111111111111111011111111000000001111111111101111111111111111111111111111111111111111111111111111111888881
1111111111101111111011111111111111111111111111011111111101111111110111111111111111111111101111111111111111111110111111110111111111111111111101111111111111111111111111111111111111111111111111111111888881
1111111111101111110111111111111111111111111111011111111101111111110111111111111111111111101111111111111111111101111100001111111111111111111101111111111111111111111111111111111111111111111111111111888881
1111111111101111101111111111111111111111111111011111111101111111110111111111111111111111101111111111111111111000000011111111111111111111111101111111111111111111111111111111111111111111111111111118888881
1111111111101111011111111111111111111111111111011111111110111111111011111111111111111111101111111111111111110011111111111111111111111111111101111111111111111111111111111111111111111111111111111118888881
1111111111101110111111111111111111111111111111101111111110111111111011111111111111111111101111111111111000000111111111111111111111111111111011111111111111111111111111111111111111111111111111111118888881
1111111111101101111111111111111111111111111111101111111110111111111011111000000000000000000000000000000111111011111111111111111111111111111011111111111111111111111111111111111111111111111111111188888881
1111111111101011111111111111111111111111111111101111111110111111111000000111111111111111110111111111111111111011111111111111111111111111111011111111111111111111111111111111111111111111111111111188888881
1111111111100000011111111111111111111111111111101111111110111111111011111111111111111111110111111111111111111011111111111111111111111111111011111111111111111111111111111111111111111111111111111888888881
1111111111101111100000000000000000000000000000001111111110111111111011111111111111111111110111111111111111111011111111111111111111111111111011111111111111111111111111111111111111111111111111111888888881
1111111111110111111111111111111111111111111111110111111110111111111011111111111111111111110111111111111111111011111111111111111111111111111011111111111111111111111111111411111111111111111111118888888811
1111111111111011111111111111111111111111111111111011111110111111111011111111111111111111110111111111111111111011111111111111111111111111111011111111111111111111111111114444411111111111111111188888888811
1111111111111011111111111111111111111111111111111011111111011111111101111111111111111111110111111111111111111101111111111111111111111111111011111111111111111111111111144444444441111111111111188888888811
1111111111111011111111111111111111111111111111111011111111011111111101111111111111111111110111111111111111111101111111111111111111111111111011111111111111111111111111144444444444444111111111888888888111
1111111111111101111111111111111111111111111111111011111111011111111101111111111111111111110111111111111111111101111111111111111111111111111011111111111111111111111111144444444444444444411118888888888111
1111111111111101111111111111111111111111111111111011111111011111111101111111111111111111110111111111111111111101111111111111111111111111111011111111111111111111111111144444444444444444411118888888888111
1111111111111101111111111111111111111111111111111011111111011111111101111111111111111111110111111111111111111101111111111111111111111111000011111111111111111111111111444444444444444444111188888888881111
1111111111111101111111111111111111111111111111111011111111011111111101111111111111111111110111111111111111111110111111111111111111110000110111111111111111111111111111444444444444444444111188888888881111
1111111111111101111111111111111111111111111111111011111111011111111101111111111111111111110111111111111111111110111111000000000000001111101111111111111111111111111111444444444444444444111888888888811111
1111111111111110111111111111111111111111111111111011000000101111111110111111111111111111110111111111111111000000000000111111111111111111011111111111111111111111111114444444444444444441111888888888811111
1111111111111111011111111111111111111111111111111000111111101111111110111111111111111111111011110000000000111111111111111111111111111110111111111111111111111111111114444444444444444441118888888888811111
1111111111111111011111111111111111111111111111111111111111101111111110111111111111111111111000001111111111111111111111111111111111111110111111111111111111111111111114444444444444444441188888888888111111
1111111111111111101111111111111111111111111111111111111111101111111110111111111111111111111011111111111111111111111111111111111111111101111111111111111111111111111144444444444444444411188888888888111111
1111111111111111101111111111111111111111111111111111111111101111111110111111111111111111111011111111111111111111111111111111111111111011111111111111111111111111111144444444444444444411888888888881111111
1111111111111111101111111111111111111111111111111111111111101111111110111111111111111111111011111111111111111111111111111111111111110111111111111111111111111111111144444444444444444411888888888881111111
1111111111111111101111111111111111111111111111111111111111101111111110111111111111111111111011111111111111111111111111111111111111101111111111111111111111111111111444444444444444444118888888888811111111
1111111111111111101111111111111111111111111111111111111111110111111111011111111111111111111011111111111111111111111111111111111111011111111111111111111111111111111444444444444444444118888888888811111111
1111111111111111101111111111111111111111111111111111111111110111111111011111111111111111111011111111111111111111111111111111111110111111111111111111111111111111111444444444444444444444444444444411111111
1111111111111111101111111111111111111111111111111111111111110111111111011111111111111111111011111111111111111111111111111111111101111111111111111111111111111111114444444444444444444444444444444111111111
1111111111111111110111111111111111111111111111111111111111110111111111011111111111111111111011111111111111111111111111111111111011111111111111111111111111111111114444444444444444444444444444444111111111
1111111111111111110111111111111111111111111111111111111111110111111111011111111111111111111101111111111111111111111111111111110111111111111111111111111111111111114444444444444444444444444444441111111111
1111111111111111110111111111111111111111111111111111111111110111111111011111111111111111111101111111111111111111111111111111101111111111111111111111111111111111144444444444444444444444444444441111111111
1111111111111111111011111111111111111111111111111111111111110111111111011111111111111111111101111111111111111111111111111111011111111111111111111111111111111111144444444444444444444444444444441111111111
1111111111111111111101111111111111111111111111111111111111110111111111011111111111111111111101111111111111111111111111111110111111111111111111111111111111111111144444444444444444444444444444411111111111
1111111111111111111110111111111111111111111111111111111111110111111111011111111111111111111101111111111111111111111111111101111111111111111111111111111111111111444444444444444444444444444444411111111111
1111111111111111111110111111111111111111111111111111111111110111111111011111111111111111111101111111111111111111111111111011111111111111111111111111111111111111444444444444444444444444444444111111111111
1111111111111111111110111111111111111111111111111111111111110111111111011111111111111111111101111111111111111111111111110111111111111111111111111111111111111111444444444444444444444444444444111111111111
1111111111111111111110111111111111111111111111111111111111110111111111011111000000000000000001111111111111111111111111101111111111111111111111111111111111111114444444444444444444444444444441111111111111
1111111111111111111111011111111111111111111111111111111111110000000000000000111111111111111101111111111111111111111111101111111111111111111111111111111111111114444444444444444444444444444441111111111111
1111111111111111111111101111111111111111111111111111111111110111111111111111111111111111111101111111111111111111111111011111111111111111111111111111111111111114444444444444444444444444444441111111111111
1111111111111111111111101111111111111111111111111111111111110111111111111111111111111111111101111111111111111111111110111111111111111111111111111111111111111144444444444444444444444444444411111111111111
1111111111111111111111101111111111111111111111111111111111110111111111111111111111111111111101111111111111111111111101111111111111111111111111111111111111111144444444444444444444444444444411111111111111
1111111111111111111111101111111111111111111111111111111111110111111111111111111111111111111110111111111111111111111011111111111111111111111111111111111111111144444444444444444444444444444111111111111111
1111111111111111111111110111111111111111111111111111111111110111111111111111111111111111111111011111111111111111110111111111111111111111111111111111111111111444444444444444444444444444444111111111111111
1111111111111111111111110111111111111111111111111111111111111011111111111111111111111111111111101111111111111111101111111111111111111111111111111111111111111444444444444444444444444444444111111111111111
1111111111111111111111110111111111111111111111111111111111111011111111111111111111111111111111101111111111111111011111111111111111111111111111111111111111111444444444444444444444444444441111111111111111
1111111111111111111111110111111111111111111111111111111111111011111111111111111111111111111111101111111111111110111111111111111111111111111111111111111111114444444444444444444444444444441111111111111111
1111111111111111111111110111111111111111111111111111111111111011111111111111111111111111111111101111111111111101111111111111111111111111111111111111111111114444444444444444444444444444411111111111111111
1111111111111111111111110111111111111111111111111111111111111011111111111111111111111111111111101111111111111000111111111111111111111111111111111111111111114444444444444444444444444444411111111111111111
1111111111111111111111110111111111111111111111111111111111111011111111111111111111111111111111101111111111110111011111111111111111111111111111111111111111144444444444444444444444444444111111111111111111
1111111111111111111111111011111111111111111111111111111111111011111111111111111111111111111111101111111111101111101111111111111111111111111111111111111111144444444444444444444444444444111111111111111111
1111111111111111111111111101111111111111111111111111111111111011111111111111111111111111111111110111111111011111110011111111111111111111111111111111111111144444444444444444444444444444111111111111111111
1111111111111111111111111101111111111111111111111111111111111011111111111111111111111111111111110111111110111111111101111111111111111111111111111111111111444444444444444444444444444441111111111111111111
1111111111111111111111111110111111111111111111111111111111111011111111111111111111111111111111110111111101111111111101111111111111111111111111111111111111444444444444444444444444444441111111111111111111
1111111111111111111111111111011111111111111111111111111111111011111111111111111111111111111111110111111101111111111011111111111111111111111111111111111111444444444444444444444444444411111111111111111111
1111111111111111111111111111011111111111111111111111111111111011111111111111111111111111111111110111111011111111110111111111111111111111111111111111111114444444444444444444444444444411111111111111111111
1111111111111111111111111111101111111111111111111111111111111011111111111111111111111111111111110111110111111111110111111111111111111111111111111111111114444444444444444444444444444411111111111111111111
1111111111111111111111111111110111111111111111111111111111111101111111111111111111111111111111110111101111111111110111111111111111111111111111111111111114444444444444444444444444444111111111111111111111
1111111111111111111111111111111011111111111111111111111111111101111111111111111111111111111111110111011111111111101111111111111111111111111111111111111144444444444444444444444444444111111111111111111111
1111111111111111111111111111111011111111111111111111111111111101111111111111111111111111111111110110111111111111101111111111111111111111111111111111111144444444444444444444444444441111111111111111111111
1111111111111111111111111111111011111111111111111111111111111101111111111111111111111111111111110101111111111111101111111111111111111111111111111111111144444444444444444444444444441111111111111111111111
1111111111111111111111111111111101111111111111111111111111000000000000000000000000000111111111111011111111111111011111111111111111111111111111111111111444444444444444444444444444411111111111111111111111
1111111111111111111111111111111101111111111111111111111110111111111111111111111111111000000000000001111111111110111111111111111111111111111111111111111444444444444444444444444444411111111111111111111111
1111111111111111111111111111111110111111111111111111110001111111111111111111111111111111111111110110111111111110111111111111111111111111111111111111111444444444444444444444444444411111111111111111111111
1111111111111111111111111111111110111111111000000000001111111111111111111111111111111111111111101111000111111110111111111111111111111111111111111111114444444444444444444444444444111111111111111111111111
1111000000111111111111111111111111011111000111111111111111111111111111111111111111111111111111011111111001111101111111111111111111111111111111111111114444444444444444444444444444111111111111111111111111
1111011111000000111111111111111111011000111111111111111111111111111111111111111111111111111110111111111110000001111111111111111111111111111111111111114444444444444444444444444441111111111111111111111111
1111011111111111011111111111111111010111111111111111111111111111111111111111111111111111111101111111111111111101111111111111111111111111111111111111144444444444444444444444444441111111111111111111111111
1111011111111111100000000000000000000111111111111111111111111111111111111111111111111111111011111111111111111111111111111111111111111111111111111111144444444444444444444444444441111111111111111111111111
1111011111111111111111111111111110111000001111111111111111111111111111111111111111111111110111111111111111111111111111111111111111111111111111111111144444444444444444444444444411111111111111111111111111
1111011111111111111111111111111110111111110000111111111111111111111111111111111111111111101111111111111111111111111111111111111111111111111111111111144444444444444444444444444411111111111111111111111111
1111011111111111111111111111111110111111111111000000000000000011111111111111111111111111011111111111111111111111111111111111111111111111111111111111144444444444444444444444444411111111111111111111111111
1111011111111111111111111111111110111111111111111101111111111100000000000000000000001110111111111111111111111111111111111111111111111111111111111111144444444444444444444444444411111111111111111111111111
1110111111111111111111111111111110111111111111111101111111111111111101111111111111110000000000000111111111111111111111111111111111111111111111111111144444444444444444444444444411111111111111111111111111
1110111111111111111111111111111110111111111111111101111111111111111101111111111111111101111111111011111111111111111111111111111111111111111111111111144444444444444444444444444411111111111111111111111111
1110111111111111111111111111111101111111111111111101111111111111111101111111111111111011111111111100000011111111111111111111111111111111111111111111444444444444444444444444444411111111111111111111111111
1110111111111111111111111111111101111111111111111101111111111111111101111111111111111011111111111111011101111111111111111111111111111111111111111111444444444444444444444444444411111111111111111111111111
1110111111111111111111111111111011111111111111111011111111111111111101111111111111110111111111111111011110000011111111111111111111111111111111111111444444444444444444444444444411111111111111111111111111
1110111111111111111111111111111011111111111111111011111111111111111101111111111111110111111111111111011111111100000001111111111111111111111111111111444444444444444444444444444411111111111111111111111111
1110111111111111111111111111111011111111111111111011111111111111111101111111111111110111111111111111011111111111111101111111111111111111111111111111444444444444444444444444444411111111111111111111111111
1110111111111111111111111111111011111111111111111011111111111111111101111111111111110111111111111111011111111111111101111111111111111111111111111111444444444444444444444444444441111111111111111111111111
1110111111111111111111111111111011111111111111111011111111111111111101111111111111110111111111111111011111111111111011111111111111111111111111111114444444444444444444444444444444441111111111111111111111
1100000011111111111111111111111011111111111111111011111111111111111101111111111111110111111111111111011111111111111011111111111111111111111111111114444444444444444444444444444444444441111111111111111111
1111111100001111111111111111111011111111111111111011111111111111111101111111111111110111111111111111011111111111111011111111111111111111111111111114444444444444444444444444444444444444441111111111111111
1111111111110000000000111111111011111111111111111011111111111111111101111111111111110111111111111111011111111111111011111111111111111111111111111114444444444444444444444444444444444444444441111111111111
1111111111111111111111000000000000001111111111111011111111111111111101111111111111110111111111111111011111111111111011111111111111111111111111111114444444444444444444444444444444444444444444441111111111
1111111111111111111111111111111111110111111111111011111111111111111101111111111111110111111111111111011111111111111011111111111111111111111111111114444444444444444444444444444444444444444444444441111111
1111111111111111111111111111111111111000000011111011111111111111111011111111111111101111111111111111011111111111111011111111111111111111111111111144444444444444444444444444444444444444444444444444441111
1111111111111111111111111111111111111111111100001011111111111111111011111111111111101111111111111111011111111111111011111111111111111111111111111144444444444444444444444444444444444444444444444444444441
1111111111111111111111111111111111111111111111110000000000000000001011111111111111101111111111111110111111111111111011111111111111111111111111111144444444444444444444444444444444444444444444444444444441
1111111111111111111111111111111111111111111111111111111111111111110000000000001111101111111111111110111111111111111011111111111111111111111111111144444444444444444444444444444444444444444444444444444441
1111111111111111111111111111111111111111111111111111111111111111111111111111110111101111111111111110111111111111111011111111111111111111111111111144444444444444444444444444444444444444444444444444444441
1111111111111111111111111111111111111111111111111111111111111111111111111111111000000000011111111110111111111111111011111111111111111111111111111444444444444444444444444444444444444444444444444444444441
1111111111111111111111111111111111111111111111111111111111111111111111111111111111111111100001111110111111111111111011111111111111111111111111111444444444444444444444444444444444444444444444444444444441
1441111111111111111111111111111111111111111111111111111111111111111111111111111111111111111110000000000001111111111011111111111111111111111111111444444444444444444444444444444444444444444444444444444441
1444111111111111111111111111111111111111111111111111111111111111111111111111111111111111111111111111111110011111111011111111111111111111111111111444444444444444444444444444444444444444444444444444444441
1444444111111111111111111111111111111111111111111111111111111111111111111111111111111111111111111111111111100000000111111111111111111111111111111444444444444444444444444444444444444444444444444444444441
1444444444111111111111111111111111111111111111111111111111111111111111111111111111111111111111111111111111111111111111111111111111111111111111111444444444444444444444444444444444444444444444444444444441
1444444444444111111111111111111111111111111111111111111111111111111111111111111111111111111111111111111111111111111111111111111111111111111111114444444444444444444444444444444444444444444444444444444441
1444444444444444111111111111111111111111111111111111111111111111111111111111111111111111111111111111111111111111111111111111111111111111111111114444444444444444444444444444444444444444444444444444444441
1444444444444444444111111111111111111111111111111111111111111111111111111111111111111111111111111111111111111111111111111111111111111111111111114444444444444444444444444444444444444444444444444444444441
1444444444444444444444444444444444411111111111111111111111111111111111111111111111111111111111111111111111111111111111111111111111111111111111114444444444444444444444444444444444444444444444444444444441
1444444444444444444444444444444444444111111111111111111111111111111111111111111111111111111111111111111111111111111111111111111111111111111111114444444444444444444444444444444444444444444444444444444441
1444444444444444444444444444444444444441111111111111111111111111111111111111111111111111111111111111111111111111111111111111111111111111111111114444444444444444444444444444444444444444444444444444444441
1444444444444444444444444444444444444444411111111111111111111111111111111111111111111111111111111111111111111111111111111111111111111111111111144444444444444444444444444444444444444444444444444444444441
1444444444444444444444444444444444444444444111111111111111111111111111111111111111111111111111111111111111111111111111111111111111111111111111144444444444444444444444444444444444444444444444444444444441
1444444444444444444444444444444444444444444411111111111111111111111111111111111111111111111111111111111111111111111111111111111111111111111111144444444444444444444444444444444444444444444444444444444441
1444444444444444444444444444444444444444444441111111111111111111111111111111111111111111111111111111111111111111111111111111111111111111111111144444444444444444444444444444444444444444444444444444444441
1444444444444444444444444444444444444444444444111111111111111111111111111111111111111111111111111111111111111111111111111111111111111111111111144444444444444444444444444444444444444444444444444444444441
1444444444444444444444444444444444444444444444411111111111111111111111111111111111111111111111111111111111111111111111111111111111111111111111144444444444444444444444444444444444444444444444444444444441
1444444444444444444444444444444444444444444444441111111111111111111111111111111111111111111111111111111111111111111111111111111111111111111111444444444444444444444444444444444444444444444444444444444441
1444444444444444444444444444444444444444444444444444444444111111111111111111111111111111111111111111111111111111111111111111111111111111111111444444444444444444444444444444444444444444444444444444444441
1444444444444444444444444444444444444444444444444444444444444444444411111111111111111111111111111111111111111111111111111111111111111111111111444444444444444444444444444444444444444444444444444444444441
1444444444444444444444444444444444444444444444444444444444444444444444444444411111111111111111111111111111111111111111111111111111111111111111444444444444444444444444444444444444444444444444444444444441
1444444444444444444444444444444444444444444444444444444444444444444444444444444444444411111111111111111111111111111111111111111111111111111111444444444444444444444444444444444444444444444444444444444441
1444444444444444444444444444444444444444444444444444444444444444444444444444444444444444444441111111111111111111111111111111111111111111111111444444444444444444444444444444444444444444444444444444444441
1111111111111111111111111111111111111111111111111111111111111111111111111111111111111111111111111111111111111111111111111111111111111111111111111111111111111111111111111111111111111111111111111111111111