111111111111111111111111111111111111111111111111111111111111111111111111111111111111111111111111111111
111111111111111111111111111111111111111111111111111111111111111111111111111181111111111111111111111111
111111111111111111111111111111111111111111111111111111888888888888888888888811000000000000001111111111
111111111111111111111111111111111111111111111888888888111111111111111111111110101111111111110000000011
111111111111111111111111111111111111111111888111111111111011111111111111111101101111111111111111110011
111111111111111111111111111111111111111188111111111111000101111111111111111011101111111111111111101011
111111111111111111111111111111111111888811111111111110111110111000001111110111110111111111111110011011
111111111111111111111111111111118888111111111111111101011111000111110111101111111011111111111101111011
111111111111111111111111111888881111111111111111111011101111011111111011011111111011111111111011111011
111111111111111111111111118111111111111111111111111011101111011111111100111111111001111110000111111011
111111111111111111111111811111111111111111111111000011101111101111111011000001100111111101111111111011
111111111111111111111181111111111111111111111100110111101111101111110111111110000111111011111111111011
111111111111111111118111111111111111111000000001110111101111101000001111111110111011110111111111111011
111111111111111111181111111111111111100111111110110111101111100111110000111101111100001111111111111011
111111111111111111811111111111111111011111111110110111101111101111111111011011111111011111111111111011
111111111111111181111111111111111110111111111110110111101111101111111111100111111110111111111111111011
111111111111111811111111111111000001111111111110000000000000001111111110011000111110111111111111111011
111111111111118111111111111000101101111111111110110111101111100011111001111111001101111111111111111011
111111111111811111111111110111101110001111111110110111101111101101110111111111110011111111111111111011
111111111118111111111111101111101111110000000000000000001111101110001111111111110111111111111111111011
111111111181111111111000000111101111111111111111110111101111101111011111111111101111111111111111111011
111111111811111111110111101000101111111111111111110111101111101111011111111111011111111111111111111011
111111118111111111001111101111000000000001111111110111101111101110111111111110111111111111111111111011
111111118111111110111111101111011111111110000000000000000000000000111111111101111111111111110000000011
111111118111111101111111101111011111111111111111111111111111111110000111111011111111111111101111111111
111111118111110011111111101111011111111111111111111111111111111110111000110111111111111110011111111111
111111181111101111111111101111011111111111111111111111111111111110111111010111111111111001111111111111
111111181111011111111111101111011111111111111111111111111111111110111111101111111001110111111111111111
111111181000111111111111101111011111111111111111111111111111111110111111010111111010001111111111111111
111111811101111111111111100011011111111111111111111111111111111111011110111011111010101111111111111111
111111811101111111111111101100011111111111111111111111111111111111101101111100111010101111111111111111
111111811101111111111111101111011111111111111111111111111111111111110011111111011010101111111111111111
111111811101111111111111101111011111111111111111111111111111111111101111111111101010101111111111111111
111118111101111111111111101111011111111111111111111111111111111111011111111111110010101111111111111111
111118111101111111111111100001011111111111111111111111111111111110111111111111111000101111111111111111
111118111110111111111111101110011111111111111111111111111111111101011111111111000000000001111111111111
111181111110111111111111101111011111111111111111111111111111111101101111111100111111111010111111111111
111181111110111111111111101111011111111111111111111111111111111011110111110011111111111011011111111111
111181111110111111111111001111011111111111111111111111111111110111111011101111111111111011101111111111
111181111111000000000000101111011111111111111111111111111111110111111100011111111111111011110111111111
111181111111011111111111101111011000000011111111111111111111101011110010111111111111111011111001111111
111181111111101111111111101111011011111100000000000001111111011101101110111111111111111011111110111111
111181111111101111111111101111011011111111111111011110000000111110011110111111111111110111111111011111
111181111111110111111111101111011011111111111111011111011101011110111101111111111111101111111111101111
111181111111111011111111101111011011111111111111011111011101101101111101111111111111101111111111110111
111181111111111011111111011111000000000000000000000011011011110011111101111111111111011111111111111011
111181111111111011111111011111111111111111111110111100111000111011111011111111111110111111111111111011
111181111111111011111111011111111111111111111110111101111011010111110011111111111110111111111111111011
111181111111111011111111011111111111111111111110111101110111101111110100001111111110111111111111111011
111181111111111101111111011111111111111111111110111101101111110111101111110000000110111111111111110111
111181111111111000000000000000000000011111111110111101011111111011011111111101111000011111111111101111
111181111100000101111111011111110111101111111110000011011111111010111111111101111011100000111111101111
111181000011111101111111011111110111110011111110111011011111111010111111111011111011111111001111101111
111181011111111101111111011111111011111011111110111011011111111100111111111011111011111111110011101111
111181011111111101111111101111111011111011111110110111011111111110111111111000000011111111111100001111
111181101111111101111111101111111011111000000000110111011111111111011111111011111011111111111111111111
111181101111111110111111101111111011111111111111000111011111111111100000001011111011111111111111111111
111181101111111110111111101111111000001111111111111000011111111111011111110111111011111111111111111111
111181110111111110111111101111100011101111111111111110111111111110111111110111111011111111111111111111
111181111011111110000000000000011111101111111111111101111111111101111111110111110111111111111111111111
111181111011111111111111101111111111101111111111111011111111111011111111110111110111111111111111111111
111118111101111111111111101111111111101111111111111011111111111011111111111011101111111111111111111111
111118111110111111111111101111111111101111111111111011111100001011111111111101011111111111111111111111
111118111111011111111111101111111111101111111111110011111101110111000000000000111111111111111111111111
111111811111101111111111101111111111101111111111001000011101101110111111111110111111111111111111111111
111111811111110111111111101111111111101111000000111011101011011110111111111111011111111111111111111111
111111811111111011111111101111111111101000101111111011110111011101111111111111011111111111111111111111
111111181111111011111111101111111111100111110111111011110000001011111111111111101111111111111111111111
111111181111111101111111100000000000001111110111110111110111110000000000000000001111111111111111111111
111111181111111110111111101111111111101111110000000111110111111011111011111111101111111111111111111111
111111181111111110111111101111111111101111111111110111110111110111111011111111011111111111111111111111
111111181111111110111111101111111111101111111111110111110111101111111011111110111111111111111111111111
111111118111111110111111101111111111101111111111110111110111101111111011111110111111111111111111111111
111111118111111110111111101111111111101111111111110111110111101111111011111110111111111111111111111111
111111118111111110111111101111111111101111111111110000000000000000010111111101111111111111111111111111
111111118111111110111111101100000000001111111111110111111111111111101111111011111111111111111111111111
111111111811111111011111100011111111111111111111110111111111111111111111111011111111111111111111111111
111111111811111111101111101111111111111111111111110111111111111111111111111011111111111111111111111111
111111111181111111101111110111111111111111111111110111111111111111111111111011111111111111111111111111
111111111181111111110111110111111111111100000000000000111111111111110000000011111111111111111111111111
111111111118111111110111110111111111111101101110110111000011111110001111111011111111111111111111111111
111111111111811111111011110111111111111101101110110111111100000001111111111011111111111111111111111111
111111111111181111111011000000000000111101101110110111111111111111111111111011111111111111111111111111
111111111111118111111010111110111111011101101110110111111111111111111111111011111111111111111111111111
111111111111111811111101111110111110000000000000110111111111111111111111111011111111111111111111111111
111111111111111181111101111110000001111111111100000000000000011111111111111011111111111111111111111111
111111111111111118111110111111111110000000000011111111111111100000000000000011111111111111111111111111
111111111111111111811110111111000001111111111111111111111111111111111111111111111111111111111111111111
111111111111111111181111011000111111111111111111111111111111111111111111111111111111111111111111111111
111111111111111111118111100111111111111111111111111111111111111111111111111111111111111111111111111111
111111111111111111111811111111111111111111111111111111111111111111111111111111111111111111111111111111
144444444444444444444444444444444444444444444444444444444444444444444444444444444444444444444444444441
144444444444444444444444444444444444444444444444444444444444444444444444444444444444444444444444444441
144444444444444444444444444444444444444444444444444444444444444444444444444444444444444444444444444441
144444444444444444444444444444444444444444444444444444444444444444444444444444444444444444444444444441
144444444444444444444444444444444444444444444444444444444444444444444444444444444444444444444444444441
144444444444444444444444444444444444444444444444444444444444444444444444444444444444444444444444444441
144444444444444444444444444444444444444444444444444444444444444444444444444444444444444444444444444441
144444444444444444444444444444444444444444444444444444444444444444444444444444444444444444444444444441
144444444444444444444444444444444444444444444444444444444444444444444444444444444444444444444444444441
144444444444444444444444444444444444444444444444444444444444444444444444444444444444444444444444444441
111111111111111111111111111111111111111111111111111111111111111111111111111111111111111111111111111111