111111111111111111111111111111111111111111111111111111111111111111111111111111111111111111111111111111
111111111111111111111111111111111111111111111111111111111111111111111111111181111111111111111111111111
111111111111111111111111111111111111111111111111111111888888888888888888888811000000000000011111111111
111111111111111111111111111111111111111111111888888888111111111111111111111110101111111111100000000011
111111111111111111111111111111111111111111888111111111110011111111111111111101101111111111111111110011
111111111111111111111111111111111111111188111111111111101101111111111111111011110111111111111111001011
111111111111111111111111111111111111888811111111111110011110111100001111110111110111111111111110111011
111111111111111111111111111111118888111111111111111101011111000011110111101111111011111111111101111011
111111111111111111111111111888881111111111111111111011101111011111111010011111111011111111111011111011
111111111111111111111111118111111111111111111111111011101111011111111101111111111101111111100111111011
111111111111111111111111811111111111111111111111111011101111011111111010000001100011111111011111111011
111111111111111111111181111111111111111111110000000011101111011111110111111110000111111000111111111011
111111111111111111118111111111111111110000001101111011101111101000001111111110111000110111111111111011
111111111111111111181111111111111111101111111101111011101111100111110001111101111111001111111111111011
111111111111111111811111111111111111011111111101110111101111101111111110110011111111011111111111111011
111111111111111181111111111111110000111111111101110111101111101111111111001111111110111111111111111011
111111111111111811111111111110000011111111111110000000000000001111111111010011111101111111111111111011
111111111111118111111111111101101100111111111110110111101111100111111000111100111011111111111111111011
111111111111811111111111111011101111001111111110110111101111101011110111111111000011111111111111111011
111111111118111111111111100111101111110000000000000000001111101100001111111111110111111111111111111011
111111111181111111111111000000101111111111111111110111101111101111011111111111101111111111111111111011
111111111811111111110000101111001111111111111111110111101111101111011111111111011111111111111111111011
111111118111111111101111101111100000000000000000110111101111101111011111111110111111111111111111111011
111111118111111110011111101111101111111111111111000000000000000011011111111101111111111111111100000011
111111118111111101111111101111101111111111111111111111111111111100011111111011111111111111110011111111
111111118111111011111111101111101111111111111111111111111111111110101111110111111111111111001111111111
111111181111100111111111101111101111111111111111111111111111111110110001101111111111111110111111111111
111111181100011111111111101111011111111111111111111111111111111110111110001111111011111001111111111111
111111181011111111111111101111011111111111111111111111111111111110111111010011111000000111111111111111
111111811101111111111111100111011111111111111111111111111111111111011100111101111010101111111111111111
111111811101111111111111101000011111111111111111111111111111111111101011111110111010101111111111111111
111111811101111111111111101111011111111111111111111111111111111111110111111111011010101111111111111111
111111811101111111111111101111011111111111111111111111111111111111101111111111101010101111111111111111
111118111110111111111111101111011111111111111111111111111111111111011111111111110010101111111111111111
111118111110111111111111100001011111111111111111111111111111111110011111111111111010101111111111111111
111118111110111111111111101110011111111111111111111111111111111110101111111111111100000001111111111111
111181111110111111111111101111011111111111111111111111111111111101110111111111111011111100111111111111
111181111111011111111111101111011111111111111111111111111111111101111011111111000111111101011111111111
111181111111011111111110001111011111111111111111111111111111111011111101100000111111111011101111111111
111181111111000000000001101111011111111111111111111111111111110111111110011111111111111011110111111111
111181111111101111111111101111011000000001111111111111111111101011111100111111111111111011111011111111
111181111111101111111111101111011011111110000000000001111111011101110010111111111111111011111101111111
111181111111110111111111101111011011111111111111011110000000111110001110111111111111111011111110011111
111181111111110111111111101111011011111111111111011111011101011110111101111111111111111011111111101111
111181111111110111111111101111011011111111111111011110111101100101111101111111111111110111111111110111
111181111111110111111111101111000000000000000000000110111011111011111011111111111111101111111111111011
111181111111111011111111101111111111111111111111011000111001110111111011111111111111101111111111111011
111181111111111011111111011111111111111111111111011110110110101111110000000111111111011111111111110111
111181111111111011111111011111111111111111111110111110101111001111101111111011111111011111111111101111
111181111111111011111111011111111111111111111110111101011111110111101111111100001110111111111111101111
111181111111111100000000000000000001111111111110011011011111111011101111111101110000001111111111101111
111181111111111001111111011111110110000111111110100011011111111101101111111101111101110000011111101111
111181000000000101111111011111110111111011111110110111011111111101011111111101111011111111101111101111
111181101111111101111111101111110111111011111110110111011111111101011111111011111011111111110000101111
111181101111111101111111101111110111111011111110110111011111111110111111111000000011111111111111001111
111181101111111101111111101111110111111000000000010111011111111111011111111011110111111111111111111111
111181110111111101111111101111110111111111111111100011011111111111100001111011110111111111111111111111
111181111011111110111111101111111000001111111111111100011111111111101110000111110111111111111111111111
111181111011111110111111100000000011101111111111111110111111111111011111110111101111111111111111111111
111181111101111110000000001111111111101111111111111110111111111110111111111011101111111111111111111111
111181111110111111111111101111111111101111111111111110111111111110111111111101101111111111111111111111
111118111111011111111111101111111111101111111111111110111111111101111111111101011111111111111111111111
111118111111011111111111101111111111101111111111111101111100011011111111111100111111111111111111111111
111118111111011111111111101111111111101111111111111011111101100111000000000000111111111111111111111111
111111811111011111111111101111111111101111110000000001111011110111011111111110111111111111111111111111
111111811111101111111111101111111111101110001111111010000111101110111111111110111111111111111111111111
111111811111110111111111101111111111100001101111111011110111101101111111111110111111111111111111111111
111111181111111011111111101111110000001111101111110111110000001011111111111111011111111111111111111111
111111181111111011111111100000001111101111110111110111110111110000000000000000001111111111111111111111
111111181111111011111111101111111111101111110000000111110111111011111011111111011111111111111111111111
111111181111111011111111101111111111101111111111110111110111111011111011111110111111111111111111111111
111111181111111101111111101111111111101111111111110111110111110111110111111110111111111111111111111111
111111118111111110111111101111111111101111111111110111110111110111101111111110111111111111111111111111
111111118111111111011111101111111111101111111111110111110111101111101111111110111111111111111111111111
111111118111111111101111101111111111101111111111110000000000001111101111111110111111111111111111111111
111111118111111111101111100000000000001111111111110111111111110000001111111110111111111111111111111111
111111111811111111101111101111111111111111111111110111111111111111111111111110111111111111111111111111
111111111811111111101111110111111111111111111111110111111111111111111111111101111111111111111111111111
111111111181111111101111110111111111111111111111110111111111111111111111111011111111111111111111111111
111111111181111111101111110111111111111100000000000001111111111111111111111011111111111111111111111111
111111111118111111110111110111111111111101101110110110000000111111111100000011111111111111111111111111
111111111111811111110111110111111111111101101110110111111111000000000011111011111111111111111111111111
111111111111181111110111110000000000111101101110110111111111111111111111111011111111111111111111111111
111111111111118111111011101110111111011101101110110111111111111111111111111011111111111111111111111111
111111111111111811111100011110110000000000000000110111111111111111111111111011111111111111111111111111
111111111111111181111110111110001111111111111000000000001111111111111111111011111111111111111111111111
111111111111111118111111011111111111111000000111111111110000000000000000000011111111111111111111111111
111111111111111111811111011111111111110111111111111111111111111111111111111111111111111111111111111111
111111111111111111181111101111100000001111111111111111111111111111111111111111111111111111111111111111
111111111111111111118111100000011111111111111111111111111111111111111111111111111111111111111111111111
111111111111111111111811111111111111111111111111111111111111111111111111111111111111111111111111111111
144444444444444444444444444444444444444444444444444444444444444444444444444444444444444444444444444441
144444444444444444444444444444444444444444444444444444444444444444444444444444444444444444444444444441
144444444444444444444444444444444444444444444444444444444444444444444444444444444444444444444444444441
144444444444444444444444444444444444444444444444444444444444444444444444444444444444444444444444444441
144444444444444444444444444444444444444444444444444444444444444444444444444444444444444444444444444441
144444444444444444444444444444444444444444444444444444444444444444444444444444444444444444444444444441
144444444444444444444444444444444444444444444444444444444444444444444444444444444444444444444444444441
144444444444444444444444444444444444444444444444444444444444444444444444444444444444444444444444444441
144444444444444444444444444444444444444444444444444444444444444444444444444444444444444444444444444441
144444444444444444444444444444444444444444444444444444444444444444444444444444444444444444444444444441
111111111111111111111111111111111111111111111111111111111111111111111111111111111111111111111111111111