111111111111111111111111111111111111111111111111111111111111111111111111111111111111111111111111111111
111111111111111111111111111111111118888888888888888888888888888888888888888881111111111111111111111111
111111111111111111111111118888888888888888888888888888888888888888888888888811000011111111111111111111
111111111111111111118888888888888888888888888888888888111111111111111111111110101100000000000000000011
111111111111111188888888888888888888888888888111111111100011111111111111111001110111111111111111110011
111111111111888888888888888888888888888888111111111111011101111111111111110111111011111111111111001011
111111111118888888888888888888888888888811111111111110111110111000001111101111111011111111111110111011
111111111888888888888888888888888888111111111111111101011111000111110111011111111011111111111101111011
111111188888888888888888888888881111111111111111111101011111011111111010111111111101111111111011111011
111111888888888888888888888111111111111111111111111011101111011111111100000111111001111111110111111011
111118888888888888888888811111111111111111111111100011101111011111111011111000110111111111101111111011
111118888888888888888881111111111111111111000000011011101111011111110111111110001111111000011111111011
111188888888888888888111111111111111110000111101111011101111011111101111111101101111110111111111111011
111188888888888888881111111111111110001111111101111011101111100000010011111011110000001111111111111011
111188888888888888811111111111111001111111111101111011101111101111111100110111111111011111111111111011
111888888888888881111111111111110111111111111110111011101111101111111111001111111110111111111111111011
111888888888888811111111111111101111111111111110000000000000001111111100110011111101111111111111111011
118888888888888111111111111111000011111111111110110111101111100111111011111100111011111111111111111011
118888888888811111111111111110101101111111111110110111101111101000110111111111000011111111111111111011
118888888888111111111111100001101110000000000000000000001111101111001111111111110111111111111111111011
188888888881111111111111001011101111111111111111110111101111101111011111111111101111111111111111111011
188888888811111111111100101101101111111111111111110111101111101110111111111111011111111111111111111011
188888888111111111100011101110000000000001111111110111101111101110111111111110111111111111111111111011
188888888111111111011111101111101111111110000000000000000000000110111111111101111111111111111111100011
188888888111111110111111101111101111111111111111111111111111111000011111111011111111111111111100011111
188888888111100001111111101111101111111111111111111111111111111110101111110111111111111111111011111111
188888881111011111111111101111011111111111111111111111111111111110110000110111111111111111110111111111
188888881110111111111111101111011111111111111111111111111111111110111111001111111011111110001111111111
188888881001111111111111101111011111111111111111111111111111111110111110110111111000000001111111111111
188888811011111111111111100111011111111111111111111111111111111111011101111011111010101111111111111111
188888811101111111111111101000011111111111111111111111111111111111101011111100111010101111111111111111
188888811101111111111111101111011111111111111111111111111111111111110111111111011010101111111111111111
188888811101111111111111101111011111111111111111111111111111111111101111111111101010101111111111111111
188888111101111111111111101111011111111111111111111111111111111111011111111111110010101111111111111111
188888111101111111111111100011011111111111111111111111111111111110111111111111111010101111111111111111
188888111110111111111111101100011111111111111111111111111111111101011111111111111100000001111111111111
188881111110111111111111101111011111111111111111111111111111111011100111111110000001111010111111111111
188881111111011111111111101111011111111111111111111111111111111011111011100001111111111011011111111111
188881111111011110000000001111011111111111111111111111111111110111111101011111111111111011101111111111
188881111111000001111111101111011111111111111111111111111111110111111110111111111111110111110111111111
188881111111101111111111101111011000000000111111111111111111101011110001111111111111110111111011111111
188881111111110111111111101111011011111111000000011111111111011100101101111111111111101111111100111111
188881111111110111111111101111011011111111111111000000000000111111011101111111111111011111111111011111
188881111111110111111111101111011011111111111111011111011110011110111011111111111111011111111111101111
188881111111111011111111101111011011111111111111011111011101101101111011111111111111011111111111110111
188881111111111011111111101111000000000000000000000111011101110011111011111111111111011111111111111011
188881111111111011111111011111111111111111111110111000111000110111110111111111111111011111111111110111
188881111111111011111111011111111111111111111110111110111011001111110111111111111110111111111111110111
188881111111111011111111011111111111111111111110111101111011101111110001111111111110111111111111110111
188881111111111011111111011111111111111111111110111011110111110111110110000000000101111111111111110111
188881111111111100000000000000000011111111111110001011110111110111110111111101111000111111111111110111
188881111110000001111111011111110101111111111110110011110111111011101111111011111101001111111111110111
188881000001111110111111011111110110000011111110111011110111111101101111111011111101110000011111101111
188881101111111110111111011111110111111011111110111011110111111110011111111011111101111111101111101111
188881101111111110111111011111110111111011111110111011101111111110111111111000000011111111110000001111
188881110111111110111111011111110111111000000000010111011111111111011111111011110111111111111111111111
188881111011111110111111011111110111111111111111100111011111111111100000111011101111111111111111111111
188881111101111110111111011111111011101111111111111000011111111111011111000111011111111111111111111111
188881111101111110111111101111000000001111111111111111011111111111011111110111011111111111111111111111
188881111101111110000000000000111111101111111111111111011111111110111111110111011111111111111111111111
188881111110111111111111101111111111101111111111111110111111111101111111111011011111111111111111111111
188888111110111111111111101111111111101111111111111101111111111101111111111010111111111111111111111111
188888111110111111111111101111111111101111111111111011111100001011111111111100111111111111111111111111
188888111110111111111111101111111111101111111111111011111011110111000000000000111111111111111111111111
188888811111011111111111101111111111101111111110000100111011110110111111111111011111111111111111111111
188888811111101111111111101111111111101100000001110111011011101110111111111111101111111111111111111111
188888811111101111111111101111111111101011101111110111100011101110111111111111101111111111111111111111
188888881111101111111111101111111111100111110111110111110100000101111111111111101111111111111111111111
188888881111110111111111100000000000001111110111110111110111111000000000000000001111111111111111111111
188888881111111011111111101111111111101111110000000111110111111011111011111111101111111111111111111111
188888881111111101111111101111111111101111111111110111110111110111111011111111101111111111111111111111
188888881111111101111111101111111111101111111111110111110111110111110111111111101111111111111111111111
188888888111111101111111101111111111101111111111110111110111110111110111111111011111111111111111111111
188888888111111110111111101111111111101111111111110111110111101111110111111111011111111111111111111111
188888888111111111011111101111111111101111111111110000000000000000101111111110111111111111111111111111
188888888111111111011111101111111000001111111111110111111111111111001111111110111111111111111111111111
188888888811111111101111100000000111111111111111110111111111111111111111111110111111111111111111111111
188888888811111111101111101111111111111111111111110111111111111111111111111110111111111111111111111111
188888888881111111101111101111111111111111111111110111111111111111111111111101111111111111111111111111
188888888881111111101111110111111111111100000000000011111111111111111111000011111111111111111111111111
188888888888111111110111110111111111111101101110110100000011111110000000111011111111111111111111111111
188888888888811111111011110111111111111101101110110111111100000001111111111011111111111111111111111111
188888888888881111111011110000000000111101101110110111111111111111111111111011111111111111111111111111
188888888888888111111011101110111111011101101110110111111111111111111111111011111111111111111111111111
188888888888888811111100011110111100000000000000110111111111111111111111111011111111111111111111111111
188888888888888881111110111110000011111111100000000000000001111111111111111011111111111111111111111111
188888888888888888111110111111111111110000011111111111111110000000000000000011111111111111111111111111
188888888888888888811111011111111000001111111111111111111111111111111111111111111111111111111111111111
188888888888888888881111011111000111111111111111111111111111111111111111111111111111111111111111111111
188888888888888888888111100000111111111111111111111111111111111111111111111111111111111111111111111111
188888888888888888888811111111111111111111111111111111111111111111111111111111111111111111111111111111
144444444444444444444444444444444444444444444444444444444444444444444444444444444444444444444444444441
144444444444444444444444444444444444444444444444444444444444444444444444444444444444444444444444444441
144444444444444444444444444444444444444444444444444444444444444444444444444444444444444444444444444441
144444444444444444444444444444444444444444444444444444444444444444444444444444444444444444444444444441
144444444444444444444444444444444444444444444444444444444444444444444444444444444444444444444444444441
144444444444444444444444444444444444444444444444444444444444444444444444444444444444444444444444444441
144444444444444444444444444444444444444444444444444444444444444444444444444444444444444444444444444441
144444444444444444444444444444444444444444444444444444444444444444444444444444444444444444444444444441
144444444444444444444444444444444444444444444444444444444444444444444444444444444444444444444444444441
144444444444444444444444444444444444444444444444444444444444444444444444444444444444444444444444444441
111111111111111111111111111111111111111111111111111111111111111111111111111111111111111111111111111111