111111111111111111111111111111111111111111111111111111111111111111111111111111111111111111111111111111
111111111111111111111111111111111111111111111111111111111111111111111111111181111111111111111111111111
111111111111111111111111111111111111111111111111111111888888888888888888888811000111111111111111111111
111111111111111111111111111111111111111111111888888888111111111111111111111100101000000000000000000011
111111111111111111111111111111111111111111888111111111110011111111111111111011101111111111111111110011
111111111111111111111111111111111111111188111111111111101101111111111111110111101111111111111111101011
111111111111111111111111111111111111888811111111111110011110100000001111101111110111111111111111011011
111111111111111111111111111111118888111111111111111110011111011111110111011111111011111111111100111011
111111111111111111111111111888881111111111111111111101011111101111111010111111111011111111111011111011
111111111111111111111111118111111111111111111111111011101111101111111101111111111101111111110111111011
111111111111111111111111811111111111111111111111111011101111101111111010000000110011111111101111111011
111111111111111111111181111111111111111111111000000111101111101111110111111111001111111111011111111011
111111111111111111118111111111111111110000000101110111101111101110001111111110101111110000111111111011
111111111111111111181111111111111111001111111101110111101111100001110011111001110000001111111111111011
111111111111111111811111111111111110111111111101110111101111101111111101110111111111011111111111111011
111111111111111181111111111111110001111111111110110111101111101111111110000111111110111111111111111011
111111111111111811111111111111100111111111111110000000000000000111111101111011111101111111111111111011
111111111111118111111111111111001011111111111110110111101111101011111011111101111011111111111111111011
111111111111811111111111111000101100001111111110110111101111101101110111111110000011111111111111111011
111111111118111111111111000111101111110000000000000000001111101110001111111111110111111111111111111011
111111111181111111111110101011101111111111111111110111101111101111011111111111101111111111111111111011
111111111811111111111101101100001111111111111111110111101111101111011111111111011111111111111111111011
111111118111111111111011101111100111111111111111110111101111101111011111111110111111111111111111111011
111111118111111111100111101111101000000000000000000000000000001111011111111101111111111111111111100011
111111118111111111011111101111101111111111111111111111111111110000000011111011111111111111111111011111
111111118111111100111111101111011111111111111111111111111111111110111101110111111111111111111100111111
111111181111111011111111101111011111111111111111111111111111111110111110101111111111111111000011111111
111111181100000111111111101111011111111111111111111111111111111110111111001111111011111110111111111111
111111181011111111111111101111011111111111111111111111111111111110111111010111111000000001111111111111
111111811011111111111111100011011111111111111111111111111111111111011110111011111010101111111111111111
111111811011111111111111101100011111111111111111111111111111111111101001111101111010101111111111111111
111111811101111111111111101111011111111111111111111111111111111111110111111110011010101111111111111111
111111811101111111111111101111011111111111111111111111111111111111101111111111101010101111111111111111
111118111101111111111111101111011111111111111111111111111111111111011111111111110010101111111111111111
111118111101111111111111100111011111111111111111111111111111111110111111111111111000101111111111111111
111118111110111111111111101000011111111111111111111111111111111110011111111111111110000001111111111111
111181111110111111111111101111011111111111111111111111111111111101100111111111111101111100111111111111
111181111110111111111111101111011111111111111111111111111111111011111011110000000011111101011111111111
111181111110111111110000001111011111111111111111111111111111111011111101101111111111111101101111111111
111181111111000000001111101111011111111111111111111111111111110111111110011111111111111101110011111111
111181111111101111111111101111011000000011111111111111111111101011111100111111111111111011111101111111
111181111111101111111111101111011011111100000000000000111111011101110010111111111111111011111110111111
111181111111101111111111101111011011111111111111011111000000111110001110111111111111111011111111011111
111181111111110111111111101111011011111111111111011111011110011110111101111111111111111011111111101111
111181111111111011111111101111011011111111111111011110111101101101111011111111111111110111111111110111
111181111111111011111111101111000000000000000000011110111101110011110111111111111111101111111111111011
111181111111111011111111101111111111111111111110100000111000110111110111111111111111011111111111111011
111181111111111011111111101111111111111111111110111101111011001111110011111111111110111111111111111011
111181111111111101111111101111111111111111111110111101110111101111101100111111111110111111111111111011
111181111111111101111111011111111111111111111110111011110111110111101111000000001110111111111111111011
111181111111110000000000000000000000111111111110111011110111110111101111111101110000011111111111110111
111181111111001101111111011111110111000111111110000011110111110111101111111101111101100111111111110111
111181000000111101111111011111110111111011111110111011101111111011011111111101111011111001111111110111
111181101111111101111111011111110111111011111110111011011111111100111111111011111011111110011111110111
111181101111111101111111011111111011111011111110111011011111111110111111111000000011111111100000001111
111181101111111110111111101111111011111000000000010111011111111111011111111011111011111111111111111111
111181110111111110111111101111111011111111111111100111011111111111101111111011111011111111111111111111
111181111011111110111111101111111010001111111111111000011111111111010000000111110111111111111111111111
111181111011111110111111101111110001101111111111111111011111111110111111110111110111111111111111111111
111181111101111110000000000000001111101111111111111111011111111101111111111011101111111111111111111111
111181111101111111111111101111111111101111111111111110111111111101111111111011011111111111111111111111
111118111101111111111111101111111111101111111111111101111111111101111111111101011111111111111111111111
111118111101111111111111101111111111101111111111111011111100011011111111111110111111111111111111111111
111118111101111111111111101111111111101111111110000011111011100111000000000000111111111111111111111111
111111811110111111111111101111111111101111110001111000111011101110111111111111011111111111111111111111
111111811110111111111111101111111111101110001111111011010111101110111111111111101111111111111111111111
111111811111011111111111101111111111101101011111110111100001011101111111111111101111111111111111111111
111111181111011111111111101111111000000011101111110111110110000101111111111111101111111111111111111111
111111181111101111111111100000000111101111101111110111110111111000000000000000001111111111111111111111
111111181111101111111111101111111111101111110000000111110111111011111101111111011111111111111111111111
111111181111110111111111101111111111101111111111110111110111111011111011111111011111111111111111111111
111111181111111011111111101111111111101111111111110111110111110111110111111110111111111111111111111111
111111118111111011111111101111111111101111111111110111110111110111101111111110111111111111111111111111
111111118111111011111111101111111111101111111111110111110111101111101111111110111111111111111111111111
111111118111111101111111101111111111101111111111110000000000000001101111111110111111111111111111111111
111111118111111101111111101111111000001111111111110111111111111110001111111110111111111111111111111111
111111111811111110111111100000000111111111111111110111111111111111111111111110111111111111111111111111
111111111811111111011111101111111111111111111111110111111111111111111111111110111111111111111111111111
111111111181111111011111101111111111111111111111110111111111111111111111111101111111111111111111111111
111111111181111111101111101111111111111100000000000000111111111111000000000011111111111111111111111111
111111111118111111110111110111111111111101101110110111000001110000111111111011111111111111111111111111
111111111111811111110111110111111111111101101110110111111110001111111111111011111111111111111111111111
111111111111181111111011110000000000111101101110110111111111111111111111111011111111111111111111111111
111111111111118111111100001110111111011101101110110111111111111111111111111011111111111111111111111111
111111111111111811111101111110111100000000000000110111111111111111111111111011111111111111111111111111
111111111111111181111110111110000011111111111100000111111111111111111111111011111111111111111111111111
111111111111111118111110111111111111111000000011111000000000000000000000000011111111111111111111111111
111111111111111111811110111111111111100111111111111111111111111111111111111111111111111111111111111111
111111111111111111181111011111100000011111111111111111111111111111111111111111111111111111111111111111
111111111111111111118111100000011111111111111111111111111111111111111111111111111111111111111111111111
111111111111111111111811111111111111111111111111111111111111111111111111111111111111111111111111111111
144444444444444444444444444444444444444444444444444444444444444444444444444444444444444444444444444441
144444444444444444444444444444444444444444444444444444444444444444444444444444444444444444444444444441
144444444444444444444444444444444444444444444444444444444444444444444444444444444444444444444444444441
144444444444444444444444444444444444444444444444444444444444444444444444444444444444444444444444444441
144444444444444444444444444444444444444444444444444444444444444444444444444444444444444444444444444441
144444444444444444444444444444444444444444444444444444444444444444444444444444444444444444444444444441
144444444444444444444444444444444444444444444444444444444444444444444444444444444444444444444444444441
144444444444444444444444444444444444444444444444444444444444444444444444444444444444444444444444444441
144444444444444444444444444444444444444444444444444444444444444444444444444444444444444444444444444441
144444444444444444444444444444444444444444444444444444444444444444444444444444444444444444444444444441
111111111111111111111111111111111111111111111111111111111111111111111111111111111111111111111111111111