111111111111111111111111111111111111111111111111111111111111111111111111111111111111111111111111111111
111111111111111111111111111111111118888888888888888888888888888888888888888881111111111111111111111111
111111111111111111111111118888888888888888888888888888888888888888888888888810001111111111111111111111
111111111111111111118888888888888888888888888888888888111111111111111111111101010000000000000000000011
111111111111111188888888888888888888888888888111111111111011111111111111111011101111111111111111110011
111111111111888888888888888888888888888888111111111111000101111111111111110111101111111111111111001011
111111111118888888888888888888888888888811111111111110111110110000001111101111110111111111111110111011
111111111888888888888888888888888888111111111111111101011111001111110111011111110111111111111101111011
111111188888888888888888888888881111111111111111111101011111101111111010111111111011111111111011111011
111111888888888888888888888111111111111111111111111011101111101111111100000111111001111111100111111011
111118888888888888888888811111111111111111111111100011101111101111111011111011100111111111011111111011
111118888888888888888881111111111111111100000000011011101111101111110111111100000001111000111111111011
111188888888888888888111111111111111110011111101111011101111101111000111111110111110010111111111111011
111188888888888888881111111111111110001111111101110111101111100000111011111001111111101111111111111011
111188888888888888811111111111111001111111111101110111101111101111111100110111111111011111111111111011
111888888888888881111111111111110111111111111101110111101111101111111111000001111110111111111111111011
111888888888888811111111111111001111111111111110000000000000000111111111011110111101111111111111111011
118888888888888111111111111100100111111111111110110111101111101011111110111111001101111111111111111011
118888888888811111111111110011101001111111111110110111101111101100111101111111110011111111111111111011
118888888888111111111111001111101110000000000000000000001111101111000011111111110111111111111111111011
188888888881111111111110100011101111111111111111110111101111101111101111111111101111111111111111111011
188888888811111111111101101101101111111111111111110111101111101111101111111111011111111111111111111011
188888888111111111110011101110000000000000000000110111101111101111011111111110111111111111111111111011
188888888111111111101111101111101111111111111111000000000000000001011111111101111111111111111111111011
188888888111111110011111101111011111111111111111111111111111111110000111111011111111111111111000000111
188888888111111101111111101111011111111111111111111111111111111110111011110111111111111111110111111111
188888881111110011111111101111011111111111111111111111111111111110111101110111111111111111101111111111
188888881111101111111111101111011111111111111111111111111111111110111110001111111001111100011111111111
188888881000011111111111101111011111111111111111111111111111111110111111010011111010000011111111111111
188888811101111111111111100011011111111111111111111111111111111111011110111101111010101111111111111111
188888811101111111111111101100011111111111111111111111111111111111101101111110111010101111111111111111
188888811101111111111111101111011111111111111111111111111111111111110011111111011010101111111111111111
188888811101111111111111101111011111111111111111111111111111111111101111111111101010101111111111111111
188888111110111111111111101111011111111111111111111111111111111111011111111111110010101111111111111111
188888111110111111111111100011011111111111111111111111111111111110111111111111111000101111111111111111
188888111110111111111111101100011111111111111111111111111111111101011111111111111110000001111111111111
188881111111011111111111101111011111111111111111111111111111111101101111111111111101111100111111111111
188881111111011111111111101111011111111111111111111111111111111101110111111111110011111011011111111111
188881111111011110000000001111011111111111111111111111111111111011111011110000001111111011100111111111
188881111111000001111111101111011111111111111111111111111111110111111100001111111111111011111011111111
188881111111011111111111101111011011111111111111111111111111101001110000111111111111111011111101111111
188881111111101111111111101111011000000000000000001111111111011110101101111111111111111011111110111111
188881111111101111111111011111011011111111111111010000000000011111011011111111111111111011111111011111
188881111111101111111111011111011011111111111111011111101110101110111011111111111111110111111111101111
188881111111101111111111011111011011111111111111011111011110110101111011111111111111110111111111110111
188881111111101111111111011111000000000000000000000001011101111011111011111111111111110111111111111011
188881111111110111111111011111111111111111111111011110111011110111110111111111111111101111111111111011
188881111111110111111111011111111111111111111111011110111001101111110000011111111111011111111111111011
188881111111111011111111011111111111111111111110111110111010001111110111100011111111011111111111111011
188881111111111101111111011111111111111111111110111101111011110111110111111100001110111111111111110111
188881111110000000000000000000000000011111111110011101110111111011101111111101110000001111111111110111
188881110001111101111111011111110111100111111110100011101111111101101111111101111101110011111111110111
188881001111111101111111011111110111111011111110111011101111111101011111111101111011111100011111110111
188881011111111101111111011111110111111011111110111011011111111110011111111101111011111111100000101111
188881101111111101111111101111110111111011111110110111011111111110111111111000000011111111111111001111
188881110111111101111111101111111011111000000000110111011111111111011111111011111011111111111111111111
188881111011111101111111101111111011111111111111000011011111111111100011110111110111111111111111111111
188881111101111110111111101111111010001111111111111100011111111111011100000111110111111111111111111111
188881111110111110111111101111111001101111111111111110111111111110111111111011110111111111111111111111
188881111111011110000000000000000111101111111111111110111111111110111111111011101111111111111111111111
188881111111011111111111101111111111101111111111111101111111111101111111111011101111111111111111111111
188888111111011111111111101111111111101111111111111101111111111011111111111101011111111111111111111111
188888111111101111111111101111111111101111111111111101111100110111111111111110011111111111111111111111
188888111111101111111111101111111111101111111110000001111011000111000000000000111111111111111111111111
188888811111110111111111101111111111101111111001111010010111101111011111111110111111111111111111111111
188888811111110111111111101111111111101100000111110111100111101110111111111111011111111111111111111111
188888811111110111111111101111111111101011011111110111110000011101111111111111101111111111111111111111
188888881111110111111111101111110000000111011111110111110111000101111111111111101111111111111111111111
188888881111111011111111100000001111101111101111110111110111111000000000000000001111111111111111111111
188888881111111011111111101111111111101111110000000111110111110111111101111111101111111111111111111111
188888881111111011111111101111111111101111111111110111110111110111111101111111011111111111111111111111
188888881111111011111111101111111111101111111111110111110111110111111011111111011111111111111111111111
188888888111111011111111101111111111101111111111110111110111101111110111111111011111111111111111111111
188888888111111011111111101111111111101111111111110111110111101111110111111111011111111111111111111111
188888888111111101111111101111111111101111111111110000000000000000110111111110111111111111111111111111
188888888111111101111111101110000000001111111111110111111111111111001111111110111111111111111111111111
188888888811111110111111100001111111111111111111110111111111111111111111111110111111111111111111111111
188888888811111111011111101111111111111111111111110111111111111111111111111101111111111111111111111111
188888888881111111011111101111111111111111111111110111111111111111111111111011111111111111111111111111
188888888881111111011111101111111111111100000000000111111111111000000000000011111111111111111111111111
188888888888111111011111101111111111111101101110110000000001100111111111111011111111111111111111111111
188888888888811111101111110111111111111101101110110111111110011111111111111011111111111111111111111111
188888888888881111110111110000000000111101101110110111111111111111111111111011111111111111111111111111
188888888888888111111011101110111111011101101110110111111111111111111111111011111111111111111111111111
188888888888888811111100011110111000000000000000110111111111111111111111111011111111111111111111111111
188888888888888881111110111110000111111111111111100000111111111111111111111011111111111111111111111111
188888888888888888111111011111000000000000000000011111000000000000000000000011111111111111111111111111
188888888888888888811111101110111111111111111111111111111111111111111111111111111111111111111111111111
188888888888888888881111100001111111111111111111111111111111111111111111111111111111111111111111111111
188888888888888888888111101111111111111111111111111111111111111111111111111111111111111111111111111111
188888888888888888888811111111111111111111111111111111111111111111111111111111111111111111111111111111
144444444444444444444444444444444444444444444444444444444444444444444444444444444444444444444444444441
144444444444444444444444444444444444444444444444444444444444444444444444444444444444444444444444444441
144444444444444444444444444444444444444444444444444444444444444444444444444444444444444444444444444441
144444444444444444444444444444444444444444444444444444444444444444444444444444444444444444444444444441
144444444444444444444444444444444444444444444444444444444444444444444444444444444444444444444444444441
144444444444444444444444444444444444444444444444444444444444444444444444444444444444444444444444444441
144444444444444444444444444444444444444444444444444444444444444444444444444444444444444444444444444441
144444444444444444444444444444444444444444444444444444444444444444444444444444444444444444444444444441
144444444444444444444444444444444444444444444444444444444444444444444444444444444444444444444444444441
144444444444444444444444444444444444444444444444444444444444444444444444444444444444444444444444444441
111111111111111111111111111111111111111111111111111111111111111111111111111111111111111111111111111111