111111111111111111111111111111111111111111111111111111111111111111111111111111111111111111111111111111
111111111111111111111111111111111111111111111111111111111111111111111111111111111111111111111111111111
111111111111111111111111111111111111111111111111111111111111111111111111111111000000000111111111111111
111111111111111111111111111111111111111111111111111111111111111111111111111110011111111000000000000011
111111111111111111111111111111111111111111111111111111110011111111111111111101101111111111111111101011
111111111111111111111111111111111111111111111111111111101101111111111111111011110111111111111111011011
111111111111111111111111111111111111111111111111111110011110111100001111110111111011111111111110111011
111111111111111111111111111111111111111111111111111101011111000011110111101111111011111111111101111011
111111111111111111111111111111111111111111111111111101011111011111111010011111111101111111111011111011
111111111111111111111111111111111111111111111111111101101111011111111100001111111101111111100111111011
111111111111111111111111111111111111111111111111111011101111101111111011110111111011111100011111111011
111111111111111111111111111111111111111111000000000011101111101111110111111000000001111011111111111011
111111111111111111111111111111111111111000111101110111101111101110000111111110111110110111111111111011
111111111111111111111111111111111111100111111110110111101111100001111001111101111111001111111111111011
111111111111111111111111111111111110011111111110110111101111101111111110010011111111011111111111111011
111111111111111111111111111111111001111111111110110111101111101111111111101111111110111111111111111011
111111111111111111111111111111100001111111111110000000000000001111111110010001111101111111111111111011
111111111111111111111111111110001110111111111110110111101111100111111101111110000101111111111111111011
111111111111111111111111111101101111011111111110110111101111101001110011111111111011111111111111111011
111111111111111111111111100011101111100000000000000000001111101110001111111111110111111111111111111011
111111111111111111111110000001101111111111111111110111101111101111011111111111101111111111111111111011
111111111111111111111101101110001111111111111111110111101111101111011111111111011111111111111111111011
111111111111111111111011101111100000011111111111110111101111101111011111111110111111111111111111111011
111111111111111111110111101111101111100000000000000000000000000110111111111101111111111111111111111011
111111111111111111101111101111101111111111111111111111111111111000111111111011111111111111111111110111
111111111111111000011111101111011111111111111111111111111111111110001111110111111111111111100000001111
111111111111110111111111101111011111111111111111111111111111111110110011101111111111111110011111111111
111111111111101111111111101111011111111111111111111111111111111110111100001111111001111101111111111111
111111111000011111111111101111011111111111111111111111111111111110111111010111111010000011111111111111
111111111011111111111111100011011111111111111111111111111111111111011110111001111010101111111111111111
111111111011111111111111101100011111111111111111111111111111111111101101111110111010101111111111111111
111111111101111111111111101111011111111111111111111111111111111111110011111111011010101111111111111111
111111111101111111111111101111011111111111111111111111111111111111101111111111101010101111111111111111
111111111101111111111111101111011111111111111111111111111111111111011111111111110010101111111111111111
111111111101111111111111100111011111111111111111111111111111111110111111111111111010101111111111111111
111111111101111111111111101000011111111111111111111111111111111101011111111111111100000000111111111111
111111111101111111111111101111011111111111111111111111111111111011100111111100000011111101011111111111
111111111110111111111111101111011111111111111111111111111111111011111011111011111111111101101111111111
111111111111000000000000001111011111111111111111111111111111110111111101100111111111111011110111111111
111111111111011111111111101111011111111111111111111111111111110111111000011111111111111011111011111111
111111111111011111111111101111011000011111111111111111111111101001110110111111111111111011111101111111
111111111111011111111111101111011011100000000000000000011111011110101110111111111111111011111110111111
111111111111101111111111101111011011111111111111011111100000111111011110111111111111111011111111011111
111111111111101111111111101111011011111111111111011111011110011110111101111111111111110111111111101111
111111111111110111111111011111011011111111111111011110111101101101111101111111111111101111111111110111
111111111111110111111111011111000000000000000000011110111011110011111101111111111111011111111111111011
111111111111111011111111011111111111111111111110100000111001110111111011111111111110111111111111110111
111111111111111011111111011111111111111111111110111110111010010111110011111111111110111111111111110111
111111111111111101111111011111111111111111111110111101111011101111110101111111111110111111111111101111
111111111111111101111111011111111111111111111110111101110111110111101110000000111101111111111111101111
111111111111110000000000000000000111111111111110111011110111111011011111111011000000011111111111101111
111111111000001101111111011111110000001111111110000011110111111010111111111011111101100011111111101111
111111000111111101111111011111110111110011111110111011110111111100111111111011111011111100111111101111
111111011111111101111111101111110111111011111110111011110111111100111111111011111011111111000000101111
111111101111111101111111101111110111111011111110111011101111111110111111111000000011111111111111001111
111111101111111110111111101111111011111000000000010111101111111111011111111011111011111111111111111111
111111101111111110111111101111111011111111111111100000011111111111100000110111110111111111111111111111
111111101111111110111111101111111000001111111111111111011111111111101111000111110111111111111111111111
111111101111111110111111101000000011101111111111111111011111111111011111110111110111111111111111111111
111111110111111110000000000111111111101111111111111111011111111110111111110111110111111111111111111111
111111111011111111111111101111111111101111111111111110111111111101111111110111101111111111111111111111
111111111101111111111111101111111111101111111111111101111111111101111111111011011111111111111111111111
111111111101111111111111101111111111101111111111111011111100011011111111111101011111111111111111111111
111111111110111111111111101111111111101111111111111011111011100111000000000000111111111111111111111111
111111111111011111111111101111111111101111111111000001111011110111011111111111011111111111111111111111
111111111111011111111111101111111111101111000000110110010111101110111111111111011111111111111111111111
111111111111101111111111101111111111101000011111110111100111101110111111111111011111111111111111111111
111111111111110111111111101111000000000111101111110111110000001101111111111111011111111111111111111111
111111111111110111111111100000111111101111101111110111110111110000000000000000001111111111111111111111
111111111111110111111111101111111111101111110000000111110111110111111101111111101111111111111111111111
111111111111111011111111101111111111101111111111110111110111110111111101111111101111111111111111111111
111111111111111101111111101111111111101111111111110111110111101111111101111111101111111111111111111111
111111111111111101111111101111111111101111111111110111110111101111111011111111011111111111111111111111
111111111111111110111111101111111111101111111111110111110111101111110111111111011111111111111111111111
111111111111111111011111101111111111101111111111110000000000000011110111111110111111111111111111111111
111111111111111111011111101111111111001111111111110111111111111100001111111110111111111111111111111111
111111111111111111101111100000000000111111111111110111111111111111111111111101111111111111111111111111
111111111111111111101111110111111111111111111111110111111111111111111111111011111111111111111111111111
111111111111111111110111110111111111111111111111110111111111111111111111111011111111111111111111111111
111111111111111111111011110111111111111100000000000011111111111110000000000011111111111111111111111111
111111111111111111111011110111111111111101101110110100000011110001111111111011111111111111111111111111
111111111111111111111011110111111111111101101110110111111100001111111111111011111111111111111111111111
111111111111111111111011110000000000111101101110110111111111111111111111111011111111111111111111111111
111111111111111111111010001110111111011101101110110111111111111111111111111011111111111111111111111111
111111111111111111111101111110111000000000000000110111111111111111111111111011111111111111111111111111
111111111111111111111101111110000111111111111111000000000000000000000111111011111111111111111111111111
111111111111111111111110111111111111110000000000111111111111111111111000000011111111111111111111111111
111111111111111111111110111111111100001111111111111111111111111111111111111111111111111111111111111111
111111111111111111111111010000000011111111111111111111111111111111111111111111111111111111111111111111
111111111111111111111111101111111111111111111111111111111111111111111111111111111111111111111111111111
111111111111111111111111111111111111111111111111111111111111111111111111111111111111111111111111111111
144444444444444444444444444444444444444444444444444444444444444444444444444444444444444444444444444441
144444444444444444444444444444444444444444444444444444444444444444444444444444444444444444444444444441
144444444444444444444444444444444444444444444444444444444444444444444444444444444444444444444444444441
144444444444444444444444444444444444444444444444444444444444444444444444444444444444444444444444444441
144444444444444444444444444444444444444444444444444444444444444444444444444444444444444444444444444441
144444444444444444444444444444444444444444444444444444444444444444444444444444444444444444444444444441
144444444444444444444444444444444444444444444444444444444444444444444444444444444444444444444444444441
144444444444444444444444444444444444444444444444444444444444444444444444444444444444444444444444444441
144444444444444444444444444444444444444444444444444444444444444444444444444444444444444444444444444441
144444444444444444444444444444444444444444444444444444444444444444444444444444444444444444444444444441
111111111111111111111111111111111111111111111111111111111111111111111111111111111111111111111111111111