111111111111111111111111111111111111111111111111111111111111111111111111111111111111111111111111111111
111111111111111111111111111111111111111111111111111111111111111111111111111111111111111111111111111111
111111111111111111111111111111111111111111111111111111111111111111111111111111000000000000001111111111
111111111111111111111111111111111111111111111111111111111111111111111111111110101111111111110000000011
111111111111111111111111111111111111111111111111111111100011111111111111111101101111111111111111110011
111111111111111111111111111111111111111111111111111111011101111111111111110011101111111111111111101011
111111111111111111111111111111111111111111111111111110111110110000001111101111110111111111111111011011
111111111111111111111111111111111111111111111111111101011111001111110111011111111011111111111110111011
111111111111111111111111111111111111111111111111111101011111011111111010111111111011111111111101111011
111111111111111111111111111111111111111111111111111101101111011111111100001111111001111111110011111011
111111111111111111111111111111111111111111111111110011101111011111111011110011110111111111001111111011
111111111111111111111111111111111111111111111000001011101111011111110111111100001111111100111111111011
111111111111111111111111111111111111110000000101111011101111101111001111111101110000110011111111111011
111111111111111111111111111111111111001111111101111011101111100000110001111011111111001111111111111011
111111111111111111111111111111111100111111111110110111101111101111111110010111111111011111111111111011
111111111111111111111111111111111011111111111110110111101111101111111111100011111110111111111111111011
111111111111111111111111111110000111111111111110000000000000001111111111011101111101111111111111111011
111111111111111111111111111101100111111111111110110111101111100111111100111110001101111111111111111011
111111111111111111111111110011101001111111111110110111101111101000011011111111110011111111111111111011
111111111111111111111111100011101110000000000000000000001111101111100111111111110111111111111111111011
111111111111111111111100001100101111111111111111110111101111101111101111111111101111111111111111111011
111111111111111111111011101111001111111111111111110111101111101111011111111111011111111111111111111011
111111111111111111000111101111100000000000000000010111101111101110111111111110111111111111111111111011
111111111111111110111111101111101111111111111111100000000000000010111111111101111111111111111111110011
111111111111111001111111101111101111111111111111111111111111111100011111111011111111111111111100001111
111111111111110111111111101111101111111111111111111111111111111110101111110111111111111111111011111111
111111111110001111111111101111101111111111111111111111111111111110110011101111111111111100000111111111
111111111101111111111111101111101111111111111111111111111111111110111100001111111011110011111111111111
111111111011111111111111101111011111111111111111111111111111111110111111010111111000001111111111111111
111111111011111111111111100000011111111111111111111111111111111111011100111011111010101111111111111111
111111111011111111111111101111011111111111111111111111111111111111101011111101111010101111111111111111
111111111011111111111111101111011111111111111111111111111111111111110111111110111010101111111111111111
111111111011111111111111101111011111111111111111111111111111111111101111111111011010101111111111111111
111111111011111111111111101111011111111111111111111111111111111111011111111111100010101111111111111111
111111111011111111111111101111011111111111111111111111111111111110011111111111111010101111111111111111
111111111101111111111111100000011111111111111111111111111111111101101111111111100000000001111111111111
111111111101111111111111101111011111111111111111111111111111111011110111111111011111111100111111111111
111111111110111111111111101111011111111111111111111111111111110111111011111110111111111011011111111111
111111111111011111111000001111011111111111111111111111111111110111111101110001111111110111101111111111
111111111111000000000111101111011111111111111111111111111111110011111110001111111111110111110111111111
111111111111101111111111101111011000000000111111111111111111101101111100111111111111110111111011111111
111111111111101111111111011111011011111111000000000111111111011110111001111111111111110111111101111111
111111111111101111111111011111011011111111111111011000000000111111000101111111111111110111111110111111
111111111111110111111111011111011011111111111111011111011101011110111101111111111111110111111111011111
111111111111110111111111011111011011111111111111011111011101100101111011111111111111101111111111100111
111111111111111011111111011111000000000000000000000011011101111011110111111111111111101111111111111011
111111111111111011111111011111111111111111111110111100111001111011110111111111111111101111111111111011
111111111111111011111111011111111111111111111110111110110110010111110011111111111111101111111111111011
111111111111111011111111011111111111111111111110111101110111101111110100000011111111011111111111111011
111111111111111101111111011111111111111111111110111101101111101111101111111100000010111111111111111011
111111111111100000000000000000000001111111111110011011101111110111101111111101111100011111111111110111
111111111000011101111111011111110110001111111110100011101111111011101111111011111101100111111111110111
111111000111111101111111011111110111110011111110111011101111111011011111111011111011111001111111110111
111111101111111110111111011111111011111011111110110111011111111100111111111011111011111110001111110111
111111101111111110111111011111111011111011111110110111011111111110111111111000000011111111110000001111
111111101111111110111111011111111011111000000000110111011111111111011111110111110111111111111111111111
111111110111111110111111011111111011111111111111000000011111111111101111110111101111111111111111111111
111111111011111110111111011111111011101111111111111111011111111111010000000111101111111111111111111111
111111111101111110111111101110000000001111111111111110111111111110111111111011101111111111111111111111
111111111110111110000000000001111111101111111111111110111111111110111111111011101111111111111111111111
111111111111011111111111101111111111101111111111111110111111111110111111111101011111111111111111111111
111111111111011111111111101111111111101111111111111101111111111101111111111110011111111111111111111111
111111111111011111111111101111111111101111111111111101111100111011111111111110011111111111111111111111
111111111111011111111111101111111111101111111111000000111101000111000000000000111111111111111111111111
111111111111101111111111101111111111101111111000111011011011110111011111111110111111111111111111111111
111111111111101111111111101111111111101111000111111011100111101110111111111111011111111111111111111111
111111111111101111111111101111111111101100101111111011110011101101111111111111101111111111111111111111
111111111111110111111111101000000000000011101111111011110100000101111111111111101111111111111111111111
111111111111110111111111100111111111101111101111110111110111111000000000000000001111111111111111111111
111111111111111011111111101111111111101111110000000111110111110111111011111111011111111111111111111111
111111111111111101111111101111111111101111111111110111110111110111111011111111011111111111111111111111
111111111111111110111111101111111111101111111111110111110111101111110111111111011111111111111111111111
111111111111111110111111101111111111101111111111110111110111101111110111111111011111111111111111111111
111111111111111110111111101111111111101111111111110111110111101111101111111111011111111111111111111111
111111111111111110111111101111111111101111111111110000000000000111101111111110111111111111111111111111
111111111111111111011111101111111100001111111111110111111111111000001111111110111111111111111111111111
111111111111111111011111100000000011111111111111110111111111111111111111111110111111111111111111111111
111111111111111111101111101111111111111111111111110111111111111111111111111101111111111111111111111111
111111111111111111110111101111111111111111111111110111111111111111111111111101111111111111111111111111
111111111111111111110111101111111111111100000000000000000001111111110000000011111111111111111111111111
111111111111111111111011101111111111111101101110110111111110111000001111111011111111111111111111111111
111111111111111111111011110111111111111101101110110111111111000111111111111011111111111111111111111111
111111111111111111111011110000000000111101101110110111111111111111111111111011111111111111111111111111
111111111111111111111100001110111111011101101110110111111111111111111111111011111111111111111111111111
111111111111111111111101111110110000000000000000110111111111111111111111111011111111111111111111111111
111111111111111111111101111110001111111110000000000000000000001111111111111011111111111111111111111111
111111111111111111111110111111111110000001111111111111111111110000000000000011111111111111111111111111
111111111111111111111111011000000001111111111111111111111111111111111111111111111111111111111111111111
111111111111111111111111010111111111111111111111111111111111111111111111111111111111111111111111111111
111111111111111111111111101111111111111111111111111111111111111111111111111111111111111111111111111111
111111111111111111111111111111111111111111111111111111111111111111111111111111111111111111111111111111
144444444444444444444444444444444444444444444444444444444444444444444444444444444444444444444444444441
144444444444444444444444444444444444444444444444444444444444444444444444444444444444444444444444444441
144444444444444444444444444444444444444444444444444444444444444444444444444444444444444444444444444441
144444444444444444444444444444444444444444444444444444444444444444444444444444444444444444444444444441
144444444444444444444444444444444444444444444444444444444444444444444444444444444444444444444444444441
144444444444444444444444444444444444444444444444444444444444444444444444444444444444444444444444444441
144444444444444444444444444444444444444444444444444444444444444444444444444444444444444444444444444441
144444444444444444444444444444444444444444444444444444444444444444444444444444444444444444444444444441
144444444444444444444444444444444444444444444444444444444444444444444444444444444444444444444444444441
144444444444444444444444444444444444444444444444444444444444444444444444444444444444444444444444444441
111111111111111111111111111111111111111111111111111111111111111111111111111111111111111111111111111111