111111111111111111111111111111111111111111111111111111111111111111111111111111111111111111111111111111
111111111111111111111111111111111118888888888888888888888888888888888888888881111111111111111111111111
111111111111111111111111118888888888888888888888888888888888888888888888888811000000000000000111111111
111111111111111111118888888888888888888888888888888888111111111111111111111110101111111111111000000011
111111111111111188888888888888888888888888888111111111100011111111111111111101101111111111111111110011
111111111111888888888888888888888888888888111111111111011101111111111111111011110111111111111111101011
111111111118888888888888888888888888888811111111111110111110111111101111110111111011111111111110011011
111111111888888888888888888888888888111111111111111110011111000000010111101111111011111111111101111011
111111188888888888888888888888881111111111111111111101011111011111111010011111111011111111111011111011
111111888888888888888888888111111111111111111111111101101111011111111100011111111101111111100111111011
111118888888888888888888811111111111111111111111111011101111011111111011100011110011111110011111111011
111118888888888888888881111111111111111111100000000011101111011111110111111100001111111101111111111011
111188888888888888888111111111111111100000011110111011101111011110001111111110110011110011111111111011
111188888888888888881111111111111110011111111110110111101111100001110111111001111100001111111111111011
111188888888888888811111111111111101111111111110110111101111101111111011110111111111011111111111111011
111888888888888881111111111111111011111111111110110111101111101111111100000011111110111111111111111011
111888888888888811111111111110000001111111111110000000000000000001111111011101111110111111111111111011
118888888888888111111111111101101110111111111110110111101111101110111110111110111101111111111111111011
118888888888811111111111111011101111001111111110110111101111101111010001111111000011111111111111111011
118888888888111111111111000111101111110000000000000000001111101111101111111111110111111111111111111011
188888888881111111111100101001101111111111111111110111101111101111011111111111101111111111111111111011
188888888811111111111011101110001111111111111111110111101111101111011111111111011111111111111111111011
188888888111111111110111101111100000000000000001110111101111101111011111111110111111111111111111111011
188888888111111111101111101111101111111111111110000000000000000011011111111101111111111111111111100011
188888888111111000011111101111101111111111111111111111111111111100001111111011111111111111111110011111
188888888111100111111111101111101111111111111111111111111111111110110011111011111111111111111001111111
188888881111011111111111101111011111111111111111111111111111111110111101110111111111111100000111111111
188888881110111111111111101111011111111111111111111111111111111110111110001111111011110011111111111111
188888881001111111111111101111011111111111111111111111111111111110111110010111111000001111111111111111
188888811011111111111111100001011111111111111111111111111111111111011101111001111010101111111111111111
188888811011111111111111101110011111111111111111111111111111111111101011111110111010101111111111111111
188888811011111111111111101111011111111111111111111111111111111111110111111111011010101111111111111111
188888811011111111111111101111011111111111111111111111111111111111101111111111101010101111111111111111
188888111101111111111111101111011111111111111111111111111111111111011111111111110010101111111111111111
188888111101111111111111100111011111111111111111111111111111111110111111111111111010101111111111111111
188888111101111111111111101000011111111111111111111111111111111101001111111111100000000001111111111111
188881111101111111111111101111011111111111111111111111111111111101110111111000011111111010111111111111
188881111101111111111111101111011111111111111111111111111111111011111011100111111111111011011111111111
188881111110111111111100001111011111111111111111111111111111111011111101011111111111110111101111111111
188881111111000000000011011111011111111111111111111111111111110111111110111111111111110111110111111111
188881111111011111111111011111011011111111111111111111111111101001111001111111111111110111111011111111
188881111111101111111111011111011000000000000000011111111111011110110101111111111111110111111101111111
188881111111101111111111011111011011111111111111000000000000111111001101111111111111101111111110011111
188881111111110111111111011111011011111111111111011111101110001110111101111111111111101111111111101111
188881111111110111111111011111011011111111111111011111101110110101111011111111111111011111111111110111
188881111111111011111111011111000000000000000000011111011101111011111011111111111111011111111111111011
188881111111111011111111011111111111111111111111000000111001110111110111111111111111011111111111111011
188881111111111011111111011111111111111111111110111101111010101111110011111111111111011111111111111011
188881111111111101111111011111111111111111111110111101110111001111101100111111111110111111111111111011
188881111111111101111111011111111111111111111110111011110111110111101111000000011101111111111111111011
188881111111111100000000000000000111111111111110000011110111110111101111111101100000000011111111111011
188881110000000001111111101111110000011111111110111011101111111011011111111011111101111100011111111011
188881001111111101111111101111110111100011111110111011101111111010111111111011111011111111100111110111
188881011111111101111111101111111011111011111110111011011111111100111111111011111011111111111001110111
188881101111111110111111101111111011111011111110111011011111111110111111111000000011111111111110001111
188881101111111110111111101111111011111000000000110111011111111111011111111011111011111111111111111111
188881101111111110111111101111111011111111111111000000011111111111100001111011111011111111111111111111
188881110111111110111111101111111000001111111111111111011111111111101110000111111011111111111111111111
188881110111111110111111100000000011101111111111111110111111111111011111111011111011111111111111111111
188881111011111110000000001111111111101111111111111110111111111111011111111011110111111111111111111111
188881111101111111111111101111111111101111111111111110111111111110111111111011110111111111111111111111
188888111110111111111111101111111111101111111111111101111111111101111111111101101111111111111111111111
188888111110111111111111101111111111101111111111111101111100011011111111111101011111111111111111111111
188888111111011111111111101111111111101111111000000011111011100111000000000000111111111111111111111111
188888811111101111111111101111111111101111100111110101110111101110111111111110111111111111111111111111
188888811111110111111111101111111111101110011111110110010111011110111111111110111111111111111111111111
188888811111111011111111101111111111101001101111110111100111011110111111111111011111111111111111111111
188888881111111101111111101111111110000111101111110111110000001101111111111111101111111111111111111111
188888881111111101111111100000000001101111110111110111110111110000000000000000001111111111111111111111
188888881111111101111111101111111111101111110000000111110111111011111101111111101111111111111111111111
188888881111111110111111101111111111101111111111110111110111110111111101111111011111111111111111111111
188888881111111110111111101111111111101111111111110111110111101111111101111111011111111111111111111111
188888888111111111011111101111111111101111111111110111110111101111111011111111011111111111111111111111
188888888111111111101111101111111111101111111111110111110111011111110111111111011111111111111111111111
188888888111111111110111101111111111101111111111110000000000000000001111111111011111111111111111111111
188888888111111111110111101111111111001111111111110111111111111111101111111110111111111111111111111111
188888888811111111111011100000000000111111111111110111111111111111111111111101111111111111111111111111
188888888811111111111011101111111111111111111111110111111111111111111111111101111111111111111111111111
188888888881111111111011101111111111111111111111110111111111111111111111111101111111111111111111111111
188888888881111111111011101111111111111100000000000011111111111111111111000011111111111111111111111111
188888888888111111111011110111111111111101101110110100000111111111111110111011111111111111111111111111
188888888888811111111011110111111111111101101110110111111000000000000001111011111111111111111111111111
188888888888881111111101110000000000111101101110110111111111111111111111111011111111111111111111111111
188888888888888111111101001110111110111101101110110111111111111111111111111011111111111111111111111111
188888888888888811111100111110000000000000000000110111111111111111111111111011111111111111111111111111
188888888888888881111110111110111111111110000000000000000000000000000000001011111111111111111111111111
188888888888888888111110111111111111111001111111111111111111111111111111110011111111111111111111111111
188888888888888888811111011111111111000111111111111111111111111111111111111111111111111111111111111111
188888888888888888881111011110000000111111111111111111111111111111111111111111111111111111111111111111
188888888888888888888111100001111111111111111111111111111111111111111111111111111111111111111111111111
188888888888888888888811111111111111111111111111111111111111111111111111111111111111111111111111111111
144444444444444444444444444444444444444444444444444444444444444444444444444444444444444444444444444441
144444444444444444444444444444444444444444444444444444444444444444444444444444444444444444444444444441
144444444444444444444444444444444444444444444444444444444444444444444444444444444444444444444444444441
144444444444444444444444444444444444444444444444444444444444444444444444444444444444444444444444444441
144444444444444444444444444444444444444444444444444444444444444444444444444444444444444444444444444441
144444444444444444444444444444444444444444444444444444444444444444444444444444444444444444444444444441
144444444444444444444444444444444444444444444444444444444444444444444444444444444444444444444444444441
144444444444444444444444444444444444444444444444444444444444444444444444444444444444444444444444444441
144444444444444444444444444444444444444444444444444444444444444444444444444444444444444444444444444441
144444444444444444444444444444444444444444444444444444444444444444444444444444444444444444444444444441
111111111111111111111111111111111111111111111111111111111111111111111111111111111111111111111111111111