111111111111111111111111111111111111111111111111111111111111111111111111111111111111111111111111111111
111111111111111111111111111111111111111111111111111111111111111111111111111181111111111111111111111111
111111111111111111111111111111111111111111111111111111888888888888888888888811000000000000001111111111
111111111111111111111111111111111111111111111888888888111111111111111111111110011111111111110000000011
111111111111111111111111111111111111111111888111111111110011111111111111111101011111111111111111110011
111111111111111111111111111111111111111188111111111111001101111111111111111011101111111111111111101011
111111111111111111111111111111111111888811111111111110111110110000001111100111110111111111111111011011
111111111111111111111111111111118888111111111111111110011111001111110111011111111011111111111110111011
111111111111111111111111111888881111111111111111111101011111011111111010111111111011111111111101111011
111111111111111111111111118111111111111111111111111101101111011111111101111111111101111111110011111011
111111111111111111111111811111111111111111111111110011101111101111111010000000110011111111001111111011
111111111111111111111181111111111111111110000000001011101111101111110111111111000111111000111111111011
111111111111111111118111111111111111111001111101111011101111100000000111111110111001110111111111111011
111111111111111111181111111111111111100111111101111011101111101111111011111001111110001111111111111011
111111111111111111811111111111111000011111111101111011101111101111111100010111111111011111111111111011
111111111111111181111111111111110111111111111101111011101111101111111111100001111110111111111111111011
111111111111111811111111111110001111111111111110000000000000001111111110011110111101111111111111111011
111111111111118111111111111101100111111111111110110111101111100001111101111111011101111111111111111011
111111111111811111111111110011101000001111111110110111101111101110010011111111100011111111111111111011
111111111118111111111110000011101111110000000000000000001111101111101111111111110111111111111111111011
111111111181111111111101101101101111111111111111110111101111101111101111111111101111111111111111111011
111111111811111111100011101110001111111111111111110111101111101111101111111111011111111111111111111011
111111118111111111011111101111100000000000000001110111101111101111011111111110111111111111111111111011
111111118111111100111111101111101111111111111110000000000000000111011111111101111111111111111111110011
111111118111111011111111101111011111111111111111111111111111111000000111111011111111111111111110001111
111111118111100111111111101111011111111111111111111111111111111110111011110111111111111111111101111111
111111181111011111111111101111011111111111111111111111111111111110111100101111111111111000000011111111
111111181100111111111111101111011111111111111111111111111111111110111111001111111011110111111111111111
111111181011111111111111101111011111111111111111111111111111111110111110010111111000001111111111111111
111111811011111111111111100001011111111111111111111111111111111111011101111011111010101111111111111111
111111811011111111111111101110011111111111111111111111111111111111101011111101111010101111111111111111
111111811011111111111111101111011111111111111111111111111111111111110111111110111010101111111111111111
111111811011111111111111101111011111111111111111111111111111111111101111111111001010101111111111111111
111118111011111111111111101111011111111111111111111111111111111111011111111111110010101111111111111111
111118111101111111111111100001011111111111111111111111111111111110111111111111111010101111111111111111
111118111101111111111111101110011111111111111111111111111111111101011111111111111100000001111111111111
111181111110111111111111101111011111111111111111111111111111111011101111111111111011111010111111111111
111181111110111111111111101111011111111111111111111111111111111011110111100000000111111011011111111111
111181111111011111000000001111011111111111111111111111111111111011111001011111111111110111101111111111
111181111111000000111111101111011111111111111111111111111111110011111100111111111111110111110011111111
111181111111011111111111101111011000111111111111111111111111101101111001111111111111101111111101111111
111181111111011111111111101111011011000000000000011111111111011110100101111111111111101111111110111111
111181111111011111111111101111011011111111111111000000000000111111011101111111111111101111111111011111
111181111111011111111111101111011011111111111111011111011110001110111011111111111111101111111111101111
111181111111011111111111101111011011111111111111011111011101110101111011111111111111101111111111110111
111181111111011111111111101111000000000000000000000001011101111011111011111111111111011111111111111011
111181111111101111111111101111111111111111111111011110111011110111111011111111111110111111111111111011
111181111111110111111111011111111111111111111110111110111000110111110011111111111110111111111111111011
111181111111111011111111011111111111111111111110111101110111001111110101111111111101111111111111111011
111181111111111101111111011111111111111111111110111101110111110111110110000000011101111111111111111011
111181111111111100000000000000000001111111111110111101110111110111101111111101100001111111111111111011
111181111111111001111111011111110110011111111110000011101111111011101111111101111100111111111111111011
111181000000000101111111011111110111100011111110111011101111111011011111111101111011000000000001111011
111181101111111101111111011111111011111011111110110111101111111100111111111101111011111111111110110111
111181101111111101111111011111111011111011111110110111101111111110111111111000000011111111111111001111
111181110111111101111111011111111011111000000000110111101111111111011111110111110111111111111111111111
111181111011111101111111011111111011111111111111000000011111111111100111110111110111111111111111111111
111181111011111101111111011111111011001111111111111111011111111111011000000111110111111111111111111111
111181111011111101111111101100000000101111111111111111011111111110111111110111110111111111111111111111
111181111101111110000000000011111111101111111111111111011111111101111111110111101111111111111111111111
111181111101111111111111101111111111101111111111111110111111111101111111111011011111111111111111111111
111118111101111111111111101111111111101111111111111101111111111011111111111010111111111111111111111111
111118111101111111111111101111111111101111111111111101111101111011111111111100111111111111111111111111
111118111110111111111111101111111111101111111111111001111100000111000000000000111111111111111111111111
111111811110111111111111101111111111101111111111100010111011110111011111111111011111111111111111111111
111111811110111111111111101111111111101000000000011011000111101110111111111111011111111111111111111111
111111811110111111111111101111111111100111011111110111110001101110111111111111011111111111111111111111
111111181111011111111111101100000000001111101111110111110110000101111111111111011111111111111111111111
111111181111101111111111100011111111101111101111110111110111111000000000000000001111111111111111111111
111111181111110111111111101111111111101111110000000111110111111011111101111111011111111111111111111111
111111181111110111111111101111111111101111111111110111110111111011111101111110111111111111111111111111
111111181111110111111111101111111111101111111111110111110111111011111011111110111111111111111111111111
111111118111110111111111101111111111101111111111110111110111110111110111111110111111111111111111111111
111111118111110111111111101111111111101111111111110111110111101111110111111101111111111111111111111111
111111118111111011111111101111111111101111111111110000000000000000001111111101111111111111111111111111
111111118111111101111111101111111000001111111111110111111111111111101111111101111111111111111111111111
111111111811111110111111100000000111111111111111110111111111111111111111111101111111111111111111111111
111111111811111110111111101111111111111111111111110111111111111111111111111101111111111111111111111111
111111111181111111011111101111111111111111111111110111111111111111111111111101111111111111111111111111
111111111181111111011111101111111111111100000000000111111111111111110000000011111111111111111111111111
111111111118111111101111110111111111111101101110110000111111100000001111111011111111111111111111111111
111111111111811111110111110111111111111101101110110111000000011111111111111011111111111111111111111111
111111111111181111110111100000000000111101101110110111111111111111111111111011111111111111111111111111
111111111111118111111011011110111110111101101110110111111111111111111111111011111111111111111111111111
111111111111111811111100111110111100000000000000110111111111111111111111111011111111111111111111111111
111111111111111181111110111110000011111111111110000000000001111111111111111011111111111111111111111111
111111111111111118111110111111111110000000000001111111111110000000000000000011111111111111111111111111
111111111111111111811111011111110001111111111111111111111111111111111111111111111111111111111111111111
111111111111111111181111101110001111111111111111111111111111111111111111111111111111111111111111111111
111111111111111111118111100001111111111111111111111111111111111111111111111111111111111111111111111111
111111111111111111111811111111111111111111111111111111111111111111111111111111111111111111111111111111
144444444444444444444444444444444444444444444444444444444444444444444444444444444444444444444444444441
144444444444444444444444444444444444444444444444444444444444444444444444444444444444444444444444444441
144444444444444444444444444444444444444444444444444444444444444444444444444444444444444444444444444441
144444444444444444444444444444444444444444444444444444444444444444444444444444444444444444444444444441
144444444444444444444444444444444444444444444444444444444444444444444444444444444444444444444444444441
144444444444444444444444444444444444444444444444444444444444444444444444444444444444444444444444444441
144444444444444444444444444444444444444444444444444444444444444444444444444444444444444444444444444441
144444444444444444444444444444444444444444444444444444444444444444444444444444444444444444444444444441
144444444444444444444444444444444444444444444444444444444444444444444444444444444444444444444444444441
144444444444444444444444444444444444444444444444444444444444444444444444444444444444444444444444444441
111111111111111111111111111111111111111111111111111111111111111111111111111111111111111111111111111111