111111111111111111111111111111111111111111111111111111111111111111111111111111111111111111111111111111
111111111111111111111111111111111118888888888888888888888888888888888888888881111111111111111111111111
111111111111111111111111118888888888888888888888888888888888888888888888888810000000000001111111111111
111111111111111111118888888888888888888888888888888888111111111111111111111101101111111110000000000011
111111111111111188888888888888888888888888888111111111110011111111111111111011110111111111111111110011
111111111111888888888888888888888888888888111111111111001101111111111111110111110111111111111111001011
111111111118888888888888888888888888888811111111111110111110111111001111101111110111111111111110111011
111111111888888888888888888888888888111111111111111110111111000000110111011111111011111111111101111011
111111188888888888888888888888881111111111111111111110011111011111111010111111111011111111111011111011
111111888888888888888888888111111111111111111111111101101111101111111101111111111101111111110111111011
111118888888888888888888811111111111111111111111000011101111101111111010000001110011111111001111111011
111118888888888888888881111111111111111111110000110111101111101111110111111110000111111110111111111011
111188888888888888888111111111111111111000001110110111101111101110000111111100111011110001111111111011
111188888888888888881111111111111111000111111110110111101111100001111011111011111100001111111111111011
111188888888888888811111111111111100111111111110110111101111101111111100010111111111011111111111111011
111888888888888881111111111111111011111111111110110111101111101111111111101111111110111111111111111011
111888888888888811111111111111100111111111111110000000000000001111111111010011111101111111111111111011
118888888888888111111111111110000001111111111110110111101111100011111000111100000011111111111111111011
118888888888811111111111110001101110011111111110110111101111101100010111111111111011111111111111111011
118888888888111111111110000011101111100000000000000000001111101111101111111111110111111111111111111011
188888888881111111111001101100101111111111111111110111101111101111101111111111101111111111111111111011
188888888811111111110111101111001111111111111111110111101111101111011111111111011111111111111111111011
188888888111111111101111101111100000000000000000010111101111101110111111111110111111111111111111111011
188888888111111110011111101111101111111111111111100000000000000000111111111101111111111111111100000011
188888888111111001111111101111011111111111111111111111111111111110011111111101111111111111000011111111
188888888111100111111111101111011111111111111111111111111111111110101111111011111111111110111111111111
188888881111011111111111101111011111111111111111111111111111111110110011110111111111111101111111111111
188888881100111111111111101111011111111111111111111111111111111110111100001111111001110011111111111111
188888881011111111111111101111011111111111111111111111111111111110111111010011111010001111111111111111
188888811011111111111111100001011111111111111111111111111111111111011110111101111010101111111111111111
188888811011111111111111101110011111111111111111111111111111111111101001111110111010101111111111111111
188888811101111111111111101111011111111111111111111111111111111111110111111111011010101111111111111111
188888811101111111111111101111011111111111111111111111111111111111101111111111101010101111111111111111
188888111110111111111111101111011111111111111111111111111111111111011111111111110010101111111111111111
188888111110111111111111101111011111111111111111111111111111111110011111111111111000101111111111111111
188888111111011111111111100000011111111111111111111111111111111110101111111111000000000001111111111111
188881111111011111111111101111011111111111111111111111111111111101110111111000111111111100111111111111
188881111111011111111111101111011111111111111111111111111111111011111011100111111111111011011111111111
188881111111011111110000001111011111111111111111111111111111111011111101011111111111110111101111111111
188881111111000000001111101111011111111111111111111111111111110111111110111111111111110111110111111111
188881111111101111111111101111011000111111111111111111111111101001111001111111111111110111111011111111
188881111111110111111111101111011011000000000000011111111111011110110101111111111111101111111100111111
188881111111110111111111101111011011111111111111000000000000111111001011111111111111011111111111011111
188881111111110111111111101111011011111111111111011111011110011110110111111111111110111111111111101111
188881111111110111111111101111011011111111111111011111011101100101110111111111111110111111111111110111
188881111111110111111111101111000000000000000000001111011011111011110111111111111110111111111111111011
188881111111110111111111101111111111111111111111010000111000111011110111111111111101111111111111111011
188881111111110111111111011111111111111111111111011101111011010111110011111111111101111111111111111011
188881111111111011111111011111111111111111111110111101110111101111110100111111111101111111111111111011
188881111111111011111111011111111111111111111110111101110111110111101111000000000101111111111111111011
188881111100000000000000000000000000011111111110001101110111110111011111111101111001111111111111111011
188881110011111101111111011111110111100111111110110011110111111010111111111101111010011111111111110111
188881001111111101111111011111110111111011111110111011110111111100111111111101111011100000001111110111
188881101111111101111111011111110111111011111110111011101111111110111111111011111011111111110000001111
188881110111111101111111011111110111111011111110111011101111111110111111111000000011111111111111101111
188881110111111101111111101111110111111000000000000111101111111111011111110111110111111111111111111111
188881110111111101111111101111110111111111111111110011011111111111100011110111110111111111111111111111
188881110111111110111111101111111000001111111111111100011111111111011100000111110111111111111111111111
188881111011111110111111101111000011101111111111111110111111111111011111110111101111111111111111111111
188881111011111110000000000000111111101111111111111110111111111110111111111011101111111111111111111111
188881111101111111111111101111111111101111111111111101111111111101111111111011011111111111111111111111
188888111101111111111111101111111111101111111111111011111111111011111111111101011111111111111111111111
188888111110111111111111101111111111101111111111111011111100111011111111111110111111111111111111111111
188888111111011111111111101111111111101111111111111011111101000111000000000000111111111111111111111111
188888811111011111111111101111111111101111111111000000011011110110111111111110111111111111111111111111
188888811111011111111111101111111111101111000000110111101011110101111111111110111111111111111111111111
188888811111101111111111101111111111101000101111110111110011101011111111111111011111111111111111111111
188888881111110111111111101111111100000111101111110111110100011011111111111111101111111111111111111111
188888881111111011111111100000000011101111101111110111110111100000000000000000001111111111111111111111
188888881111111011111111101111111111101111110000000111110111110111111011111111011111111111111111111111
188888881111111101111111101111111111101111111111110111110111101111111011111111011111111111111111111111
188888881111111101111111101111111111101111111111110111110111011111110111111110111111111111111111111111
188888888111111101111111101111111111101111111111110111110111011111110111111110111111111111111111111111
188888888111111101111111101111111111101111111111110111110111011111101111111101111111111111111111111111
188888888111111101111111101111111111101111111111110000000000000111101111111101111111111111111111111111
188888888111111110111111101000000000001111111111110111111111111000001111111101111111111111111111111111
188888888811111111011111100111111111111111111111110111111111111111111111111101111111111111111111111111
188888888811111111011111101111111111111111111111110111111111111111111111111101111111111111111111111111
188888888881111111011111101111111111111111111111110111111111111111111111111011111111111111111111111111
188888888881111111011111110111111111111100000000000011111111111100000000000011111111111111111111111111
188888888888111111101111110111111111111101101110110101111111100011111111111011111111111111111111111111
188888888888811111110111110111111111111101101110110110000000011111111111111011111111111111111111111111
188888888888881111111011110000000000111101101110110111111111111111111111111011111111111111111111111111
188888888888888111111010001110111110111101101110110111111111111111111111111011111111111111111111111111
188888888888888811111101111110111110000000000000110111111111111111111111111011111111111111111111111111
188888888888888881111110111110000001111111110000000000000000000000000000111011111111111111111111111111
188888888888888888111111011111111111110000001111111111111111111111111111000011111111111111111111111111
188888888888888888811111101111111111001111111111111111111111111111111111111111111111111111111111111111
188888888888888888881111101111110000111111111111111111111111111111111111111111111111111111111111111111
188888888888888888888111100000001111111111111111111111111111111111111111111111111111111111111111111111
188888888888888888888811111111111111111111111111111111111111111111111111111111111111111111111111111111
144444444444444444444444444444444444444444444444444444444444444444444444444444444444444444444444444441
144444444444444444444444444444444444444444444444444444444444444444444444444444444444444444444444444441
144444444444444444444444444444444444444444444444444444444444444444444444444444444444444444444444444441
144444444444444444444444444444444444444444444444444444444444444444444444444444444444444444444444444441
144444444444444444444444444444444444444444444444444444444444444444444444444444444444444444444444444441
144444444444444444444444444444444444444444444444444444444444444444444444444444444444444444444444444441
144444444444444444444444444444444444444444444444444444444444444444444444444444444444444444444444444441
144444444444444444444444444444444444444444444444444444444444444444444444444444444444444444444444444441
144444444444444444444444444444444444444444444444444444444444444444444444444444444444444444444444444441
144444444444444444444444444444444444444444444444444444444444444444444444444444444444444444444444444441
111111111111111111111111111111111111111111111111111111111111111111111111111111111111111111111111111111