111111111111111111111111111111111111111111111111111111111111111111111111111111111111111111111111111111
111111111111111111111111111111111118888888888888888888888888888888888888888881111111111111111111111111
111111111111111111111111118888888888888888888888888888888888888888888888888811000111111111111111111111
111111111111111111118888888888888888888888888888888888111111111111111111111100011000000000000000000011
111111111111111188888888888888888888888888888111111111111011111111111111111011101111111111111111100011
111111111111888888888888888888888888888888111111111111100101111111111111110111110111111111111111011011
111111111118888888888888888888888888888811111111111110011110111110001111101111110111111111111110111011
111111111888888888888888888888888888111111111111111110111111000001110111011111110111111111111101111011
111111188888888888888888888888881111111111111111111101011111011111111010111111111011111111111011111011
111111888888888888888888888111111111111111111111111011101111011111111100111111111101111111110111111011
111118888888888888888888811111111111111111111110000011101111011111111011000001111011111111101111111011
111118888888888888888881111111111111111111000001111011101111011111110111111110000111111110011111111011
111188888888888888888111111111111111111000111101111011101111101000000111111110100000011101111111111011
111188888888888888881111111111111111100111111101110111101111100111111001111001111111100011111111111011
111188888888888888811111111111111111011111111101110111101111101111111110110111111111011111111111111011
111888888888888881111111111111111110111111111110110111101111101111111111000111111110111111111111111011
111888888888888811111111111111000001111111111110000000000000000001111111011000011110111111111111111011
118888888888888111111111111110101101111111111110110111101111101110111110111111100101111111111111111011
118888888888811111111111111001101110111111111110110111101111101111010001111111111011111111111111111011
118888888888111111111111100011101111000000000000000000001111101111101111111111110111111111111111111011
188888888881111111111000001101101111111111111111110111101111101111011111111111101111111111111111111011
188888888811111111110111101110101111111111111111110111101111101110111111111111011111111111111111111011
188888888111111111001111101111000000000000000001110111101111101110111111111110111111111111111111111011
188888888111111100111111101111101111111111111110000000000000000110111111111101111111111111111110000011
188888888111111011111111101111101111111111111111111111111111111000111111111011111111111111111101111111
188888888111100111111111101111101111111111111111111111111111111110000111111011111111111111111011111111
188888881111011111111111101111011111111111111111111111111111111110111000010111111111111110000111111111
188888881110111111111111101111011111111111111111111111111111111110111111101111111011111001111111111111
188888881001111111111111101111011111111111111111111111111111111110111111010111111000000111111111111111
188888811011111111111111100000011111111111111111111111111111111111011110111001111010101111111111111111
188888811101111111111111101111011111111111111111111111111111111111101001111110111010101111111111111111
188888811101111111111111101111011111111111111111111111111111111111110111111111011010101111111111111111
188888811101111111111111101111011111111111111111111111111111111111101111111111101010101111111111111111
188888111101111111111111101111011111111111111111111111111111111111011111111111110010101111111111111111
188888111110111111111111101111011111111111111111111111111111111110111111111111111000101111111111111111
188888111111011111111111100000011111111111111111111111111111111101011111111111111110000001111111111111
188881111111011111111111101111011111111111111111111111111111111011101111111111111001111100011111111111
188881111111011111111111101111011111111111111111111111111111111011110111111111000111111011101111111111
188881111111011111000000001111011111111111111111111111111111111011111001110000111111110111110111111111
188881111111000000111111011111011111111111111111111111111111110111111110001111111111110111111011111111
188881111111101111111111011111011001111111111111111111111111101011110001111111111111101111111101111111
188881111111101111111111011111011010000000000000000011111111011100101101111111111111101111111110111111
188881111111110111111111011111011011111111111111011100000000111111011101111111111111101111111111011111
188881111111110111111111011111011011111111111111011111011101011110111011111111111111101111111111101111
188881111111111011111111011111011011111111111111011111011101100101111011111111111111101111111111110111
188881111111111011111111011111000000000000000000011110111011111011110111111111111111011111111111111011
188881111111111101111111011111111111111111111111000000111011110111110111111111111111011111111111111011
188881111111111101111111011111111111111111111110111110111001110111110001111111111111011111111111111011
188881111111111101111111011111111111111111111110111110111010001111101110011111111111011111111111111011
188881111111111101111111011111111111111111111110111101111011110111011111100000111110111111111111111011
188881111111111100000000000000000000111111111110011011110111111011011111111011000000001111111111110111
188881111111111001111111011111110111011111111110100011101111111101011111111011111101110011111111110111
188881000000000101111111011111110111100011111110111011011111111110011111111011111011111100011111101111
188881011111111101111111011111111011111011111110110111011111111110111111111011111011111111100001101111
188881011111111101111111011111111011111011111110110111011111111110111111111000000011111111111110001111
188881011111111101111111101111111011111000000000010111011111111111011111110111111011111111111111111111
188881101111111101111111101111111011111111111111100000011111111111101111110111110111111111111111111111
188881101111111110111111101111111011001111111111111111011111111111100000000111110111111111111111111111
188881101111111110111111101111000000101111111111111110111111111111011111110111110111111111111111111111
188881110111111110000000000000111111101111111111111101111111111110111111111011101111111111111111111111
188881111011111111111111101111111111101111111111111011111111111101111111111101101111111111111111111111
188888111101111111111111101111111111101111111111111011111111111011111111111110011111111111111111111111
188888111110111111111111101111111111101111111111111011111101110111111111111110111111111111111111111111
188888111111011111111111101111111111101111111111111011111010000111000000000000111111111111111111111111
188888811111011111111111101111111111101111110000000000010111101110111111111111011111111111111111111111
188888811111011111111111101111111111101111001111111011100111101110111111111111011111111111111111111111
188888811111011111111111101111111111101000011111111011110111101110111111111111011111111111111111111111
188888881111011111111111101111111100000111101111111011110000000101111111111111101111111111111111111111
188888881111101111111111100000000011101111110111111011110111111000000000000000001111111111111111111111
188888881111101111111111101111111111101111110000000111110111110111111101111111011111111111111111111111
188888881111110111111111101111111111101111111111110111110111110111111101111111011111111111111111111111
188888881111111011111111101111111111101111111111110111110111110111111011111111011111111111111111111111
188888888111111011111111101111111111101111111111110111110111101111110111111111011111111111111111111111
188888888111111011111111101111111111101111111111110111110111011111101111111110111111111111111111111111
188888888111111011111111101111111111101111111111110000000000011111101111111101111111111111111111111111
188888888111111101111111101110000000001111111111110111111111100000001111111101111111111111111111111111
188888888811111101111111100001111111111111111111110111111111111111111111111101111111111111111111111111
188888888811111110111111101111111111111111111111110111111111111111111111111011111111111111111111111111
188888888881111110111111101111111111111111111111110111111111111111111111111011111111111111111111111111
188888888881111111011111101111111111111100000000000000001111111111111100000011111111111111111111111111
188888888888111111101111110111111111111101101110110111110011111100000011111011111111111111111111111111
188888888888811111110111110111111111111101101110110111111100000011111111111011111111111111111111111111
188888888888881111111011110000000000111101101110110111111111111111111111111011111111111111111111111111
188888888888888111111010001110111110111101101110110111111111111111111111111011111111111111111111111111
188888888888888811111101111110111100000000000000110111111111111111111111111011111111111111111111111111
188888888888888881111101111110000011111111111111110000111111111111111111111011111111111111111111111111
188888888888888888111101111110000000000000000000001111000000000000000000000011111111111111111111111111
188888888888888888811110111101111111111111111111111111111111111111111111111111111111111111111111111111
188888888888888888881111010011111111111111111111111111111111111111111111111111111111111111111111111111
188888888888888888888111101111111111111111111111111111111111111111111111111111111111111111111111111111
188888888888888888888811111111111111111111111111111111111111111111111111111111111111111111111111111111
144444444444444444444444444444444444444444444444444444444444444444444444444444444444444444444444444441
144444444444444444444444444444444444444444444444444444444444444444444444444444444444444444444444444441
144444444444444444444444444444444444444444444444444444444444444444444444444444444444444444444444444441
144444444444444444444444444444444444444444444444444444444444444444444444444444444444444444444444444441
144444444444444444444444444444444444444444444444444444444444444444444444444444444444444444444444444441
144444444444444444444444444444444444444444444444444444444444444444444444444444444444444444444444444441
144444444444444444444444444444444444444444444444444444444444444444444444444444444444444444444444444441
144444444444444444444444444444444444444444444444444444444444444444444444444444444444444444444444444441
144444444444444444444444444444444444444444444444444444444444444444444444444444444444444444444444444441
144444444444444444444444444444444444444444444444444444444444444444444444444444444444444444444444444441
111111111111111111111111111111111111111111111111111111111111111111111111111111111111111111111111111111