111111111111111111111111111111111111111111111111111111111111111111111111111111111111111111111111111111
111111111111111111111111111111111111111111111111111111111111111111111111111181111111111111111111111111
111111111111111111111111111111111111111111111111111111888888888888888888888811000000000001111111111111
111111111111111111111111111111111111111111111888888888111111111111111111111110101111111110000000000011
111111111111111111111111111111111111111111888111111111110011111111111111111001110111111111111111110011
111111111111111111111111111111111111111188111111111111001101111111111111110111110111111111111111101011
111111111111111111111111111111111111888811111111111110111110110000001111101111110111111111111111011011
111111111111111111111111111111118888111111111111111101011111001111110111011111110111111111111100111011
111111111111111111111111111888881111111111111111111101101111011111111010111111111011111111111011111011
111111111111111111111111118111111111111111111111111011101111011111111100011111111101111111110111111011
111111111111111111111111811111111111111111111111100011101111011111111011100011100011111111101111111011
111111111111111111111181111111111111111111110000010111101111101111110111111100000011111110011111111011
111111111111111111118111111111111111000000001110110111101111101100001111111101111101111001111111111011
111111111111111111181111111111111100111111111110110111101111100011110111111011111110000111111111111011
111111111111111111811111111111111011111111111110110111101111101111111000110111111111011111111111111011
111111111111111181111111111111110111111111111110110111101111101111111111000111111110111111111111111011
111111111111111811111111111111101111111111111110000000000000001111111110111001111101111111111111111011
111111111111118111111111111110000111111111111110110111101111100111111001111110111011111111111111111011
111111111111811111111111111101101000001111111110110111101111101011110111111111000011111111111111111011
111111111118111111111111100011101111110000000000000000001111101100001111111111110111111111111111111011
111111111181111111111110001100101111111111111111110111101111101111101111111111101111111111111111111011
111111111811111111111101101111001111111111111111110111101111101111011111111111011111111111111111111011
111111118111111111111011101111100000001111111111110111101111101110111111111110111111111111111111111011
111111118111111111000111101111101111110000000000000000000000000110111111111101111111111111111111111011
111111118111111000111111101111101111111111111111111111111111111000001111111101111111111111111111110111
111111118111110111111111101111101111111111111111111111111111111110110111111011111111111110000000001111
111111181111001111111111101111101111111111111111111111111111111110111000010111111111111101111111111111
111111181110111111111111101111101111111111111111111111111111111110111111101111111011111011111111111111
111111181001111111111111101111101111111111111111111111111111111110111111010111111000000111111111111111
111111811011111111111111100000101111111111111111111111111111111111011110111011111010101111111111111111
111111811101111111111111101111011111111111111111111111111111111111101001111101111010101111111111111111
111111811101111111111111101111011111111111111111111111111111111111110111111110111010101111111111111111
111111811101111111111111101111011111111111111111111111111111111111101111111111011010101111111111111111
111118111101111111111111101111011111111111111111111111111111111111011111111111100010101111111111111111
111118111110111111111111100011011111111111111111111111111111111110111111111111111000101111111111111111
111118111110111111111111101100011111111111111111111111111111111110011111111111111000000001111111111111
111181111110111111111111101111011111111111111111111111111111111110101111111111110111111100111111111111
111181111110111111111111101111011111111111111111111111111111111101110011111110001111111101011111111111
111181111110111111111111101111011111111111111111111111111111111011111101111001111111111101101111111111
111181111111000000000000001111011111111111111111111111111111110111111100000111111111111101110111111111
111181111111011111111111011111011000000000000011111111111111101011111001111111111111111011111001111111
111181111111101111111111011111011011111111111100000111111111011100110101111111111111111011111110111111
111181111111110111111111011111011011111111111111011000000000111111001101111111111111111011111111011111
111181111111110111111111011111011011111111111111011111101101011110111101111111111111110111111111101111
111181111111110111111111011111011011111111111111011111011011101101111101111111111111101111111111110111
111181111111110111111111011111000000000000000000000110111011110011111011111111111111101111111111111011
111181111111110111111111011111111111111111111111011000111001110111110111111111111111011111111111111011
111181111111110111111111011111111111111111111110111110111010010111110000011111111110111111111111110111
111181111111110111111111011111111111111111111110111101111011101111110111100011111110111111111111110111
111181111111111011111111011111111111111111111110111101110111110111101111111100111110111111111111110111
111181111110000000000000000000000001111111111110111101101111111011101111111101000000111111111111110111
111181111101111101111111101111110110001111111110000011101111111011011111111101111011001111111111101111
111181000011111101111111101111110111110011111110111011101111111100111111111101111011110111111111101111
111181101111111110111111101111110111111011111110110111101111111110111111111011111011111000000000001111
111181101111111110111111101111110111111011111110110111101111111110111111111000000011111111111111101111
111181101111111110111111101111110111111000000000000111011111111111011111111011110111111111111111111111
111181101111111110111111101111110111111111111111110011011111111111100000001011110111111111111111111111
111181101111111110111111101111110110001111111111111100011111111111011111110111101111111111111111111111
111181101111111110111111101110000001101111111111111111011111111110111111111011101111111111111111111111
111181110111111110000000000001111111101111111111111110111111111101111111111101101111111111111111111111
111181111011111111111111101111111111101111111111111110111111111101111111111101011111111111111111111111
111118111101111111111111101111111111101111111111111101111111111011111111111110111111111111111111111111
111118111110111111111111101111111111101111111111111011111100110111111111111110111111111111111111111111
111118111110111111111111101111111111101111111111111011111101000111000000000000111111111111111111111111
111111811110111111111111101111111111101111110000000101111011110111011111111110111111111111111111111111
111111811110111111111111101111111111101111001111110110111011110110111111111110111111111111111111111111
111111811110111111111111101111111111100000011111110111000000101101111111111111011111111111111111111111
111111181111011111111111100000000000001111101111110111110111011101111111111111101111111111111111111111
111111181111101111111111101111111111101111110111110111110111100000000000000000001111111111111111111111
111111181111101111111111101111111111101111110000000111110111111011111101111111101111111111111111111111
111111181111110111111111101111111111101111111111110111110111111011111011111111101111111111111111111111
111111181111111011111111101111111111101111111111110111110111110111110111111111101111111111111111111111
111111118111111101111111101111111111101111111111110111110111101111110111111111011111111111111111111111
111111118111111110111111101111111111101111111111110111110111011111110111111111011111111111111111111111
111111118111111111011111101111111111101111111111110000000000001111110111111111011111111111111111111111
111111118111111111011111101111111111101111111111110111111111110000001111111110111111111111111111111111
111111111811111111011111100000000000011111111111110111111111111111111111111101111111111111111111111111
111111111811111111101111101111111111111111111111110111111111111111111111111101111111111111111111111111
111111111181111111101111101111111111111111111111110111111111111111111111111101111111111111111111111111
111111111181111111101111101111111111111100000000000001111111111111110000000011111111111111111111111111
111111111118111111101111101111111111111101101110110110111111111111101111111011111111111111111111111111
111111111111811111110111110111111111111101101110110111000000000000011111111011111111111111111111111111
111111111111181111111011110000000000111101101110110111111111111111111111111011111111111111111111111111
111111111111118111111011001110111111011101101110110111111111111111111111111011111111111111111111111111
111111111111111811111100111110111110000000000000110111111111111111111111111011111111111111111111111111
111111111111111181111110111110000001111111100000000000000000000000000000011011111111111111111111111111
111111111111111118111111011111111111100000011111111111111111111111111111100011111111111111111111111111
111111111111111111811111101111111110011111111111111111111111111111111111111111111111111111111111111111
111111111111111111181111101111110001111111111111111111111111111111111111111111111111111111111111111111
111111111111111111118111100000001111111111111111111111111111111111111111111111111111111111111111111111
111111111111111111111811111111111111111111111111111111111111111111111111111111111111111111111111111111
144444444444444444444444444444444444444444444444444444444444444444444444444444444444444444444444444441
144444444444444444444444444444444444444444444444444444444444444444444444444444444444444444444444444441
144444444444444444444444444444444444444444444444444444444444444444444444444444444444444444444444444441
144444444444444444444444444444444444444444444444444444444444444444444444444444444444444444444444444441
144444444444444444444444444444444444444444444444444444444444444444444444444444444444444444444444444441
144444444444444444444444444444444444444444444444444444444444444444444444444444444444444444444444444441
144444444444444444444444444444444444444444444444444444444444444444444444444444444444444444444444444441
144444444444444444444444444444444444444444444444444444444444444444444444444444444444444444444444444441
144444444444444444444444444444444444444444444444444444444444444444444444444444444444444444444444444441
144444444444444444444444444444444444444444444444444444444444444444444444444444444444444444444444444441
111111111111111111111111111111111111111111111111111111111111111111111111111111111111111111111111111111