111111111111111111111111111111111111111111111111111111111111111111111111111111111111111111111111111111
111111111111111111111111111111111111111111111111111111111111111111111111111181111111111111111111111111
111111111111111111111111111111111111111111111111111111888888888888888888888811000000000000000011111111
111111111111111111111111111111111111111111111888888888111111111111111111111110011111111111111100000011
111111111111111111111111111111111111111111888111111111110011111111111111111101101111111111111111110011
111111111111111111111111111111111111111188111111111111001101111111111111111011101111111111111111101011
111111111111111111111111111111111111888811111111111110111110111110001111110111110111111111111110011011
111111111111111111111111111111118888111111111111111101011111000001110111101111110111111111111101111011
111111111111111111111111111888881111111111111111111101011111011111111011011111111011111111111011111011
111111111111111111111111118111111111111111111111111011101111101111111100000111111001111111110111111011
111111111111111111111111811111111111111111111111110011101111101111111011111001100111111111001111111011
111111111111111111111181111111111111111111111100001011101111101111110111111110000111111110111111111011
111111111111111111118111111111111111100000000001111011101111101110001111111110111000011001111111111011
111111111111111111181111111111111110011111111101110111101111100001110001111101111111100111111111111011
111111111111111111811111111111111101111111111110110111101111101111111110011011111111011111111111111011
111111111111111181111111111111110011111111111110110111101111101111111111000111111110111111111111111011
111111111111111811111111111111000000111111111110000000000000000011111110111000011110111111111111111011
111111111111118111111111111100101111011111111110110111101111101101111101111111101101111111111111111011
111111111111811111111111111011101111101111111110110111101111101110111011111111110011111111111111111011
111111111118111111111111100111101111110000000000000000001111101111000111111111110111111111111111111011
111111111181111111111100000111101111111111111111110111101111101111101111111111101111111111111111111011
111111111811111111110011101000001111111111111111110111101111101111011111111111011111111111111111111011
111111118111111111101111101111100000011111111111110111101111101111011111111110111111111111111111111011
111111118111111100011111101111101111100000000000000000000000001111011111111101111111111111111111111011
111111118111111011111111101111101111111111111111111111111111110000000111111011111111111111111100000111
111111118111110111111111101111101111111111111111111111111111111110111011110111111111111111111011111111
111111181111101111111111101111101111111111111111111111111111111110111101101111111111111100000111111111
111111181111011111111111101111101111111111111111111111111111111110111110001111111011111011111111111111
111111181000111111111111101111101111111111111111111111111111111110111111010111111000000111111111111111
111111811011111111111111101111101111111111111111111111111111111111011110111011111010101111111111111111
111111811101111111111111100000011111111111111111111111111111111111101001111101111010101111111111111111
111111811110111111111111101111011111111111111111111111111111111111110111111110111010101111111111111111
111111811110111111111111101111011111111111111111111111111111111111101111111111011010101111111111111111
111118111110111111111111101111011111111111111111111111111111111111011111111111101010101111111111111111
111118111110111111111111101111011111111111111111111111111111111110111111111111110000101111111111111111
111118111110111111111111100000011111111111111111111111111111111110011111111111111110000001111111111111
111181111110111111111111101111011111111111111111111111111111111101100111111111111101111100111111111111
111181111110111111111111101111011111111111111111111111111111111011111011111111110011111011011111111111
111181111111011111111100001111011111111111111111111111111111110111111101111110001111111011101111111111
111181111111000000000011101111011111111111111111111111111111110011111100000001111111111011110111111111
111181111111011111111111101111011000000000001111111111111111101101111010111111111111111011111001111111
111181111111011111111111101111011011111111110000000000011111011110110110111111111111110111111110111111
111181111111011111111111101111011011111111111111011111100000111111001101111111111111101111111111011111
111181111111101111111111101111011011111111111111011111101110011110111101111111111111101111111111101111
111181111111110111111111101111011011111111111111011111011110101101111011111111111111101111111111110111
111181111111110111111111101111000000000000000000001110111101110011111011111111111111101111111111111011
111181111111111011111111101111111111111111111110110000111011111011111011111111111111011111111111111011
111181111111111011111111101111111111111111111110111101111000110111110111111111111111011111111111111011
111181111111111101111111101111111111111111111110111101110111001111101000011111111111011111111111111011
111181111111111101111111011111111111111111111110111101110111110111101111100000011110111111111111111011
111181111111000000000000000000000001111111111110001101110111110111101111111101100000111111111111111011
111181111100111101111111011111110110011111111110110011101111111011011111111101111101000001111111111011
111181000011111110111111101111110111100011111110111011101111111101011111111011111101111110000111110111
111181101111111110111111101111110111111011111110111011011111111101011111111011111101111111111000001111
111181101111111110111111101111110111111011111110110111011111111110111111111000000011111111111111101111
111181110111111110111111101111111011111000000000000111011111111111011111111011110111111111111111111111
111181111011111110111111101111111011111111111111110011011111111111100111110111110111111111111111111111
111181111011111110111111101111111011001111111111111100011111111111011000000111101111111111111111111111
111181111101111110111111101111110000101111111111111110111111111110111111111011101111111111111111111111
111181111101111110000000000000001111101111111111111110111111111101111111111011011111111111111111111111
111181111101111111111111101111111111101111111111111101111111111011111111111101011111111111111111111111
111118111101111111111111101111111111101111111111111011111111111011111111111110011111111111111111111111
111118111101111111111111101111111111101111111111111011111100001011111111111110111111111111111111111111
111118111110111111111111101111111111101111111111000011111101110111000000000000111111111111111111111111
111111811110111111111111101111111111101111111100111001111011101111011111111111011111111111111111111111
111111811111011111111111101111111111101110000011111010000111011110111111111111011111111111111111111111
111111811111011111111111101111111111101001101111110111110001011101111111111111101111111111111111111111
111111181111101111111111101100000000000111110111110111110110001011111111111111101111111111111111111111
111111181111110111111111100011111111101111110111110111110111110000000000000000001111111111111111111111
111111181111110111111111101111111111101111110000000111110111111011111011111111101111111111111111111111
111111181111111011111111101111111111101111111111110111110111110111110111111111011111111111111111111111
111111181111111101111111101111111111101111111111110111110111110111110111111110111111111111111111111111
111111118111111110111111101111111111101111111111110111110111101111110111111110111111111111111111111111
111111118111111111011111101111111111101111111111110111110111011111110111111110111111111111111111111111
111111118111111111011111101111111111101111111111110000000000000011110111111110111111111111111111111111
111111118111111111011111100000000000001111111111110111111111111100001111111101111111111111111111111111
111111111811111111011111101111111111111111111111110111111111111111111111111101111111111111111111111111
111111111811111111101111110111111111111111111111110111111111111111111111111101111111111111111111111111
111111111181111111101111110111111111111111111111110111111111111111111111111011111111111111111111111111
111111111181111111110111110111111111111100000000000000000111111111111111111011111111111111111111111111
111111111118111111110111110111111111111101101110110111111000100000000000000011111111111111111111111111
111111111111811111110111110111111111111101101110110111111111011111111111111011111111111111111111111111
111111111111181111111011110000000000111101101110110111111111111111111111111011111111111111111111111111
111111111111118111111011101110111111011101101110110111111111111111111111111011111111111111111111111111
111111111111111811111100011110100000000000000000110111111111111111111111111011111111111111111111111111
111111111111111181111101111110011111111111111110000000000000000000000001111011111111111111111111111111
111111111111111118111110111111111111100000000001111111111111111111111110000011111111111111111111111111
111111111111111111811111011111110000011111111111111111111111111111111111111111111111111111111111111111
111111111111111111181111101111001111111111111111111111111111111111111111111111111111111111111111111111
111111111111111111118111100000111111111111111111111111111111111111111111111111111111111111111111111111
111111111111111111111811111111111111111111111111111111111111111111111111111111111111111111111111111111
144444444444444444444444444444444444444444444444444444444444444444444444444444444444444444444444444441
144444444444444444444444444444444444444444444444444444444444444444444444444444444444444444444444444441
144444444444444444444444444444444444444444444444444444444444444444444444444444444444444444444444444441
144444444444444444444444444444444444444444444444444444444444444444444444444444444444444444444444444441
144444444444444444444444444444444444444444444444444444444444444444444444444444444444444444444444444441
144444444444444444444444444444444444444444444444444444444444444444444444444444444444444444444444444441
144444444444444444444444444444444444444444444444444444444444444444444444444444444444444444444444444441
144444444444444444444444444444444444444444444444444444444444444444444444444444444444444444444444444441
144444444444444444444444444444444444444444444444444444444444444444444444444444444444444444444444444441
144444444444444444444444444444444444444444444444444444444444444444444444444444444444444444444444444441
111111111111111111111111111111111111111111111111111111111111111111111111111111111111111111111111111111