111111111111111111111111111111111111111111111111111111111111111111111111111111111111111111111111111111
111111111111111111111111111111111111111111111111111111111111111111111111111111111111111111111111111111
111111111111111111111111111111111111111111111111111111111111111111111111111111001111111111111111111111
111111111111111111111111111111111111111111111111111111111111111111111111111110010000000000000000000011
111111111111111111111111111111111111111111111111111111111011111111111111111101011111111111111111110011
111111111111111111111111111111111111111111111111111111000101111111111111110011101111111111111111101011
111111111111111111111111111111111111111111111111111110111110100000001111101111110111111111111111011011
111111111111111111111111111111111111111111111111111100111111011111110111011111111011111111111110111011
111111111111111111111111111111111111111111111111111011011111011111111010111111111101111111111001111011
111111111111111111111111111111111111111111111111111011101111011111111101111111111101111111110111111011
111111111111111111111111111111111111111111111111100011101111011111111010001111100011111111101111111011
111111111111111111111111111111111111111111110000010111101111011111110111110000001111111111011111111011
111111111111111111111111111111111111111000001101110111101111010000001111111110110000111110111111111011
111111111111111111111111111111111111000111111110110111101111101111110001111101111111000001111111111011
111111111111111111111111111111111100111111111110110111101111101111111110011011111111101111111111111011
111111111111111111111111111111110011111111111110110111101111101111111111100111111111011111111111111011
111111111111111111111111111111100111111111111110000000000000001111111110010111111110111111111111111011
111111111111111111111111111111001000111111111110110111101111100111111101111000011101111111111111111011
111111111111111111111111111100101111011111111110110111101111101001111011111111100011111111111111111011
111111111111111111111111000011101111100000000000000000001111101110000111111111110111111111111111111011
111111111111111111111110101101101111111111111111110111101111101111101111111111101111111111111111111011
111111111111111111111101101110001111111111111111110111101111101111011111111111011111111111111111111011
111111111111111111111011101111100000000000011111110111101111101111011111111110111111111111111111111011
111111111111111111110111101111101111111111100000000000000000000000111111111101111111111111111111111011
111111111111111111101111101111101111111111111111111111111111111110111111111011111111111111111111000111
111111111111100000011111101111101111111111111111111111111111111110001111110111111111111111111100111111
111111111111011111111111101111101111111111111111111111111111111110110001110111111111111111111011111111
111111111100111111111111101111011111111111111111111111111111111110111110001111111011111000000111111111
111111111011111111111111101111011111111111111111111111111111111110111110010111111000000111111111111111
111111111101111111111111101111011111111111111111111111111111111111011101111011111010101111111111111111
111111111101111111111111100000011111111111111111111111111111111111101011111101111010101111111111111111
111111111101111111111111101111011111111111111111111111111111111111110111111110111010101111111111111111
111111111101111111111111101111011111111111111111111111111111111111101111111111001010101111111111111111
111111111110111111111111101111011111111111111111111111111111111111011111111111110010101111111111111111
111111111110111111111111100011011111111111111111111111111111111110111111111111111000101111111111111111
111111111110111111111111101100011111111111111111111111111111111101011111111111111100000001111111111111
111111111110111111111111101111011111111111111111111111111111111101101111111110000011111100111111111111
111111111110111111111111101111011111111111111111111111111111111011110111111001111111111101011111111111
111111111110110000000000001111011111111111111111111111111111111011111011000111111111111101101111111111
111111111111001111111111011111011111111111111111111111111111110111111100111111111111111101110011111111
111111111111011111111111011111011000000000000001111111111111101011111001111111111111111011111101111111
111111111111011111111111011111011011111111111110001111111111011100100101111111111111110111111110111111
111111111111011111111111011111011011111111111111010000000000011111011101111111111111110111111111011111
111111111111101111111111011111011011111111111111011111101110101110111011111111111111101111111111101111
111111111111101111111111011111011011111111111111011111101101110101111011111111111111101111111111110111
111111111111101111111111011111000000000000000000000001011101111011110111111111111111011111111111111011
111111111111101111111111011111111111111111111111011110111000111011110111111111111110111111111111111011
111111111111101111111111011111111111111111111111011101111011010111110000011111111110111111111111110111
111111111111110111111111011111111111111111111111011011111011101111110111101111111110111111111111110111
111111111111111011111111011111111111111111111111011011111011110111110111110001111110111111111111110111
111111111111110000000000000000000011111111111110111011111011110111110111111100000000011111111111110111
111111111110001101111111011111110101111111111110000011111011110111101111111101111101100111111111101111
111111000001111101111111011111110110000011111110111011111011111011101111111101111101111000011111101111
111111011111111101111111011111110111111011111110111011110111111101011111111011111011111111100000001111
111111011111111101111111101111110111111011111110111011101111111110111111111000000011111111111111101111
111111011111111101111111101111110111111000000000111011011111111111011111111011110111111111111111111111
111111101111111101111111101111110111111111111111000011011111111111100000110111110111111111111111111111
111111101111111101111111101111110100001111111111111100011111111111101111000111101111111111111111111111
111111101111111101111111101111000011101111111111111110111111111111011111111011011111111111111111111111
111111101111111110000000000000111111101111111111111101111111111110111111111101011111111111111111111111
111111101111111111111111101111111111101111111111111101111111111110111111111101011111111111111111111111
111111101111111111111111101111111111101111111111111011111111111101111111111110011111111111111111111111
111111110111111111111111101111111111101111111111111011111100001011111111111110111111111111111111111111
111111111011111111111111101111111111101111111111111011111101110111000000000000111111111111111111111111
111111111101111111111111101111111111101111110000000001111011101110111111111110111111111111111111111111
111111111110111111111111101111111111101111001111111010110111101101111111111110111111111111111111111111
111111111110111111111111101111111111101110011111111011000001011101111111111111011111111111111111111111
111111111111011111111111100000000000000001011111111011110110011101111111111111011111111111111111111111
111111111111011111111111101111111111101111101111110111110111100000000000000000001111111111111111111111
111111111111101111111111101111111111101111110000000111110111110111111101111111011111111111111111111111
111111111111101111111111101111111111101111111111110111110111101111111101111111011111111111111111111111
111111111111101111111111101111111111101111111111110111110111101111111011111111011111111111111111111111
111111111111110111111111101111111111101111111111110111110111101111110111111111011111111111111111111111
111111111111111011111111101111111111101111111111110111110111101111110111111111011111111111111111111111
111111111111111101111111101111111111101111111111110000000000000111101111111111011111111111111111111111
111111111111111110111111101111110000001111111111110111111111111000001111111110111111111111111111111111
111111111111111110111111100000001111111111111111110111111111111111111111111101111111111111111111111111
111111111111111110111111101111111111111111111111110111111111111111111111111011111111111111111111111111
111111111111111111011111101111111111111111111111110111111111111111111111111011111111111111111111111111
111111111111111111011111101111111111111100000000000000000111111111111100000011111111111111111111111111
111111111111111111101111110111111111111101101110110111111011110000000011111011111111111111111111111111
111111111111111111110111110111111111111101101110110111111100001111111111111011111111111111111111111111
111111111111111111111011110000000000111101101110110111111111111111111111111011111111111111111111111111
111111111111111111111011001110111111011101101110110111111111111111111111111011111111111111111111111111
111111111111111111111100111110111000000000000000110111111111111111111111111011111111111111111111111111
111111111111111111111101111110000111111111111100000000000000000000001111111011111111111111111111111111
111111111111111111111101111111111100000000000011111111111111111111110000000011111111111111111111111111
111111111111111111111110111100000011111111111111111111111111111111111111111111111111111111111111111111
111111111111111111111111011011111111111111111111111111111111111111111111111111111111111111111111111111
111111111111111111111111100111111111111111111111111111111111111111111111111111111111111111111111111111
111111111111111111111111111111111111111111111111111111111111111111111111111111111111111111111111111111
144444444444444444444444444444444444444444444444444444444444444444444444444444444444444444444444444441
144444444444444444444444444444444444444444444444444444444444444444444444444444444444444444444444444441
144444444444444444444444444444444444444444444444444444444444444444444444444444444444444444444444444441
144444444444444444444444444444444444444444444444444444444444444444444444444444444444444444444444444441
144444444444444444444444444444444444444444444444444444444444444444444444444444444444444444444444444441
144444444444444444444444444444444444444444444444444444444444444444444444444444444444444444444444444441
144444444444444444444444444444444444444444444444444444444444444444444444444444444444444444444444444441
144444444444444444444444444444444444444444444444444444444444444444444444444444444444444444444444444441
144444444444444444444444444444444444444444444444444444444444444444444444444444444444444444444444444441
144444444444444444444444444444444444444444444444444444444444444444444444444444444444444444444444444441
111111111111111111111111111111111111111111111111111111111111111111111111111111111111111111111111111111