111111111111111111111111111111111111111111111111111111111111111111111111111111111111111111111111111111
111111111111111111111111111111111111111111111111111111111111111111111111111111111111111111111111111111
111111111111111111111111111111111111111111111111111111111111111111111111111110000000000000001111111111
111111111111111111111111111111111111111111111111111111111111111111111111111101101111111111110000000011
111111111111111111111111111111111111111111111111111111110011111111111111111011101111111111111111110011
111111111111111111111111111111111111111111111111111111001101111111111111110111110111111111111111101011
111111111111111111111111111111111111111111111111111110111110111111101111101111110111111111111110011011
111111111111111111111111111111111111111111111111111100111111000000010111011111110111111111111101111011
111111111111111111111111111111111111111111111111111011011111011111111010111111111011111111111011111011
111111111111111111111111111111111111111111111111111011101111101111111100000111111101111111100111111011
111111111111111111111111111111111111111111111110000011101111101111111011111011111011111111011111111011
111111111111111111111111111111111111111100000001111011101111101111110111111100000111111000111111111011
111111111111111111111111111111111111110011111101110111101111100000001111111100110111110111111111111011
111111111111111111111111111111111110001111111101110111101111101111110111111011111000001111111111111011
111111111111111111111111111111111101111111111101110111101111101111111011110111111111011111111111111011
111111111111111111111111111111110011111111111110110111101111101111111100001111111110111111111111111011
111111111111111111111111111111000011111111111110000000000000001111111110010111111101111111111111111011
111111111111111111111111111110101101111111111110110111101111100111111101111001111101111111111111111011
111111111111111111111111110001101110001111111110110111101111101000011011111110000011111111111111111011
111111111111111111111111000001101111110000000000000000001111101111100111111111110111111111111111111011
111111111111111111111110101110101111111111111111110111101111101111011111111111101111111111111111111011
111111111111111111111101101111001111111111111111110111101111101111011111111111011111111111111111111011
111111111111111111111011101111100000000000111111110111101111101111011111111110111111111111111111111011
111111111111111111110111101111101111111111000000000000000000000011011111111101111111111111111100000011
111111111111111110001111101111101111111111111111111111111111111100011111111101111111111111111011111111
111111111111000001111111101111101111111111111111111111111111111110100011111011111111111111000111111111
111111111110111111111111101111101111111111111111111111111111111110111100110111111111111110111111111111
111111111101111111111111101111011111111111111111111111111111111110111111001111111001110001111111111111
111111111011111111111111101111011111111111111111111111111111111110111110010111111010001111111111111111
111111111011111111111111101111011111111111111111111111111111111111011101111011111010101111111111111111
111111111011111111111111100000011111111111111111111111111111111111101011111101111010101111111111111111
111111111101111111111111101111011111111111111111111111111111111111110111111110111010101111111111111111
111111111101111111111111101111011111111111111111111111111111111111101111111111001010101111111111111111
111111111101111111111111101111011111111111111111111111111111111111011111111111110010101111111111111111
111111111101111111111111101111011111111111111111111111111111111110111111111111111010101111111111111111
111111111110111111111111100000011111111111111111111111111111111101011111111111111100000001111111111111
111111111111011111111111101111011111111111111111111111111111111011100111111111000011111010111111111111
111111111111011111111111101111011111111111111111111111111111111011111011111000111111111011001111111111
111111111111011100000000001111011111111111111111111111111111111011111101110111111111110111110111111111
111111111111000011111111101111011111111111111111111111111111110111111110001111111111101111111011111111
111111111111011111111111101111011000000000000001111111111111101011111001111111111111101111111101111111
111111111111011111111111101111011011111111111110001111111111011101100101111111111111101111111110111111
111111111111011111111111011111011011111111111111010000000000011110011101111111111111011111111111011111
111111111111011111111111011111011011111111111111011111101101101110111101111111111111011111111111101111
111111111111101111111111011111011011111111111111011111011101110101111101111111111110111111111111110111
111111111111101111111111011111000000000000000000000000111101111011111101111111111110111111111111111011
111111111111110111111111011111111111111111111111011110111011111011111011111111111110111111111111111011
111111111111110111111111011111111111111111111111011110110100110111110111111111111110111111111111111011
111111111111110111111111011111111111111111111111011110110111001111110000011111111101111111111111111011
111111111111111011111111011111111111111111111110111101110111110111110111100000011101111111111111110111
111111111111110000000000000000000011111111111110000011110111110111101111111101100000011111111111110111
111111111100001101111111011111111000011111111110111011101111111011101111111101111101101111111111110111
111111000011111101111111011111111011100011111110111011101111111101011111111101111101110000000111101111
111111011111111101111111101111111011111011111110110111101111111101011111111101111011111111111000001111
111111101111111101111111101111111011111011111110110111101111111110111111111000000011111111111111101111
111111110111111101111111101111111011111000000000010111101111111111011111110111111011111111111111111111
111111111011111101111111101111111011111111111111100001011111111111100001110111110111111111111111111111
111111111011111101111111101111111011101111111111111110011111111111101110000111110111111111111111111111
111111111011111101111111101111111000001111111111111111011111111111101111111011110111111111111111111111
111111111011111110000000000000000111101111111111111111011111111111011111111011101111111111111111111111
111111111011111111111111101111111111101111111111111110111111111110111111111101011111111111111111111111
111111111101111111111111101111111111101111111111111101111111111101111111111110011111111111111111111111
111111111110111111111111101111111111101111111111111011111100001011111111111110111111111111111111111111
111111111110111111111111101111111111101111111111110011111011110111000000000000111111111111111111111111
111111111110111111111111101111111111101111100000001001110111110110111111111110111111111111111111111111
111111111110111111111111101111111111101100011111111010010111110110111111111111011111111111111111111111
111111111110111111111111101111111111101011101111111011100111101101111111111111101111111111111111111111
111111111111011111111111101100000000000111101111111011110000000011111111111111101111111111111111111111
111111111111101111111111100011111111101111110111111011110111111000000000000000001111111111111111111111
111111111111101111111111101111111111101111110000000111110111110111111011111111101111111111111111111111
111111111111110111111111101111111111101111111111110111110111101111111011111111011111111111111111111111
111111111111111011111111101111111111101111111111110111110111101111111011111111011111111111111111111111
111111111111111011111111101111111111101111111111110111110111101111111011111111011111111111111111111111
111111111111111101111111101111111111101111111111110111110111011111110111111111011111111111111111111111
111111111111111110111111101111111111101111111111110000000000000111110111111110111111111111111111111111
111111111111111111011111101111110000001111111111110111111111111000001111111101111111111111111111111111
111111111111111111011111100000001111111111111111110111111111111111111111111101111111111111111111111111
111111111111111111101111110111111111111111111111110111111111111111111111111101111111111111111111111111
111111111111111111110111110111111111111111111111110111111111111111111111111011111111111111111111111111
111111111111111111111011110111111111111100000000000000000111111111111111100011111111111111111111111111
111111111111111111111011110111111111111101101110110111111000111100000000011011111111111111111111111111
111111111111111111111011110111111111111101101110110111111111000011111111111011111111111111111111111111
111111111111111111111101110000000000111101101110110111111111111111111111111011111111111111111111111111
111111111111111111111101001110111110111101101110110111111111111111111111111011111111111111111111111111
111111111111111111111100111110100000000000000000110111111111111111111111111011111111111111111111111111
111111111111111111111101111110011111111111100000000000000000000000001111111011111111111111111111111111
111111111111111111111110111111111110000000011111111111111111111111110000000011111111111111111111111111
111111111111111111111111011111111101111111111111111111111111111111111111111111111111111111111111111111
111111111111111111111111101110000011111111111111111111111111111111111111111111111111111111111111111111
111111111111111111111111100001111111111111111111111111111111111111111111111111111111111111111111111111
111111111111111111111111111111111111111111111111111111111111111111111111111111111111111111111111111111
144444444444444444444444444444444444444444444444444444444444444444444444444444444444444444444444444441
144444444444444444444444444444444444444444444444444444444444444444444444444444444444444444444444444441
144444444444444444444444444444444444444444444444444444444444444444444444444444444444444444444444444441
144444444444444444444444444444444444444444444444444444444444444444444444444444444444444444444444444441
144444444444444444444444444444444444444444444444444444444444444444444444444444444444444444444444444441
144444444444444444444444444444444444444444444444444444444444444444444444444444444444444444444444444441
144444444444444444444444444444444444444444444444444444444444444444444444444444444444444444444444444441
144444444444444444444444444444444444444444444444444444444444444444444444444444444444444444444444444441
144444444444444444444444444444444444444444444444444444444444444444444444444444444444444444444444444441
144444444444444444444444444444444444444444444444444444444444444444444444444444444444444444444444444441
111111111111111111111111111111111111111111111111111111111111111111111111111111111111111111111111111111