111111111111111111111111111111111111111111111111111111111111111111111111111111111111111111111111111111
111111111111111111111111111111111111111111111111111111111111111111111111111181111111111111111111111111
111111111111111111111111111111111111111111111111111111888888888888888888888811000000000000000000111111
111111111111111111111111111111111111111111111888888888111111111111111111111110011111111111111111000011
111111111111111111111111111111111111111111888111111111111011111111111111111101101111111111111111110011
111111111111111111111111111111111111111188111111111111100101111111111111110011110111111111111111001011
111111111111111111111111111111111111888811111111111110011110111111001111101111110111111111111110111011
111111111111111111111111111111118888111111111111111101011111000000110111011111111011111111111101111011
111111111111111111111111111888881111111111111111111011101111011111111010111111111101111111111011111011
111111111111111111111111118111111111111111111111111011101111101111111100111111110001111111110111111011
111111111111111111111111811111111111111111111111100011101111101111111011001111101111111100001111111011
111111111111111111111181111111111111111110000000011011101111101111110111110000011111111011111111111011
111111111111111111118111111111111111110001111101111011101111101111101111111110100001110111111111111011
111111111111111111181111111111111111101111111110111011101111100000010111111101111110001111111111111011
111111111111111111811111111111111111011111111110111011101111101111111001111011111111011111111111111011
111111111111111181111111111111111110111111111110110111101111101111111110000111111110111111111111111011
111111111111111811111111111111000001111111111110000000000000000001111110111011111101111111111111111011
111111111111118111111111111110101100111111111110110111101111101110111101111101111101111111111111111011
111111111111811111111111111101101111001111111110110111101111101111010011111110000011111111111111111011
111111111118111111111100000011101111110000000000000000001111101111101111111111110111111111111111111011
111111111181111111111011100011101111111111111111110111101111101111011111111111101111111111111111111011
111111111811111111000111101101101111111111111111110111101111101111011111111111011111111111111111111011
111111118111111110111111101110000000000011111111110111101111101111011111111110111111111111111111111011
111111118111111101111111101111101111111100000000000000000000000111011111111101111111111111111111110011
111111118111111011111111101111101111111111111111111111111111111000111111111101111111111111111111001111
111111118111100111111111101111101111111111111111111111111111111110001111111011111111111111100000111111
111111181111011111111111101111101111111111111111111111111111111110110011110111111111111110011111111111
111111181110111111111111101111101111111111111111111111111111111110111100001111111001111001111111111111
111111181001111111111111101111101111111111111111111111111111111110111111010111111010000111111111111111
111111811011111111111111100011011111111111111111111111111111111111011110111011111010101111111111111111
111111811011111111111111101100011111111111111111111111111111111111101101111100111010101111111111111111
111111811101111111111111101111011111111111111111111111111111111111110011111111011010101111111111111111
111111811101111111111111101111011111111111111111111111111111111111101111111111101010101111111111111111
111118111101111111111111101111011111111111111111111111111111111111011111111111110010101111111111111111
111118111101111111111111100111011111111111111111111111111111111110111111111111111000101111111111111111
111118111110111111111111101000011111111111111111111111111111111110011111111111111110000001111111111111
111181111110111111111111101111011111111111111111111111111111111101101111111111110001111100111111111111
111181111110111111111111101111011111111111111111111111111111111101110111111110001111111011011111111111
111181111110111111000000001111011111111111111111111111111111111011111001000001111111110111101111111111
111181111111000000111111101111011111111111111111111111111111110111111100111111111111101111110111111111
111181111111011111111111101111011011111111111111111111111111101011110001111111111111011111111001111111
111181111111101111111111101111011000000000000000000111111111011100101101111111111111011111111110111111
111181111111101111111111101111011011111111111111011000000000111111011101111111111111011111111111011111
111181111111101111111111101111011011111111111111011111101101011110111011111111111111011111111111101111
111181111111101111111111101111011011111111111111011111011101101101111011111111111111011111111111110111
111181111111101111111111101111000000000000000000000010111101110011110111111111111111011111111111111011
111181111111110111111111101111111111111111111111011100111011111011110111111111111111011111111111111011
111181111111111011111111101111111111111111111111011110110100010111110000011111111110111111111111111011
111181111111111101111111101111111111111111111111011101101111101111110111100011111101111111111111111011
111181111111111101111111101111111111111111111111011011101111110111101111111100001101111111111111111011
111181111111111100000000000000000011111111111110111011101111110111011111111011110000111111111111110111
111181110000000001111111011111110100011111111110000011101111110111011111111011111101001111111111110111
111181001111111101111111011111110111100011111110111011101111111011011111111011111101110111111111110111
111181101111111101111111011111110111111011111110110111101111111100111111111011111101111000000000101111
111181110111111110111111011111110111111011111110110111101111111110111111111000000011111111111111001111
111181110111111110111111011111110111111000000000010111101111111111011111111011111011111111111111111111
111181111011111110111111011111110111111111111111100011011111111111100011111011110111111111111111111111
111181111101111110111111101111111011101111111111111100011111111111011100000111110111111111111111111111
111181111101111110111111101111100000001111111111111111011111111110111111110111110111111111111111111111
111181111101111110000000000000011111101111111111111110111111111110111111111011110111111111111111111111
111181111101111111111111101111111111101111111111111101111111111101111111111101110111111111111111111111
111118111101111111111111101111111111101111111111111101111111111011111111111101101111111111111111111111
111118111101111111111111101111111111101111111111111101111100110111111111111101011111111111111111111111
111118111101111111111111101111111111101111111111111011111011000111000000000000111111111111111111111111
111111811101111111111111101111111111101111111000000001111011110110111111111110111111111111111111111111
111111811110111111111111101111111111101110000111110110111011101101111111111110111111111111111111111111
111111811110111111111111101111111111101001101111110111000000101011111111111111011111111111111111111111
111111181110111111111111100000000000000111101111110111110111000011111111111111011111111111111111111111
111111181111011111111111101111111111101111101111110111110111111000000000000000001111111111111111111111
111111181111101111111111101111111111101111110000000111110111110111111101111111101111111111111111111111
111111181111110111111111101111111111101111111111110111110111101111111101111111011111111111111111111111
111111181111110111111111101111111111101111111111110111110111011111111101111111011111111111111111111111
111111118111111011111111101111111111101111111111110111110111011111111011111110111111111111111111111111
111111118111111101111111101111111111101111111111110111110111011111110111111110111111111111111111111111
111111118111111101111111101111111111101111111111110000000000000011101111111101111111111111111111111111
111111118111111110111111101110000000001111111111110111111111111100001111111011111111111111111111111111
111111111811111110111111100001111111111111111111110111111111111111111111111011111111111111111111111111
111111111811111111011111101111111111111111111111110111111111111111111111111011111111111111111111111111
111111111181111111011111101111111111111111111111110111111111111111111111111011111111111111111111111111
111111111181111111101111110111111111111100000000000111111111111111111111110011111111111111111111111111
111111111118111111110111110111111111111101101110110000000011111000000000001011111111111111111111111111
111111111111811111110111110111111111111101101110110111111100000111111111111011111111111111111111111111
111111111111181111110111000000000000111101101110110111111111111111111111111011111111111111111111111111
111111111111118111111010111110111111011101101110110111111111111111111111111011111111111111111111111111
111111111111111811111101111110111111000000000000110111111111111111111111111011111111111111111111111111
111111111111111181111110111110000000111111111000000000000000000011111111111011111111111111111111111111
111111111111111118111110111111111111111000000111111111111111111100000000000011111111111111111111111111
111111111111111111811110111111111111100111111111111111111111111111111111111111111111111111111111111111
111111111111111111181111011111111110011111111111111111111111111111111111111111111111111111111111111111
111111111111111111118111100000000001111111111111111111111111111111111111111111111111111111111111111111
111111111111111111111811111111111111111111111111111111111111111111111111111111111111111111111111111111
144444444444444444444444444444444444444444444444444444444444444444444444444444444444444444444444444441
144444444444444444444444444444444444444444444444444444444444444444444444444444444444444444444444444441
144444444444444444444444444444444444444444444444444444444444444444444444444444444444444444444444444441
144444444444444444444444444444444444444444444444444444444444444444444444444444444444444444444444444441
144444444444444444444444444444444444444444444444444444444444444444444444444444444444444444444444444441
144444444444444444444444444444444444444444444444444444444444444444444444444444444444444444444444444441
144444444444444444444444444444444444444444444444444444444444444444444444444444444444444444444444444441
144444444444444444444444444444444444444444444444444444444444444444444444444444444444444444444444444441
144444444444444444444444444444444444444444444444444444444444444444444444444444444444444444444444444441
144444444444444444444444444444444444444444444444444444444444444444444444444444444444444444444444444441
111111111111111111111111111111111111111111111111111111111111111111111111111111111111111111111111111111