1111111111111111111111111111111111111111111111111111111111111111111111111111111111111111111111111111111111111111111111111111111111111111111111111111111111111111111111111111111111111111111111111111111111
1111111111111111111111111111111111111111111111111111111111111111111111111111111111111111111188888888888888888888811111111111111111111111111111111111111111111111111111111111111111111111111111111111111111
1111111111111111111111111111111111111111111111111111111111111111111111111111111111111888888888888888888888888888888111111111111111111111111111111111111111111111111111111111111111111111111111111111111111
1111111111111111111111111111111111111111111111111111111111111111111111111111118888888888888888888888888888888888888881111111111111111111111111111111111111111111111111111111111111111111111111111111111111
1111111111111111111111111111111111111111111111111111111111111111111111888888888888888888888811111111111111111111118888881111111111111111111111111111111111111111111111111111111111111111111111111111111111
1111111111111111111111111111111111111111111111111111111111111118888888888888888888888111111111111111100000000011111888888811111111111111111111111111111111111111111111111111111111111111111111111111111111
1111111111111111111111111111111111111111111111111111111888888888888888888888881111111111111111110000011111101101111111888888111111111111111111111111111111111111111111111111111111111111111111111111111111
1111111111111111111111111111111111111111111111118888888888888888888888100000000000000000000000001111111111101110000001188888881111111111111111111111111111111111111111111111111111111111111111111111111111
1111111111111111111111111111111111111111188888888888888888888811111000011011111011111111111111111111111111101111111010001188888881111111111111111111111111111111111111111111111111111111111111111111111111
1111111111111111111111111111111111188888888888888888888111111111000111110111111101111111111111111111111111011111111011110111888888811111111111111111111111111111111111111111111111111111111111111111111111
1111111111111111111111111111188888888888888888880000000000000000111111110111111101111111111111111111111110111111111011110011118888888811111111111111111111111111111111111111111111111111111111111111111111
1111111111111111111111118888888888811111111110011111111111110111111111101111111110111111111111111111111110111111110111110101111188888888111111111111111111111111111111111111111111111111111111111111111111
1111111111111111111111888888811111111111111001111111111111101111111111011111111111011111111111111111111110111111110111110110111111888888881111111111111111111111111111111111111111111111111111111111111111
1111111111111111111188881111111111111111100111111111111111011111111110111111111111001111111111111111111110111111110111101111001111118888888811111111111111111111111111111111111111111111111111111111111111
1111111111111111118888111111111111111111011111111111111110111111111101111111111110110111111111111111111110111111101111101111110011111118888888811111111111111111111111111111111111111111111111111111111111
1111111111111111888811111111111111111110111111111111111101111111111011111111111001111011111111111111100000111111101111101111111101111111188888888111111111111111111111111111111111111111111111111111111111
1111111111111188881111111111111111111101111111111111111010111111110111111111110111111101111111111111011110111111011111101111111100111111111888888881111111111111111111111111111111111111111111111111111111
1111111111118888111111111111111111110011111111111111100111011111101111111111101111111101111111111110111110111111011111101111111101011111111118888888811111111111111111111111111111111111111111111111111111
1111111111888811111111111111111110001111111111111111011111101111011111111111011111111110111111111101111110111111011111101111111101101111111111118888888811111111111111111111111111111111111111111111111111
1111111188881111111111111111110000111111111111111110111111110100101111111100111111111111011111110011111110111111011111101111111101110111111111111188888888111111111111111111111111111111111111111111111111
1111118888111111111111111111001111011111111111110001111111111011110111111011111111111111101111001111111110111110111111101111111101111011111111111111188888888111111111111111111111111111111111111111111111
1111888811111111111111111110111111011111111111101111111111110011111011110111111111111111110100111111111101111110111111011111111101111101111111111111111888888881111111111111111111111111111111111111111111
1188881111111111111111110001111111101111111110011111111111001101111101101111111111111111111011111111111011111110111110111111111101111110111111111111111188888888111111111111111111111111111111111111111111
1888111111111111111111001111111111101111111101111111111100111110111100011111111111111111110101111111110000000110111101111111111101111111000001111111111111888888881111111111111111111111111111111111111111
1881111111111111111110110111111111110111110011111111111011111111010011011111111111111111101110111110001011111010111011111111111101111111111110111111111111188888888111111111111111111111111111111111111111
1111111111111111111101111011111111111011001111111111110111111111101111101111111111111111011110111101110111111100000011111111111101111111111111001111111111118888888811111111111111111111111111111111111111
1111111111111111110011111011111111111100111111111111001111111110011111110111111111111000111110111011110111111101111001111111111101111111111111110001111111111888888881111111111111111111111111111111111111
1111111111111111001111111101111111111010111111111110111111111001111111111011111111110111111110110111101111111101110110000000000011111111111111111110111111111188888888111111111111111111111111111111111111
1111111111111111011111111101111111100110111111111101111111110111111111111011111111101111111110001111011111111011110111011111111011111111111111111111000111111111888888881111111111111111111111111111111111
1111111111111110011111111110111111010111011111110011111111101111111111111011111111110111111001101111011111111011101111011111111011111111111111111110011111111111188888888111111111111111111111111111111111
1111111111111101011111111111011110111011101111001101111111011111111111111101111111111011110111101110111111111011011111011111111011111111111111111101111111111111118888888811111111111111111111111111111111
1111111111111011011111111111101101111011110100111110111110111111111111111110111111111101101111110110111111111011011111011111111011111111111111111011111111111111111888888881111111111111111111111111111111
1111111111110111011111111111100011111101110011111110111101111111111111111111011111111110011111111001111111110110111111011111111011111111111110000111111111111111111188888888111111111111111111111111111111
1111111111101111011111111111101111111110110111111111011011111111111111111111101111111110011111111101111111101110111111011111111011111111111101111111111111111111111111888888881111111111111111111111111111
1111111111011111011111111111101111111111001111111111000111111111111111111111110111000001100000000000000000000000000000000011111011111111111011111111111111111111111111188888888111111111111111111111111111
1111111110111111000111111111101111111100011111111110111111111111111111111111110110111111111111111111111111101111111111011100000011111111110111111111111111111111111111118888888811111111111111111111111111
1111111110111000111001111111110111111011111111111101111111111111111111111111111001111111111111111111111111101111111111011111111011111111101111111111111111111111111111111888888881111111111111111111111111
1111111111010111111110011111111011110111111111111011111111111111111111111111111011111111111111111111111111101111111111011111111011111100011111111111111111111111111111111188888888111111111111111111111111
1111111111001111111100101111111011001111111111110111111111111111111111111111111101111111111111111111111111101111111111011111111011111011111111111111111111111111111111111111888888881111111111111111111111
1111111110011111110011110011111010111111111111101111111111111111111111111111111101111111111111111111111111101111111111011111111011110111111111111111111111111111111111111111188888888111111111111111111111
1111111101101111101111111101111101111111111111011111111111111111111111111111111101111111111111111111111111101111111111011111111011101111111111111111111111111111111111111111118888888811111111111111111111
1111111011101111011111111110001010111111111110111111111111111111111111111111111101111111111111111111111111101111111111011111111011011111111111111111111111111111111111111111118888888881111111111111111111
1111100111110100111111111111100111011111111101111111111111111111111111111111111110111111111111111111111111011111111111011111111010111111111111111111111111111111111111111111111888888888111111111111111111
1111011111111011111111111111011111011111110011111111111111111111111111111111111110111111111111111111111111011111111111011111111001111111111111111111111111111111111111111111111188888888881111111111111111
1110111111000101111111111100111111011111001111111111111111111111111111111111111110111111111111111111111110000000001111011111110011111111111111111111111111111111111111111111111118888888888111111111111111
1101111110111110111111111011111111101110111111111111111111111111111111111111111110111111111111111111111101011111110000011111110111111111111111111111111111111111111111111111111111888888888811111111111111
1101110001111111011111110111111111101101111111111111111111111111111111111111111110111111111111111111111011011111111111011111100111111111111111111111111111111111111111111111111111888888888881111111111111
1101101111111000101111101111111111000011111111111111111111111111111111111111111110111111111111111111110111011111111111011110010111111111111111111111111111111111111111111111111111188888888888811111111111
1110011111110111110110011111111110110111111111111111111111111111111111111111111110111111111111111111101111011111111111011001110111111111111111111111111111111111111111111111111111118888888888888111111111
1110111111001111111001111111111101110111111111111111111111111111111111111111111111011111111111111111011111101111111111010111110111111111111111111111111111111111111111111111111111111888888888888811111111
1110111110111111100101111111111011111011111111111111111111111111111111111111111111101111111111111110111111101111111111001111110111111111111111111111111111111111111111111111111111111888888881118888111111
1110111001111100011110111111110111111101111111111111111111111111111111111111111111101111111111111101111111101111111111011111110111111111111111111111111111111111111111111111111111111118888888111888881111
1110100111110011111110111111101111111101111111111111111111111111111111111111111111110111111111111011111111101111111110111111110111111111111111111111111111111111111111111111111111111118888888111118888811
1111011111101111111110111111011111111110111111111111111111111111111111111111111111110111111111110111111111101111111101111111110111111111111111111111111111111111111111111111111111111111188888811111188881
1111101111011111111111011110111111111110111111111111111111111111111111111111111111111011111111101111111111110111100011111111110111111111111111111111111111111111111111111111111111111111188888811111111881
1111110110111111111111011101111111111110111111111111111111111111111111111111111111111011111100011111111111110111011111111111111011110000000111111111111111111111111111111111111111111111118888881111111111
1111111001111111111111000011111111111110111111111111111111111111111111111111111111111011111011111111111111110110111111111111111010001111110111111111111111111111111111111111111111111111111888881111111111
1111111110111111111100110111111111111110111111111111111111111111111111111111111111111011110111111111111111110101111111111111110001111111110111111111111111111111111111111111111111111111111888888111111111
1111111110111111110011110111111111111111011111111111111111111111111111111111111111111011101111110000000000000000000000000000001011111111110111111111111111111111111111111111111111111111111888888111111111
1111111110111111101111110111111111111111101111111111111111111111111111111111111111111011011111001111111111111111111111011111111011111111110111111111111111111111111111111111111111111111111188888811111111
1111111110111110011111111011111111111111110111111111111111111111111111111111111111111010110000111111111111111111111111011111111011111111111011111111111111111111111111111111111111111111111188888811111111
1111111111011101111111111101111111111111110111111111111111111111111111111111111111111100001111111111111111111111111111011111111011111111111011111111111111111111111111111111111111111111111118888881111111
1111111111011011111111111110111111111111111011111111111111111111111111111111100000000001111111111111111111111111111111011111111011111111111011111111111111111111111111111111111111111111111111888881111111
1111111111000111111111111110111111111111111101111111111111111111111111000000011111111101111111111111111111111111111111011111111011111111111011111111111111111111111111111111111111111111111111188888111111
1111111111011111111111111111011111111111111101111100000000000000000000111111111111111110111111111111111111111111111111011111111011111111111011111111111111111111111111111111111111111111111111188888111111
1111111111011111111111111111011111111111111110000011111011111111011111111111111111111111011111111111111111111111111111101111111011111111111011111111111111111111111111111111111111111111111111118888811111
1111111111011111111111111111011111111110000000111011111101111111101111111111111111111111011111111111111111111111111111101111111011111111111011111111111111111111111111111111111111111111111111118888811111
1111111111011111111111111111101111111100111110111011111101111111101111111111111111111111011111111111111111111111111111110111111101111111111011111111111111111111111111111111111111111111111111111888881111
1111111111101111111111111111110111000001111101111011111101111111101111111111111111111111011111111111111111111111111111110111111101111111111011111111111111111111111111111111111111111111111111111888881111
1111111111101111111111111111000000111011111101111011111101111111101111111111111111111111101111111111111111111111111111110111111101111111111011111111111111111111111111111111111111111111111111111188888111
1111111111101111111111000000111111100111111101111011111101111111101111111111111111111111101111111111111111111111111111110111111101111111111011111111111111111111111111111111111111111111111111111188888111
1111111111101111111110111111111111011111111101111011111101111111101111111111111111111111101111111111111111111111111111110111111101111111111011111111111111111111111111111111111111111111111111111118888811
1111111111101111111001111111111110111111111101111011111101111111101111111111111111111111101111111111111111111111111111110111111101111111111011111111111111111111111111111111111111111111111111111118888811
1111111111101000000111111111111101111111111100001011111101111111101111111111111111111111101111111111111111111111111111110111111101111111111011111111111111111111111111111111111111111111111111111111888881
1111111111100111111111111111111011111111111011110000000001111111101111111111111111111111101111111111111111111111111111110111111101111111111011111111111111111111111111111111111111111111111111111111888881
1111111111101111111111111111100111111111111011111011111101111111110111111111111111111111101111111111111111111111111111110111111101111111111011111111111111111111111111111111111111111111111111111111888881
1111111111101111111111111111011111111111111011111011111101111111110111111111111111111111101111111111111111111111111111110111111110111111111101111111111111111111111111111111111111111111111111111111888881
1111111111101111111111111110111111111111110111111011111101111111111011111111111111111111101111111111111111111111111111110111111110111111111101111111111111111111111111111111111111111111111111111111888881
1111111111101111111111111101111111111111110111110111111101111111111011111111111111111111101111111111111111111111111111110111111110111111111101111111111111111111111111111111111111111111111111111111888881
1111111111101111111111111011111111111111110111110111111101111111111011111111111111111111101111111111111111111111111111111011111110111111111101111111111111111111111111111111111111111111111111111111888881
1111111111101111111111110111111111111111110111110111111101111111111011111111111111111111101111111111111111111111111111110111111110111111111101111111111111111111111111111111111111111111111111111111888881
1111111111101111111111101111111111111111101111110111111101111111111011111111111111111111101111111111111111111111110000001111111110111111111101111111111111111111111111111111111111111111111111111111888881
1111111111101111111111011111111111111111101111110111111101111111111011111111111111111111101111111111111111111111101111111111111110111111111101111111111111111111111111111111111111111111111111111111888881
1111111111101111111110111111111111111111101111101111111101111111111011111111111111111111101111111111111111111111011111111111111111011111111101111111111111111111111111111111111111111111111111111111888881
1111111111101111111101111111111111111111011111011111111001111111111011111111111111111111101111111111111111111110111111111111111100000000000001111111111111111111111111111111111111111111111111111111888881
1111111111101111111011111111111111111111000000000000000101111111111011111111111111111111101111111111111111111110111111111110000011111111111101111111111111111111111111111111111111111111111111111111888881
1111111111101111110111111111111111111111111111011111111101111111111011111111111111111111101111111111111111111101111111111101111111111111111101111111111111111111111111111111111111111111111111111111888881
1111111111101111101111111111111111111111111111011111111101111111111011111111111111111111101111111111111111111011111110000011111111111111111101111111111111111111111111111111111111111111111111111111888881
1111111111101111011111111111111111111111111111011111111101111111111011111111111111111111101111111111111111110111100001111111111111111111111101111111111111111111111111111111111111111111111111111118888881
1111111111101110111111111111111111111111111111011111111101111111111011111111111111111111101111111111111111110110011111111111111111111111111101111111111111111111111111111111111111111111111111111118888881
1111111111101101111111111111111111111111111111101111111110111111111011111111111111111111101111111000000000000001111111111111111111111111111101111111111111111111111111111111111111111111111111111118888881
1111111111101011111111111111111111111111111111101111111110111111111011000000000000000000000000000111111111111011111111111111111111111111111101111111111111111111111111111111111111111111111111111188888881
1111111111100111111111111111111111111111111111101111111110111111111000111111111111111111101111111111111111111011111111111111111111111111111101111111111111111111111111111111111111111111111111111188888881
1111111111100000000000001111111111111111111111101111111110111111111101111111111111111111101111111111111111111011111111111111111111111111111101111111111111111111111111111111111111111111111111111888888881
1111111111101111111111110000000000000000000000001111111110111111111101111111111111111111110111111111111111111011111111111111111111111111111011111111111111111111111111111111111111111111111111111888888881
1111111111101111111111111111111111111111111111101111111110111111111101111111111111111111110111111111111111111011111111111111111111111111111011111111111111111111111111111411111111111111111111118888888811
1111111111101111111111111111111111111111111111101111111111011111111101111111111111111111110111111111111111111011111111111111111111111111111011111111111111111111111111114444411111111111111111188888888811
1111111111110111111111111111111111111111111111110111111111011111111101111111111111111111110111111111111111111101111111111111111111111111111011111111111111111111111111144444444441111111111111188888888811
1111111111111011111111111111111111111111111111111011111111011111111101111111111111111111110111111111111111111101111111111111111111111111111011111111111111111111111111144444444444444111111111888888888111
1111111111111011111111111111111111111111111111111011111111011111111101111111111111111111110111111111111111111110111111111111111111111111111011111111111111111111111111144444444444444444411118888888888111
1111111111111011111111111111111111111111111111111011111111011111111101111111111111111111110111111111111111111110111111111111111111111111111011111111111111111111111111144444444444444444411118888888888111
1111111111111101111111111111111111111111111111111011111111011111111101111111111111111111110111111111111111111110111111111111111111111111100011111111111111111111111111444444444444444444111188888888881111
1111111111111101111111111111111111111111111111111011111111011111111101111111111111111111110111111111111111111110111111111111110000000000010111111111111111111111111111444444444444444444111188888888881111
1111111111111110111111111111111111111111111111111011110000011111111101111111111111111111111011111111111111111110111111000000001111111111101111111111111111111111111111444444444444444444111888888888811111
1111111111111110111111111111111111111111111111111011001111011111111101111111111111111111111011100000000000000000000000111111111111111111011111111111111111111111111114444444444444444441111888888888811111
1111111111111111011111111111111111111111111111111000111111011111111101111111111111111111111000011111111111111111111111111111111111111110111111111111111111111111111114444444444444444441118888888888811111
1111111111111111011111111111111111111111111111111111111111011111111101111111111111111111111011111111111111111111111111111111111111111101111111111111111111111111111114444444444444444441188888888888111111
1111111111111111101111111111111111111111111111111111111111011111111101111111111111111111111011111111111111111111111111111111111111111011111111111111111111111111111144444444444444444411188888888888111111
1111111111111111110111111111111111111111111111111111111111101111111101111111111111111111111011111111111111111111111111111111111111110111111111111111111111111111111144444444444444444411888888888881111111
1111111111111111110111111111111111111111111111111111111111101111111101111111111111111111111011111111111111111111111111111111111111101111111111111111111111111111111144444444444444444411888888888881111111
1111111111111111111011111111111111111111111111111111111111101111111101111111111111111111111011111111111111111111111111111111111111011111111111111111111111111111111444444444444444444118888888888811111111
1111111111111111111101111111111111111111111111111111111111101111111101111111111111111111111011111111111111111111111111111111111110111111111111111111111111111111111444444444444444444118888888888811111111
1111111111111111111101111111111111111111111111111111111111101111111101111111111111111111111011111111111111111111111111111111111101111111111111111111111111111111111444444444444444444444444444444411111111
1111111111111111111101111111111111111111111111111111111111110111111101111111111111111111111011111111111111111111111111111111111011111111111111111111111111111111114444444444444444444444444444444111111111
1111111111111111111101111111111111111111111111111111111111110111111101111111111111111111111011111111111111111111111111111111110111111111111111111111111111111111114444444444444444444444444444444111111111
1111111111111111111101111111111111111111111111111111111111110111111110111111111111111111111011111111111111111111111111111111101111111111111111111111111111111111114444444444444444444444444444441111111111
1111111111111111111101111111111111111111111111111111111111110111111110111111111111111111111011111111111111111111111111111111011111111111111111111111111111111111144444444444444444444444444444441111111111
1111111111111111111101111111111111111111111111111111111111110111111110111111111111111111111011111111111111111111111111111110111111111111111111111111111111111111144444444444444444444444444444441111111111
1111111111111111111101111111111111111111111111111111111111110111111110111111111111111111111011111111111111111111111111111110111111111111111111111111111111111111144444444444444444444444444444411111111111
1111111111111111111101111111111111111111111111111111111111110111111110111111111111111111111101111111111111111111111111111101111111111111111111111111111111111111444444444444444444444444444444411111111111
1111111111111111111110111111111111111111111111111111111111110111111110111111111111111111111101111111111111111111111111111101111111111111111111111111111111111111444444444444444444444444444444111111111111
1111111111111111111110111111111111111111111111111111111111110111111110111111111111111111111101111111111111111111111111111011111111111111111111111111111111111111444444444444444444444444444444111111111111
1111111111111111111111011111111111111111111111111111111111110111111110111111111111000000000001111111111111111111111111110111111111111111111111111111111111111114444444444444444444444444444441111111111111
1111111111111111111111011111111111111111111111111111111111110000000000000000000000111111111101111111111111111111111111101111111111111111111111111111111111111114444444444444444444444444444441111111111111
1111111111111111111111101111111111111111111111111111111111110111111111111111111111111111111101111111111111111111111111011111111111111111111111111111111111111114444444444444444444444444444441111111111111
1111111111111111111111101111111111111111111111111111111111110111111111111111111111111111111101111111111111111111111110111111111111111111111111111111111111111144444444444444444444444444444411111111111111
1111111111111111111111101111111111111111111111111111111111110111111111111111111111111111111101111111111111111111111101111111111111111111111111111111111111111144444444444444444444444444444411111111111111
1111111111111111111111101111111111111111111111111111111111111011111111111111111111111111111101111111111111111111111011111111111111111111111111111111111111111144444444444444444444444444444111111111111111
1111111111111111111111110111111111111111111111111111111111111011111111111111111111111111111101111111111111111111110111111111111111111111111111111111111111111444444444444444444444444444444111111111111111
1111111111111111111111111011111111111111111111111111111111111011111111111111111111111111111101111111111111111111101111111111111111111111111111111111111111111444444444444444444444444444444111111111111111
1111111111111111111111111011111111111111111111111111111111111011111111111111111111111111111101111111111111111111011111111111111111111111111111111111111111111444444444444444444444444444441111111111111111
1111111111111111111111111101111111111111111111111111111111111011111111111111111111111111111110111111111111111110111111111111111111111111111111111111111111114444444444444444444444444444441111111111111111
1111111111111111111111111110111111111111111111111111111111111011111111111111111111111111111110111111111111111101111111111111111111111111111111111111111111114444444444444444444444444444411111111111111111
1111111111111111111111111110111111111111111111111111111111111011111111111111111111111111111111011111111111111000111111111111111111111111111111111111111111114444444444444444444444444444411111111111111111
1111111111111111111111111111011111111111111111111111111111111011111111111111111111111111111111101111111111110111011111111111111111111111111111111111111111144444444444444444444444444444111111111111111111
1111111111111111111111111111011111111111111111111111111111111011111111111111111111111111111111101111111111101111101111111111111111111111111111111111111111144444444444444444444444444444111111111111111111
1111111111111111111111111111011111111111111111111111111111111011111111111111111111111111111111101111111111011111110011111111111111111111111111111111111111144444444444444444444444444444111111111111111111
1111111111111111111111111111101111111111111111111111111111111011111111111111111111111111111111101111111110111111111101111111111111111111111111111111111111444444444444444444444444444441111111111111111111
1111111111111111111111111111101111111111111111111111111111111011111111111111111111111111111111101111111110111111111101111111111111111111111111111111111111444444444444444444444444444441111111111111111111
1111111111111111111111111111110111111111111111111111111111111011111111111111111111111111111111101111111101111111111101111111111111111111111111111111111111444444444444444444444444444411111111111111111111
1111111111111111111111111111110111111111111111111111111111111011111111111111111111111111111111110111111011111111111011111111111111111111111111111111111114444444444444444444444444444411111111111111111111
1111111111111111111111111111110111111111111111111111111111111011111111111111111111111111111111110111110111111111111011111111111111111111111111111111111114444444444444444444444444444411111111111111111111
1111111111111111111111111111110111111111111111111111111111111011111111111111111111111111111111111011110111111111111011111111111111111111111111111111111114444444444444444444444444444111111111111111111111
1111111111111111111111111111110111111111111111111111111111111011111111111111111111111111111111111011101111111111111011111111111111111111111111111111111144444444444444444444444444444111111111111111111111
1111111111111111111111111111110111111111111111111111111111111011111111111111111111111111111111111011011111111111110111111111111111111111111111111111111144444444444444444444444444441111111111111111111111
1111111111111111111111111111111011111111111111111111111111111011111111111111111111111111111111111010111111111111101111111111111111111111111111111111111144444444444444444444444444441111111111111111111111
1111111111111111111111111111111011111111111111111111111111111100000000000011111111111111111111111001111111111111101111111111111111111111111111111111111444444444444444444444444444411111111111111111111111
1111111111111111111111111111111101111111111111111111111000000011111111111100000000000000000000000001111111111111101111111111111111111111111111111111111444444444444444444444444444411111111111111111111111
1111111111111111111111111111111101111111111111111111100111111111111111111111111111111111111111110110000001111111011111111111111111111111111111111111111444444444444444444444444444411111111111111111111111
1111111111111111111111111111111101111111111111111000011111111111111111111111111111111111111111101111111110111111011111111111111111111111111111111111114444444444444444444444444444111111111111111111111111
1111000000000001111111111111111110111111111111110111111111111111111111111111111111111111111111011111111111001110111111111111111111111111111111111111114444444444444444444444444444111111111111111111111111
1111011111111110000000000011111111011111111000001111111111111111111111111111111111111111111110111111111111110001111111111111111111111111111111111111114444444444444444444444444441111111111111111111111111
1111011111111111111111111100001111011000000111111111111111111111111111111111111111111111111101111111111111111101111111111111111111111111111111111111144444444444444444444444444441111111111111111111111111
1111011111111111111111111111110000000011111111111111111111111111111111111111111111111111111011111111111111111111111111111111111111111111111111111111144444444444444444444444444441111111111111111111111111
1111011111111111111111111111111111011100000000011111111111111111111111111111111111111111110111111111111111111111111111111111111111111111111111111111144444444444444444444444444411111111111111111111111111
1111011111111111111111111111111110111111111111101111111111111111111111111111111111111111101111111111111111111111111111111111111111111111111111111111144444444444444444444444444411111111111111111111111111
1111011111111111111111111111111110111111111111110000000000111111111111111111111111111111011111111111111111111111111111111111111111111111111111111111144444444444444444444444444411111111111111111111111111
1111011111111111111111111111111110111111111111111101111111000000000000000000000000111110111111111111111111111111111111111111111111111111111111111111144444444444444444444444444411111111111111111111111111
1111011111111111111111111111111101111111111111111101111111111111111011111111111111000000111111111111111111111111111111111111111111111111111111111111144444444444444444444444444411111111111111111111111111
1110111111111111111111111111111101111111111111111101111111111111111011111111111111111101000000011111111111111111111111111111111111111111111111111111144444444444444444444444444411111111111111111111111111
1110111111111111111111111111111101111111111111111101111111111111111011111111111111111011111111100000000111111111111111111111111111111111111111111111444444444444444444444444444411111111111111111111111111
1110111111111111111111111111111101111111111111111101111111111111111011111111111111111011111111111111011000000011111111111111111111111111111111111111444444444444444444444444444411111111111111111111111111
1101111111111111111111111111111101111111111111111101111111111111111011111111111111110111111111111111011111111100000111111111111111111111111111111111444444444444444444444444444411111111111111111111111111
1101111111111111111111111111111101111111111111111101111111111111111011111111111111110111111111111111011111111111111001111111111111111111111111111111444444444444444444444444444411111111111111111111111111
1101111111111111111111111111111011111111111111111101111111111111111011111111111111110111111111111111011111111111111011111111111111111111111111111111444444444444444444444444444411111111111111111111111111
1101111111111111111111111111111011111111111111111101111111111111111011111111111111110111111111111111011111111111111011111111111111111111111111111111444444444444444444444444444441111111111111111111111111
1101111111111111111111111111111011111111111111111101111111111111111011111111111111110111111111111111011111111111111011111111111111111111111111111114444444444444444444444444444444441111111111111111111111
1100111111111111111111111111111011111111111111111101111111111111111011111111111111110111111111111111011111111111111011111111111111111111111111111114444444444444444444444444444444444441111111111111111111
1111000001111111111111111111111011111111111111111101111111111111111011111111111111110111111111111111011111111111111011111111111111111111111111111114444444444444444444444444444444444444441111111111111111
1111111110011111111111111111111011111111111111111101111111111111111011111111111111110111111111111111011111111111111011111111111111111111111111111114444444444444444444444444444444444444444441111111111111
1111111111100000000000000000000011111111111111111101111111111111111011111111111111110111111111111110111111111111111011111111111111111111111111111114444444444444444444444444444444444444444444441111111111
1111111111111111111111111111111100111111111111111101111111111111111011111111111111101111111111111110111111111111111011111111111111111111111111111114444444444444444444444444444444444444444444444441111111
1111111111111111111111111111111111000111111111111101111111111111111011111111111111101111111111111110111111111111111011111111111111111111111111111144444444444444444444444444444444444444444444444444441111
1111111111111111111111111111111111111000000000011011111111111111111011111111111111101111111111111110111111111111111011111111111111111111111111111144444444444444444444444444444444444444444444444444444441
1111111111111111111111111111111111111111111111100000000000000001111011111111111111101111111111111110111111111111111011111111111111111111111111111144444444444444444444444444444444444444444444444444444441
1111111111111111111111111111111111111111111111111111111111111110000000000000000011101111111111111110111111111111111011111111111111111111111111111144444444444444444444444444444444444444444444444444444441
1111111111111111111111111111111111111111111111111111111111111111111111111111111100101111111111111110111111111111111011111111111111111111111111111144444444444444444444444444444444444444444444444444444441
1111111111111111111111111111111111111111111111111111111111111111111111111111111111000000001111111110111111111111111011111111111111111111111111111444444444444444444444444444444444444444444444444444444441
1111111111111111111111111111111111111111111111111111111111111111111111111111111111111111110000011110111111111111111011111111111111111111111111111444444444444444444444444444444444444444444444444444444441
1441111111111111111111111111111111111111111111111111111111111111111111111111111111111111111111100000000111111111110111111111111111111111111111111444444444444444444444444444444444444444444444444444444441
1444111111111111111111111111111111111111111111111111111111111111111111111111111111111111111111111111111001111111110111111111111111111111111111111444444444444444444444444444444444444444444444444444444441
1444444111111111111111111111111111111111111111111111111111111111111111111111111111111111111111111111111110000000000111111111111111111111111111111444444444444444444444444444444444444444444444444444444441
1444444444111111111111111111111111111111111111111111111111111111111111111111111111111111111111111111111111111111111111111111111111111111111111111444444444444444444444444444444444444444444444444444444441
1444444444444111111111111111111111111111111111111111111111111111111111111111111111111111111111111111111111111111111111111111111111111111111111114444444444444444444444444444444444444444444444444444444441
1444444444444444111111111111111111111111111111111111111111111111111111111111111111111111111111111111111111111111111111111111111111111111111111114444444444444444444444444444444444444444444444444444444441
1444444444444444444111111111111111111111111111111111111111111111111111111111111111111111111111111111111111111111111111111111111111111111111111114444444444444444444444444444444444444444444444444444444441
1444444444444444444444444444444444411111111111111111111111111111111111111111111111111111111111111111111111111111111111111111111111111111111111114444444444444444444444444444444444444444444444444444444441
1444444444444444444444444444444444444111111111111111111111111111111111111111111111111111111111111111111111111111111111111111111111111111111111114444444444444444444444444444444444444444444444444444444441
1444444444444444444444444444444444444441111111111111111111111111111111111111111111111111111111111111111111111111111111111111111111111111111111114444444444444444444444444444444444444444444444444444444441
1444444444444444444444444444444444444444411111111111111111111111111111111111111111111111111111111111111111111111111111111111111111111111111111144444444444444444444444444444444444444444444444444444444441
1444444444444444444444444444444444444444444111111111111111111111111111111111111111111111111111111111111111111111111111111111111111111111111111144444444444444444444444444444444444444444444444444444444441
1444444444444444444444444444444444444444444411111111111111111111111111111111111111111111111111111111111111111111111111111111111111111111111111144444444444444444444444444444444444444444444444444444444441
1444444444444444444444444444444444444444444441111111111111111111111111111111111111111111111111111111111111111111111111111111111111111111111111144444444444444444444444444444444444444444444444444444444441
1444444444444444444444444444444444444444444444111111111111111111111111111111111111111111111111111111111111111111111111111111111111111111111111144444444444444444444444444444444444444444444444444444444441
1444444444444444444444444444444444444444444444411111111111111111111111111111111111111111111111111111111111111111111111111111111111111111111111144444444444444444444444444444444444444444444444444444444441
1444444444444444444444444444444444444444444444441111111111111111111111111111111111111111111111111111111111111111111111111111111111111111111111444444444444444444444444444444444444444444444444444444444441
1444444444444444444444444444444444444444444444444444444444111111111111111111111111111111111111111111111111111111111111111111111111111111111111444444444444444444444444444444444444444444444444444444444441
1444444444444444444444444444444444444444444444444444444444444444444411111111111111111111111111111111111111111111111111111111111111111111111111444444444444444444444444444444444444444444444444444444444441
1444444444444444444444444444444444444444444444444444444444444444444444444444411111111111111111111111111111111111111111111111111111111111111111444444444444444444444444444444444444444444444444444444444441
1444444444444444444444444444444444444444444444444444444444444444444444444444444444444411111111111111111111111111111111111111111111111111111111444444444444444444444444444444444444444444444444444444444441
1444444444444444444444444444444444444444444444444444444444444444444444444444444444444444444441111111111111111111111111111111111111111111111111444444444444444444444444444444444444444444444444444444444441
1111111111111111111111111111111111111111111111111111111111111111111111111111111111111111111111111111111111111111111111111111111111111111111111111111111111111111111111111111111111111111111111111111111111