111111111111111111111111111111111111111111111111111111111111111111111111111111111111111111111111111111
111111111111111111111111111111111111111111111111111111111111111111111111111111111111111111111111111111
111111111111111111111111111111111111111111111111111111111111111111111111111111000011111111111111111111
111111111111111111111111111111111111111111111111111111111111111111111111111110101100000000000000000011
111111111111111111111111111111111111111111111111111111111011111111111111111101101111111111111111100011
111111111111111111111111111111111111111111111111111111100101111111111111111011110111111111111111011011
111111111111111111111111111111111111111111111111111110011110111111101111110111111011111111111110111011
111111111111111111111111111111111111111111111111111110011111000000010111101111111011111111111101111011
111111111111111111111111111111111111111111111111111110101111011111111011011111111011111111111011111011
111111111111111111111111111111111111111111111111111101101111011111111100111111111001111111100111111011
111111111111111111111111111111111111111111111111110011101111011111111011011111100111111100011111111011
111111111111111111111111111111111111111110000000001011101111011111110111100000001111111011111111111011
111111111111111111111111111111111111111001111101111011101111101111000011111110110000010111111111111011
111111111111111111111111111111111111100111111101111011101111100000111101111101111111101111111111111011
111111111111111111111111111111111111011111111101110111101111101111111110011011111111011111111111111011
111111111111111111111111111111111110111111111101110111101111101111111111000111111110111111111111111011
111111111111111111111111111111000001111111111110000000000000001111111110110001111101111111111111111011
111111111111111111111111111100101110111111111110110111101111100001111101111110000101111111111111111011
111111111111111111111111111011101111001111111110110111101111101110010011111111111011111111111111111011
111111111111111111111100000111101111110000000000000000001111101111101111111111110111111111111111111011
111111111111111111111011101011101111111111111111110111101111101111101111111111101111111111111111111011
111111111111111111110111101100101111111111111111110111101111101111011111111111011111111111111111111011
111111111111111110001111101111000000000001111111110111101111101110111111111110111111111111111111111011
111111111111111101111111101111101111111110000000000000000000001110111111111101111111111111111111111011
111111111111110011111111101111101111111111111111111111111111110000111111111011111111111111111111110111
111111111111101111111111101111011111111111111111111111111111111110011111111011111111111111111000001111
111111111110011111111111101111011111111111111111111111111111111110100000110111111111111100000111111111
111111111101111111111111101111011111111111111111111111111111111110111111001111111011111011111111111111
111111111011111111111111101111011111111111111111111111111111111110111111010111111000000111111111111111
111111111011111111111111100011011111111111111111111111111111111111011110111011111010101111111111111111
111111111011111111111111101100011111111111111111111111111111111111101101111101111010101111111111111111
111111111011111111111111101111011111111111111111111111111111111111110011111110011010101111111111111111
111111111011111111111111101111011111111111111111111111111111111111101111111111101010101111111111111111
111111111101111111111111101111011111111111111111111111111111111111011111111111110010101111111111111111
111111111101111111111111100111011111111111111111111111111111111110011111111111111010101111111111111111
111111111101111111111111101000011111111111111111111111111111111101101111111111111000000001111111111111
111111111101111111111111101111011111111111111111111111111111111101110111111111000111111100111111111111
111111111110111111111111101111011111111111111111111111111111111101111011110000111111111101011111111111
111111111110111000000000001111011111111111111111111111111111111011111101101111111111111101101111111111
111111111111000111111111101111011111111111111111111111111111110011111110011111111111111101110111111111
111111111111101111111111011111011000001111111111111111111111101101111100111111111111111011111011111111
111111111111110111111111011111011011110000000000000000111111011110100010111111111111111011111101111111
111111111111110111111111011111011011111111111111011111000000111111011101111111111111110111111110011111
111111111111110111111111011111011011111111111111011111101110001110111011111111111111110111111111101111
111111111111110111111111011111011011111111111111011111011101110101110111111111111111110111111111110111
111111111111110111111111011111000000000000000000000001011011111011110111111111111111101111111111111011
111111111111110111111111011111111111111111111111011110111011110111110111111111111111101111111111111011
111111111111110111111111011111111111111111111110111110111000010111110000111111111111011111111111111011
111111111111111011111111011111111111111111111110111101111011101111110111000011111110111111111111111011
111111111111111101111111011111111111111111111110111101110111101111101111111101111101111111111111111011
111111111111000000000000000000000001111111111110000011110111110111011111111100000000011111111111111011
111111110000111101111111011111111010001111111110111011110111110111011111111101111101101111111111110111
111111001111111101111111011111111011110011111110111011101111111011011111111011111101110011111111101111
111111101111111101111111011111111011111011111110111011101111111101011111111011111011111100111111101111
111111101111111101111111011111111011111011111110110111011111111110111111111000000011111111000000001111
111111110111111101111111011111111011111000000000110111011111111111011111111011111011111111111111111111
111111111011111110111111011111111011111111111111000001011111111111100000001011110111111111111111111111
111111111101111110111111011111111011001111111111111110011111111111101111110111110111111111111111111111
111111111101111110111111101111110000101111111111111110111111111111011111110111110111111111111111111111
111111111110111110000000000000001111101111111111111101111111111110111111111011101111111111111111111111
111111111111011111111111101111111111101111111111111101111111111101111111111101101111111111111111111111
111111111111101111111111101111111111101111111111111011111111111011111111111101011111111111111111111111
111111111111101111111111101111111111101111111111111011111100001011111111111101011111111111111111111111
111111111111110111111111101111111111101111111110000011111101110111000000000000111111111111111111111111
111111111111110111111111101111111111101111111001111001111101101111011111111110111111111111111111111111
111111111111110111111111101111111111101110000111111010111011101110111111111110111111111111111111111111
111111111111110111111111101111111111101001101111111011000111011101111111111111011111111111111111111111
111111111111110111111111101111111100000111110111111011110000000011111111111111101111111111111111111111
111111111111111011111111100000000011101111110111111011110111111000000000000000001111111111111111111111
111111111111111101111111101111111111101111110000000111110111111011111101111111011111111111111111111111
111111111111111110111111101111111111101111111111110111110111111011111011111111011111111111111111111111
111111111111111111011111101111111111101111111111110111110111110111110111111111011111111111111111111111
111111111111111111101111101111111111101111111111110111110111101111110111111110111111111111111111111111
111111111111111111110111101111111111101111111111110111110111011111110111111101111111111111111111111111
111111111111111111110111101111111111101111111111110000000000000000110111111101111111111111111111111111
111111111111111111110111101110000000001111111111110111111111111111001111111101111111111111111111111111
111111111111111111111011100001111111111111111111110111111111111111111111111011111111111111111111111111
111111111111111111111011110111111111111111111111110111111111111111111111111011111111111111111111111111
111111111111111111111011110111111111111111111111110111111111111111111111111011111111111111111111111111
111111111111111111111011110111111111111100000000000000000111111111111111000011111111111111111111111111
111111111111111111111011110111111111111101101110110111111000111000000000111011111111111111111111111111
111111111111111111111101110111111111111101101110110111111111000111111111111011111111111111111111111111
111111111111111111111101110000000000111101101110110111111111111111111111111011111111111111111111111111
111111111111111111111101101110111111011101101110110111111111111111111111111011111111111111111111111111
111111111111111111111100011110100000000000000000110111111111111111111111111011111111111111111111111111
111111111111111111111110111110011111111111111111000000000000000000000000001011111111111111111111111111
111111111111111111111111011111111000000000000000111111111111111111111111110011111111111111111111111111
111111111111111111111111011000000111111111111111111111111111111111111111111111111111111111111111111111
111111111111111111111111100111111111111111111111111111111111111111111111111111111111111111111111111111
111111111111111111111111101111111111111111111111111111111111111111111111111111111111111111111111111111
111111111111111111111111111111111111111111111111111111111111111111111111111111111111111111111111111111
144444444444444444444444444444444444444444444444444444444444444444444444444444444444444444444444444441
144444444444444444444444444444444444444444444444444444444444444444444444444444444444444444444444444441
144444444444444444444444444444444444444444444444444444444444444444444444444444444444444444444444444441
144444444444444444444444444444444444444444444444444444444444444444444444444444444444444444444444444441
144444444444444444444444444444444444444444444444444444444444444444444444444444444444444444444444444441
144444444444444444444444444444444444444444444444444444444444444444444444444444444444444444444444444441
144444444444444444444444444444444444444444444444444444444444444444444444444444444444444444444444444441
144444444444444444444444444444444444444444444444444444444444444444444444444444444444444444444444444441
144444444444444444444444444444444444444444444444444444444444444444444444444444444444444444444444444441
144444444444444444444444444444444444444444444444444444444444444444444444444444444444444444444444444441
111111111111111111111111111111111111111111111111111111111111111111111111111111111111111111111111111111