1111111111111111111111111111111111111111111111111111111111111111111111111111111111111111111111111111111111111111111111111111111111111111111111111111111111111111111111111111111111111111111111111111111111
1111111111111111111111111111111111111111111111111111111111111111111111111111111111111111111111111111111111111111111111111111111111111111111111111111111111111111111111111111111111111111111111111111111111
1111111111111111111111111111111111111111111111111111111111111111111111111111111111111111111111111111111111111111111111111111111111111111111111111111111111111111111111111111111111111111111111111111111111
1111111111111111111111111111111111111111111111111111111111111111111111111111111111111111111188888888888888888888881111111111111111111111111111111111111111111111111111111111111111111111111111111111111111
1111111111111111111111111111111111111111111111111111111111111111111111111111111111111888888811111111111111111111118111111111111111111111111111111111111111111111111111111111111111111111111111111111111111
1111111111111111111111111111111111111111111111111111111111111111111111111111118888888111111111111111111111000000011888111111111111111111111111111111111111111111111111111111111111111111111111111111111111
1111111111111111111111111111111111111111111111111111111111111111111111888888881110000000000000000000000000011111101111811111111111111111111111111111111111111111111111111111111111111111111111111111111111
1111111111111111111111111111111111111111111111111111111111111188888888111000000001111111111111111111111111011111110000188811111111111111111111111111111111111111111111111111111111111111111111111111111111
1111111111111111111111111111111111111111111111111111111888888811100000000011111011111111111111111111111111011111111011011188111111111111111111111111111111111111111111111111111111111111111111111111111111
1111111111111111111111111111111111111111111111118888888111111100011111110111111101111111111111111111111111011111110111100011881111111111111111111111111111111111111111111111111111111111111111111111111111
1111111111111111111111111111111111188888888888881111111111111011111111101111111110111111111111111111111111011111101111110101118811111111111111111111111111111111111111111111111111111111111111111111111111
1111111111111111111111111111188888811111111111111111111111000111111111011111111110111111111111111111111110111111101111101110111188111111111111111111111111111111111111111111111111111111111111111111111111
1111111111111111111111118888811111111111111111111111100000101111111111011111111111011111111111111111111110111111011111101111011111881111111111111111111111111111111111111111111111111111111111111111111111
1111111111111111111118881111111111111111111111111000011111011111111110111111111111101111111111111111111110111111011111101111100111118881111111111111111111111111111111111111111111111111111111111111111111
1111111111111111111188111111111111111111111111110111111110111111111101111111111111010111111111111111111000111111011111101111111011111118811111111111111111111111111111111111111111111111111111111111111111
1111111111111111118811111111111111111111111111001111111001111111111011111111111110110111111111111111110101111111011111101111111100011111188111111111111111111111111111111111111111111111111111111111111111
1111111111111111881111111111111111111111000000111111100110111111110111111111111101111011111111111111101101111111011111101111111101100111111881111111111111111111111111111111111111111111111111111111111111
1111111111111888111111111111111111111100111111111111011111011111101111111111111011111101111111111100011101111111011111011111111101111011111118881111111111111111111111111111111111111111111111111111111111
1111111111111811111111111111111110000011111111111110111111101110011111111111000111111110111111110011111101111111011111011111111101111101111111118811111111111111111111111111111111111111111111111111111111
1111111111881111111111111111111001011111111111110001111111110101101111111110111111111111011111001111111011111111011111011111111101111110111111111188811111111111111111111111111111111111111111111111111111
1111111188111111111111111111110111101111111111101111111111111011110111111001111111111111101110111111111011111111011111011111111101111111011111111111188111111111111111111111111111111111111111111111111111
1111118811111111111111111000001111110111111110011111111111110101111011110111111111111111110101111111111011111110111111011111111011111111101111111111111811111111111111111111111111111111111111111111111111
1111181111111111111111110111111111110111111101111111111111001101111101101111111111111111111011111111111011111110111110111111111011111111110000111111111181111111111111111111111111111111111111111111111111
1118111111111111111111101111111111111011111011111111111000111110111100011111111111111111110011111111000000011110111101111111111011111111111111001111111111811111111111111111111111111111111111111111111111
1181111111111111111111010111111111111101110111111111110111111111010011011111111111111111001101111110111011100000111101111111111011111111111111110111111111181111111111111111111111111111111111111111111111
1111111111111111111100110111111111111101101111111111101111111111001111101111111111111110111101111101111011111110000001111111111011111111111111111011111111118111111111111111111111111111111111111111111111
1111111111111111110011110111111111111100011111111111011111111110111111110111111111111101111110111011110111111110111010011111111011111111111111111101111111111811111111111111111111111111111111111111111111
1111111111111111001111111011111111111001111111111110111111110001111111110111111111111011111111000111101111111101110111100000000011111111111111111110011111111181111111111111111111111111111111111111111111
1111111111111110011111111011111111110110111111111101111111101111111111111011111111100111111110011111011111111101110111101111111011111111111111111111100111111111811111111111111111111111111111111111111111
1111111111111101011111111101111111101011011111111011111111011111111111111101111111110111111101011111011111111101110111101111111011111111111111111111100011111111181111111111111111111111111111111111111111
1111111111111011011111111110111111011101101111110101111110111111111111111110111111111011111011101110111111111011101111101111111011111111111111111000010101111111118111111111111111111111111111111111111111
1111111111111011011111111111011110111101110111101110111101111111111111111111011111111101110111110110111111111011101111101111111011111111111111110111110110111111111811111111111111111111111111111111111111
1111111111110111011111111111100001111101110100011111011011111111111111111111101111111110101111110110111111111011011111011111111011111111111111101111101111011111111181111111111111111111111111111111111111
1111111111101111011111111111101111111110110011111111010111111111111111111111110111111110011111111001111111110111011111011111111011111111111100011111011111101111111111811111111111111111111111111111111111
1111111111011111011111111111110111111111001111111111101111111111111111111111110111111101100000000000000000000000000000000000011011111111111011111111011111110011111111181111111111111111111111111111111111
1111111110111100001111111111110111111110011111111111011111111111111111111111111011100011111111111111111111101111111111011111100011111111100111111110111111111101111111118111111111111111111111111111111111
1111111111011011110001111111111011110001111111111110111111111111111111111111111011011111111111111111111111101111111111011111111011111111011111111101111111111110111111111811111111111111111111111111111111
1111111111000111111100011111111011101111111111111101111111111111111111111111111000111111111111111111111111101111111111011111111011111110111111111101111111111111001111111181111111111111111111111111111111
1111111111011111111011101111111011011111111111111011111111111111111111111111111011111111111111111111111111101111111111011111111011111101111111111011111111111111110111111111811111111111111111111111111111
1111111110101111100111110001111100111111111111110111111111111111111111111111111101111111111111111111111111011111111111011111110111111011111111111011111111111111111001111111181111111111111111111111111111
1111111101110111011111111110111101111111111110001111111111111111111111111111111110111111111111111111111111011111111111011111110111110111111111111011111111111111111110111111118111111111111111111111111111
1111110011111010111111111111001001111111111101111111111111111111111111111111111110111111111111111111111111011111111111011111110111101111111111110111111111111111111111011111118111111111111111111111111111
1111101111111001111111111111100110111111111011111111111111111111111111111111111110111111111111111111111111011111111111011111110111011111111111110111111111111111111111101111111811111111111111111111111111
1111011111100011111111111100011111011111100111111111111111111111111111111111111110111111111111111111111111001111111111011111110110111111111111110111111111111111111111110011111181111111111111111111111111
1110111110011101111111111011111111011111011111111111111111111111111111111111111110111111111111111111111110010011111111011111110001111111111111110111111111111111111111111101111118111111111111111111111111
1101111001111110111111110111111111101110111111111111111111111111111111111111111110111111111111111111111101011100000000011111110111111111111111110111111111111111111111111110011111811111111111111111111111
1101110111111111011111001111111111101101111111111111111111111111111111111111111110111111111111111111111011101111111111011111100111111111111111101111111111111111111111111110111111811111111111111111111111
1101101111111110101110111111111111100011111111111111111111111111111111111111111110111111111111111111110111101111111111011100010111111111111111011111111111111111111111111101111111181111111111111111111111
1110011111111001110101111111111110010111111111111111111111111111111111111111111110111111111111111111101111101111111111011011110111111111111111011111111111111111111110000011111111118111111111111111111111
1110111111000111100011111111111101111011111111111111111111111111111111111111111110111111111111111111011111101111111111010111110111111111111110111111111111111111111001111111111111111811111111111111111111
1110111100111111011101111111110011111101111111111111111111111111111111111111111110111111111111111100111111110111111111001111111011111111111101111111111111000000000111111111111111111811111111111111111111
1111011011111100111101111111101111111110111111111111111111111111111111111111111110111111111111111011111111110111111110011111111011111111111011111111111110111111111111111111111111111118111111111111111111
1111000111111011111110111110011111111111011111111111111111111111111111111111111110111111111111110111111111110111111101111111111011111111111011111100000001111111111111111111111111111118111111111111111111
1111011111110111111110111101111111111111101111111111111111111111111111111111111111011111111111101111111111110111111011111111111011111111110111000011111111111111111111111111111111111111181111111111111111
1111101111101111111111011011111111111111101111111111111111111111111111111111111111011111111111011111111111110111110111111111111011111111110110111111111111111111111111111111111111111111181111111111111111
1111110010011111111111100111111111111111110111111111111111111111111111111111111111101111111110111111111111110111001111111111111011111111110001111111111111111111111111111111111111111111118111111111111111
1111111101111111111111101111111111111111110111111111111111111111111111111111111111110111111101111111111111110110111111111111111011111100000111111111111111111111111111111111111111111111111811111111111111
1111111101111111111111001111111111111111110111111111111111111111111111111111111111110111110011111111111111110101111111111100000000000011110111111111111111111111111111111111111111111111111811111111111111
1111111101111111111100101111111111111111110111111111111111111111111111111111111111110111101111111111100000000000000000000011111101111111111011111111111111111111111111111111111111111111111811111111111111
1111111101111111110011110111111111111111111011111111111111111111111111111111111111111011011111111111011111111111111111011111111101111111111011111111111111111111111111111111111111111111111181111111111111
1111111110111111101111111011111111111111111101111111111111111111111111111111111111111010111111000000111111111111111111011111111101111111111011111111111111111111111111111111111111111111111181111111111111
1111111110111111011111111011111111111111111101111111111111111111111111111100000000000000000000111111111111111111111111101111111101111111111101111111111111111111111111111111111111111111111118111111111111
1111111110111100111111111101111111111111111101111111111111111111111111111011111111111101111111111111111111111111111111101111111101111111111101111111111111111111111111111111111111111111111111811111111111
1111111111011011111111111101111111111111111101111111111111111111111111000111111111111101111111111111111111111111111111101111111101111111111101111111111111111111111111111111111111111111111111181111111111
1111111111000111111111111110111111111111111101111110000000000000000000111111111111111101111111111111111111111111111111101111111101111111111101111111111111111111111111111111111111111111111111181111111111
1111111111011111111111111111011111111111111110100001111011111111011111111111111111111110111111111111111111111111111111101111111101111111111101111111111111111111111111111111111111111111111111118111111111
1111111111011111111111111111011111111100000000011011111011111111011111111111111111111110111111111111111111111111111111110111111101111111111101111111111111111111111111111111111111111111111111118111111111
1111111111011111111111111111101110000010111110111011111011111111011111111111111111111110111111111111111111111111111111110111111101111111111101111111111111111111111111111111111111111111111111111811111111
1111111111011111111111111111101101111101111110111011111011111111101111111111111111111110111111111111111111111111111111110111111101111111111101111111111111111111111111111111111111111111111111111811111111
1111111111011111111111111111110011111011111110111011111011111111101111111111111111111110111111111111111111111111111111110111111101111111111101111111111111111111111111111111111111111111111111111181111111
1111111111011111111111111110001111110111111101111011111011111111101111111111111111111111011111111111111111111111111111111011111101111111111101111111111111111111111111111111111111111111111111111181111111
1111111111011111111111111001111111101111111101111011111011111111110111111111111111111111011111111111111111111111111111111011111101111111111101111111111111111111111111111111111111111111111111111118111111
1111111111011111111111110111111111011111111101111011111101111111110111111111111111111111011111111111111111111111111111111011111101111111111101111111111111111111111111111111111111111111111111111118111111
1111111111011111111000001111111110111111111100000011111101111111110111111111111111111111011111111111111111111111111111111011111101111111111101111111111111111111111111111111111111111111111111111111811111
1111111111011111000111111111111101111111111101111000000001111111110111111111111111111111011111111111111111111111111111111011111110111111111101111111111111111111111111111111111111111111111111111111811111
1111111111100000111111111111111011111111111011111011111101111111110111111111111111111111011111111111111111111111111111111011111110111111111101111111111111111111111111111111111111111111111111111111811111
1111111111101111111111111111110111111111111011111011111101111111110111111111111111111111011111111111111111111111111111111011111110111111111101111111111111111111111111111111111111111111111111111111811111
1111111111101111111111111111101111111111110111110111111101111111110111111111111111111111011111111111111111111111111111111011111110111111111101111111111111111111111111111111111111111111111111111111811111
1111111111101111111111111111011111111111110111110111111101111111110111111111111111111111011111111111111111111111111111111011111110111111111101111111111111111111111111111111111111111111111111111111811111
1111111111101111111111111110111111111111101111110111111101111111110111111111111111111111011111111111111111111111111111110011111110111111111101111111111111111111111111111111111111111111111111111111811111
1111111111101111111111111101111111111111101111110111111101111111111011111111111111111111011111111111111111111111111111101111111110111111111101111111111111111111111111111111111111111111111111111111811111
1111111111101111111111111011111111111111101111101111111101111111111011111111111111111111011111111111111111111111111100011111111110111111111101111111111111111111111111111111111111111111111111111111811111
1111111111101111111111110111111111111111101111101111111101111111111011111111111111111111011111111111111111111111100011111111111111011111111101111111111111111111111111111111111111111111111111111111811111
1111111111101111111111101111111111111111011111011111111101111111111011111111111111111111011111111111111111111111101111111111111111011111111101111111111111111111111111111111111111111111111111111111811111
1111111111101111111110011111111111111111011111011110000001111111111011111111111111111111011111111111111111111111011111111111100000000000000001111111111111111111111111111111111111111111111111111111811111
1111111111101111111101111111111111111111000000000001111101111111111011111111111111111111011111111111111111111110111111111110011111111111111101111111111111111111111111111111111111111111111111111111811111
1111111111101111111011111111111111111111111111011111111101111111111011111111111111111111011111111111111111111101111111110001111111111111111101111111111111111111111111111111111111111111111111111111811111
1111111111101111110111111111111111111111111111011111111101111111111011111111111111111111011111111111111111111101111111101111111111111111111101111111111111111111111111111111111111111111111111111111811111
1111111111101111101111111111111111111111111111011111111101111111111011111111111111111111011111111111111111111011111100011111111111111111111101111111111111111111111111111111111111111111111111111118111111
1111111111101111011111111111111111111111111111011111111101111111111011111111111111111111101111111111111111111011100011111111111111111111111101111111111111111111111111111111111111111111111111111118111111
1111111111101100111111111111111111111111111111011111111101111111111011111111111111111111101111110000000000000000011111111111111111111111111101111111111111111111111111111111111111111111111111111118111111
1111111111101011111111111111111111111111111111011111111101111111111011111111100000000000000000001111111111110111111111111111111111111111111101111111111111111111111111111111111111111111111111111181111111
1111111111100111111111111111111111111111111111101111111110111111111000000000011111111111110111111111111111110111111111111111111111111111111101111111111111111111111111111111111111111111111111111181111111
1111111111100111111111111111111111111111111111101111111110111111111011111111111111111111111011111111111111110111111111111111111111111111111101111111111111111111111111111111111111111111111111111811111111
1111111111110000000000000000000000000000000000001111111110111111111011111111111111111111111011111111111111110111111111111111111111111111111101111111111111111111111111111111111111111111111111111811111111
1111111111111011111111111111111111111111111111101111111110111111111011111111111111111111111011111111111111110111111111111111111111111111111101111111111111111111111111111411111111111111111111118111111111
1111111111111101111111111111111111111111111111110111111111011111111011111111111111111111111011111111111111111011111111111111111111111111111101111111111111111111111111114444411111111111111111181111111111
1111111111111110111111111111111111111111111111110111111111011111111011111111111111111111111011111111111111111011111111111111111111111111111101111111111111111111111111144444444441111111111111181111111111
1111111111111111011111111111111111111111111111110111111111011111111011111111111111111111111011111111111111111011111111111111111111111111111011111111111111111111111111144444444444444111111111811111111111
1111111111111111011111111111111111111111111111110111111111011111111011111111111111111111111011111111111111111011111111111111111111111111111011111111111111111111111111144444444444444444411118111111111111
1111111111111111011111111111111111111111111111110111111111011111111011111111111111111111111011111111111111111101111111111111111111111111111011111111111111111111111111144444444444444444411118111111111111
1111111111111111101111111111111111111111111111111011111111011111111011111111111111111111111011111111111111111101111111111111111111111111100011111111111111111111111111444444444444444444111181111111111111
1111111111111111101111111111111111111111111111111011111111011111111011111111111111111111111011111111111111111101111111111110000000000000010111111111111111111111111111444444444444444444111181111111111111
1111111111111111101111111111111111111111111111111011110000011111111011111111111111111111111011111111111111111101111000000001111111111111101111111111111111111111111111444444444444444444111811111111111111
1111111111111111101111111111111111111111111111111010001111101111111101111111111111111111111011111111111111111100000111111111111111111111011111111111111111111111111114444444444444444441111811111111111111
1111111111111111101111111111111111111111111111111001111111101111111101111111111111111111111011111100000000000011111111111111111111111111011111111111111111111111111114444444444444444441118111111111111111
1111111111111111110111111111111111111111111111111111111111101111111101111111111111111111111000000011111111111111111111111111111111111110111111111111111111111111111114444444444444444441181111111111111111
1111111111111111111011111111111111111111111111111111111111101111111101111111111111111111111011111111111111111111111111111111111111111101111111111111111111111111111144444444444444444411181111111111111111
1111111111111111111101111111111111111111111111111111111111101111111101111111111111111111111011111111111111111111111111111111111111111011111111111111111111111111111144444444444444444411811111111111111111
1111111111111111111101111111111111111111111111111111111111101111111101111111111111111111111011111111111111111111111111111111111111110111111111111111111111111111111144444444444444444411811111111111111111
1111111111111111111101111111111111111111111111111111111111101111111101111111111111111111111011111111111111111111111111111111111111101111111111111111111111111111111444444444444444444118111111111111111111
1111111111111111111101111111111111111111111111111111111111101111111101111111111111111111111011111111111111111111111111111111111111011111111111111111111111111111111444444444444444444118111111111111111111
1111111111111111111101111111111111111111111111111111111111101111111101111111111111111111111011111111111111111111111111111111111110111111111111111111111111111111111444444444444444444444444444444411111111
1111111111111111111101111111111111111111111111111111111111110111111101111111111111111111111101111111111111111111111111111111111101111111111111111111111111111111114444444444444444444444444444444111111111
1111111111111111111101111111111111111111111111111111111111110111111110111111111111111111111101111111111111111111111111111111111011111111111111111111111111111111114444444444444444444444444444444111111111
1111111111111111111110111111111111111111111111111111111111110111111110111111111111111111111101111111111111111111111111111111110111111111111111111111111111111111114444444444444444444444444444441111111111
1111111111111111111111011111111111111111111111111111111111110111111110111111111111111111111101111111111111111111111111111111101111111111111111111111111111111111144444444444444444444444444444441111111111
1111111111111111111111011111111111111111111111111111111111110111111110111111111111111111111101111111111111111111111111111111011111111111111111111111111111111111144444444444444444444444444444441111111111
1111111111111111111111011111111111111111111111111111111111110111111111011111111111111111111101111111111111111111111111111110111111111111111111111111111111111111144444444444444444444444444444411111111111
1111111111111111111111011111111111111111111111111111111111110111111111011111111111111111111101111111111111111111111111111101111111111111111111111111111111111111444444444444444444444444444444411111111111
1111111111111111111111101111111111111111111111111111111111110111111111011111111111111111111101111111111111111111111111111011111111111111111111111111111111111111444444444444444444444444444444111111111111
1111111111111111111111101111111111111111111111111111111111110111111111011111111111111111111101111111111111111111111111110111111111111111111111111111111111111111444444444444444444444444444444111111111111
1111111111111111111111101111111111111111111111111111111111110111111111011111111111111110000001111111111111111111111111101111111111111111111111111111111111111114444444444444444444444444444441111111111111
1111111111111111111111101111111111111111111111111111111111110000000000000000000000000001111101111111111111111111111111011111111111111111111111111111111111111114444444444444444444444444444441111111111111
1111111111111111111111101111111111111111111111111111111111110111111111111111111111111111111101111111111111111111111110111111111111111111111111111111111111111114444444444444444444444444444441111111111111
1111111111111111111111101111111111111111111111111111111111110111111111111111111111111111111110111111111111111111111101111111111111111111111111111111111111111144444444444444444444444444444411111111111111
1111111111111111111111101111111111111111111111111111111111110111111111111111111111111111111110111111111111111111111011111111111111111111111111111111111111111144444444444444444444444444444411111111111111
1111111111111111111111101111111111111111111111111111111111110111111111111111111111111111111110111111111111111111111011111111111111111111111111111111111111111144444444444444444444444444444111111111111111
1111111111111111111111101111111111111111111111111111111111110111111111111111111111111111111110111111111111111111110111111111111111111111111111111111111111111444444444444444444444444444444111111111111111
1111111111111111111111101111111111111111111111111111111111111011111111111111111111111111111111011111111111111111101111111111111111111111111111111111111111111444444444444444444444444444444111111111111111
1111111111111111111111101111111111111111111111111111111111111011111111111111111111111111111111101111111111111111011111111111111111111111111111111111111111111444444444444444444444444444441111111111111111
1111111111111111111111101111111111111111111111111111111111111011111111111111111111111111111111101111111111111110111111111111111111111111111111111111111111114444444444444444444444444444441111111111111111
1111111111111111111111101111111111111111111111111111111111111011111111111111111111111111111111101111111111111101111111111111111111111111111111111111111111114444444444444444444444444444411111111111111111
1111111111111111111111110111111111111111111111111111111111111011111111111111111111111111111111101111111111111001111111111111111111111111111111111111111111114444444444444444444444444444411111111111111111
1111111111111111111111111011111111111111111111111111111111111011111111111111111111111111111111101111111111110110111111111111111111111111111111111111111111144444444444444444444444444444111111111111111111
1111111111111111111111111101111111111111111111111111111111111011111111111111111111111111111111101111111111101111001111111111111111111111111111111111111111144444444444444444444444444444111111111111111111
1111111111111111111111111110111111111111111111111111111111111011111111111111111111111111111111101111111111011111110111111111111111111111111111111111111111144444444444444444444444444444111111111111111111
1111111111111111111111111110111111111111111111111111111111111011111111111111111111111111111111101111111110111111111001111111111111111111111111111111111111444444444444444444444444444441111111111111111111
1111111111111111111111111111011111111111111111111111111111111101111111111111111111111111111111101111111101111111111011111111111111111111111111111111111111444444444444444444444444444441111111111111111111
1111111111111111111111111111011111111111111111111111111111111101111111111111111111111111111111101111111011111111110111111111111111111111111111111111111111444444444444444444444444444411111111111111111111
1111111111111111111111111111011111111111111111111111111111111101111111111111111111111111111111101111110111111111110111111111111111111111111111111111111114444444444444444444444444444411111111111111111111
1111111111111111111111111111011111111111111111111111111111111101111111111111111111111111111111101111110111111111110111111111111111111111111111111111111114444444444444444444444444444411111111111111111111
1111111111111111111111111111101111111111111111111111111111111101111111111111111111111111111111110111101111111111110111111111111111111111111111111111111114444444444444444444444444444111111111111111111111
1111111111111111111111111111101111111111111111111111111111111101111111111111111111111111111111110111011111111111101111111111111111111111111111111111111144444444444444444444444444444111111111111111111111
1111111111111111111111111111101111111111111111111111111111111101111111111111111111111111111111110110111111111111011111111111111111111111111111111111111144444444444444444444444444441111111111111111111111
1111111111111111111111111111110111111111111111111111111111111101111111111111111111111111111111111001111111111111011111111111111111111111111111111111111144444444444444444444444444441111111111111111111111
1111111111111111111111111111111011111111111111111111111111000000000000000001111111111111111111111001111111111111011111111111111111111111111111111111111444444444444444444444444444411111111111111111111111
1111111111111111111111111111111101111111111111111110000000111111111111111110000000000000000000000000011111111111011111111111111111111111111111111111111444444444444444444444444444411111111111111111111111
1111111111111111111111111111111101111111111111111001111111111111111111111111111111111111111111110111100011111111011111111111111111111111111111111111111444444444444444444444444444411111111111111111111111
1111111111111111111111111111111110111111000000000111111111111111111111111111111111111111111111101111111101111111011111111111111111111111111111111111114444444444444444444444444444111111111111111111111111
1111000001111111111111111111111110111100111111111111111111111111111111111111111111111111111111011111111110111110111111111111111111111111111111111111114444444444444444444444444444111111111111111111111111
1111011110000011111111111111111110111011111111111111111111111111111111111111111111111111111110111111111111001101111111111111111111111111111111111111114444444444444444444444444441111111111111111111111111
1111011111111100000000000000000111010111111111111111111111111111111111111111111111111111111101111111111111110001111111111111111111111111111111111111144444444444444444444444444441111111111111111111111111
1111011111111111111111111111111000000111111111111111111111111111111111111111111111111111111011111111111111111111111111111111111111111111111111111111144444444444444444444444444441111111111111111111111111
1111011111111111111111111111111111011000000111111111111111111111111111111111111111111111110111111111111111111111111111111111111111111111111111111111144444444444444444444444444411111111111111111111111111
1111011111111111111111111111111111011111111011111111111111111111111111111111111111111111101111111111111111111111111111111111111111111111111111111111144444444444444444444444444411111111111111111111111111
1111011111111111111111111111111110111111111100000000000000000111111111111111111111111111011111111111111111111111111111111111111111111111111111111111144444444444444444444444444411111111111111111111111111
1111011111111111111111111111111110111111111111111101111111111000000000000000111111111110111111111111111111111111111111111111111111111111111111111111144444444444444444444444444411111111111111111111111111
1110111111111111111111111111111110111111111111111101111111111111111101111111000000000000000000001111111111111111111111111111111111111111111111111111144444444444444444444444444411111111111111111111111111
1101111111111111111111111111111110111111111111111101111111111111111011111111111111111101111111110011111111111111111111111111111111111111111111111111144444444444444444444444444411111111111111111111111111
1101111111111111111111111111111110111111111111111101111111111111111011111111111111111101111111111100000000111111111111111111111111111111111111111111444444444444444444444444444411111111111111111111111111
1101111111111111111111111111111110111111111111111101111111111111111011111111111111111101111111111111011111000000111111111111111111111111111111111111444444444444444444444444444411111111111111111111111111
1101111111111111111111111111111110111111111111111101111111111111111011111111111111111101111111111111011111111111000111111111111111111111111111111111444444444444444444444444444411111111111111111111111111
1101111111111111111111111111111110111111111111111011111111111111111011111111111111111101111111111111011111111111111001111111111111111111111111111111444444444444444444444444444411111111111111111111111111
1101111111111111111111111111111101111111111111111011111111111111111011111111111111111101111111111111011111111111111101111111111111111111111111111111444444444444444444444444444411111111111111111111111111
1101111111111111111111111111111011111111111111111011111111111111111011111111111111111101111111111111011111111111111101111111111111111111111111111111444444444444444444444444444441111111111111111111111111
1101111111111111111111111111111011111111111111111011111111111111111011111111111111111011111111111111011111111111111101111111111111111111111111111114444444444444444444444444444444441111111111111111111111
1100000111111111111111111111111011111111111111111011111111111111111011111111111111110111111111111111011111111111111101111111111111111111111111111114444444444444444444444444444444444441111111111111111111
1111111000000000000000111111111011111111111111111011111111111111111011111111111111110111111111111111011111111111111101111111111111111111111111111114444444444444444444444444444444444444441111111111111111
1111111111111111111111000111111011111111111111111011111111111111111011111111111111101111111111111111011111111111111101111111111111111111111111111114444444444444444444444444444444444444444441111111111111
1111111111111111111111111000000000111111111111111011111111111111111011111111111111101111111111111110111111111111111101111111111111111111111111111114444444444444444444444444444444444444444444441111111111
1111111111111111111111111111111111000011111111111011111111111111111011111111111111101111111111111110111111111111111101111111111111111111111111111114444444444444444444444444444444444444444444444441111111
1111111111111111111111111111111111111100000111111011111111111111111011111111111111101111111111111110111111111111111101111111111111111111111111111144444444444444444444444444444444444444444444444444441111
1111111111111111111111111111111111111111111011111011111111111111111011111111111111101111111111111110111111111111111011111111111111111111111111111144444444444444444444444444444444444444444444444444444441
1111111111111111111111111111111111111111111100000000000111111111111011111111111111101111111111111110111111111111111011111111111111111111111111111144444444444444444444444444444444444444444444444444444441
1111111111111111111111111111111111111111111111111111111000000000000001111111111111101111111111111110111111111111111011111111111111111111111111111144444444444444444444444444444444444444444444444444444441
1111111111111111111111111111111111111111111111111111111111111111111110001111111111101111111111111110111111111111111011111111111111111111111111111144444444444444444444444444444444444444444444444444444441
1111111111111111111111111111111111111111111111111111111111111111111111110000000000000000000000000110111111111111110111111111111111111111111111111444444444444444444444444444444444444444444444444444444441
1111111111111111111111111111111111111111111111111111111111111111111111111111111111111111111111111000111111111111110111111111111111111111111111111444444444444444444444444444444444444444444444444444444441
1441111111111111111111111111111111111111111111111111111111111111111111111111111111111111111111111110000001111111110111111111111111111111111111111444444444444444444444444444444444444444444444444444444441
1444111111111111111111111111111111111111111111111111111111111111111111111111111111111111111111111111111110000011110111111111111111111111111111111444444444444444444444444444444444444444444444444444444441
1444444111111111111111111111111111111111111111111111111111111111111111111111111111111111111111111111111111111100000111111111111111111111111111111444444444444444444444444444444444444444444444444444444441
1444444444111111111111111111111111111111111111111111111111111111111111111111111111111111111111111111111111111111111111111111111111111111111111111444444444444444444444444444444444444444444444444444444441
1444444444444111111111111111111111111111111111111111111111111111111111111111111111111111111111111111111111111111111111111111111111111111111111114444444444444444444444444444444444444444444444444444444441
1444444444444444111111111111111111111111111111111111111111111111111111111111111111111111111111111111111111111111111111111111111111111111111111114444444444444444444444444444444444444444444444444444444441
1444444444444444444111111111111111111111111111111111111111111111111111111111111111111111111111111111111111111111111111111111111111111111111111114444444444444444444444444444444444444444444444444444444441
1444444444444444444444444444444444411111111111111111111111111111111111111111111111111111111111111111111111111111111111111111111111111111111111114444444444444444444444444444444444444444444444444444444441
1444444444444444444444444444444444444111111111111111111111111111111111111111111111111111111111111111111111111111111111111111111111111111111111114444444444444444444444444444444444444444444444444444444441
1444444444444444444444444444444444444441111111111111111111111111111111111111111111111111111111111111111111111111111111111111111111111111111111114444444444444444444444444444444444444444444444444444444441
1444444444444444444444444444444444444444411111111111111111111111111111111111111111111111111111111111111111111111111111111111111111111111111111144444444444444444444444444444444444444444444444444444444441
1444444444444444444444444444444444444444444111111111111111111111111111111111111111111111111111111111111111111111111111111111111111111111111111144444444444444444444444444444444444444444444444444444444441
1444444444444444444444444444444444444444444411111111111111111111111111111111111111111111111111111111111111111111111111111111111111111111111111144444444444444444444444444444444444444444444444444444444441
1444444444444444444444444444444444444444444441111111111111111111111111111111111111111111111111111111111111111111111111111111111111111111111111144444444444444444444444444444444444444444444444444444444441
1444444444444444444444444444444444444444444444111111111111111111111111111111111111111111111111111111111111111111111111111111111111111111111111144444444444444444444444444444444444444444444444444444444441
1444444444444444444444444444444444444444444444411111111111111111111111111111111111111111111111111111111111111111111111111111111111111111111111144444444444444444444444444444444444444444444444444444444441
1444444444444444444444444444444444444444444444441111111111111111111111111111111111111111111111111111111111111111111111111111111111111111111111444444444444444444444444444444444444444444444444444444444441
1444444444444444444444444444444444444444444444444444444444111111111111111111111111111111111111111111111111111111111111111111111111111111111111444444444444444444444444444444444444444444444444444444444441
1444444444444444444444444444444444444444444444444444444444444444444411111111111111111111111111111111111111111111111111111111111111111111111111444444444444444444444444444444444444444444444444444444444441
1444444444444444444444444444444444444444444444444444444444444444444444444444411111111111111111111111111111111111111111111111111111111111111111444444444444444444444444444444444444444444444444444444444441
1444444444444444444444444444444444444444444444444444444444444444444444444444444444444411111111111111111111111111111111111111111111111111111111444444444444444444444444444444444444444444444444444444444441
1444444444444444444444444444444444444444444444444444444444444444444444444444444444444444444441111111111111111111111111111111111111111111111111444444444444444444444444444444444444444444444444444444444441
1111111111111111111111111111111111111111111111111111111111111111111111111111111111111111111111111111111111111111111111111111111111111111111111111111111111111111111111111111111111111111111111111111111111