111111111111111111111111111111111111111111111111111111111111111111111111111111111111111111111111111111
111111111111111111111111111111111111111111111111111111111111111111111111111181111111111111111111111111
111111111111111111111111111111111111111111111111111111888888888888888888888811011111111111111111111111
111111111111111111111111111111111111111111111888888888111111111111111111111110000000000000000000000011
111111111111111111111111111111111111111111888111111111111011111111111111111101101111111111111111100011
111111111111111111111111111111111111111188111111111111100101111111111111111011101111111111111111011011
111111111111111111111111111111111111888811111111111110011110110000001111110111101111111111111110111011
111111111111111111111111111111118888111111111111111110011111001111110111101111110111111111111101111011
111111111111111111111111111888881111111111111111111110011111011111111010011111111011111111111011111011
111111111111111111111111118111111111111111111111111101101111011111111101111111111101111111100111111011
111111111111111111111111811111111111111111111111111011101111011111111010001111100011111111011111111011
111111111111111111111181111111111111111110000000000111101111011111110111110000011111111110111111111011
111111111111111111118111111111111111111001111101110111101111011110001111111100100111111101111111111011
111111111111111111181111111111111111100111111101110111101111100001110000111011111000000011111111111011
111111111111111111811111111111111110011111111101110111101111101111111111010111111111101111111111111011
111111111111111181111111111111111001111111111101110111101111101111111111100011111111011111111111111011
111111111111111811111111111111000011111111111110000000000000000111111111011101111110111111111111111011
111111111111118111111111111000101100011111111110110111101111101000111100111110011101111111111111111011
111111111111811111111111110111101111101111111110110111101111101111011011111111100011111111111111111011
111111111118111111111110000011101111110000000000000000001111101111100111111111110111111111111111111011
111111111181111111111101101100101111111111111111110111101111101111011111111111101111111111111111111011
111111111811111111111011101111001111111111111111110111101111101111011111111111011111111111111111111011
111111118111111100000111101111100000000000000001110111101111101111011111111110111111111111111111111011
111111118111111011111111101111101111111111111110000000000000000011011111111101111111111111111111111011
111111118111110111111111101111101111111111111111111111111111111100000111111101111111111111111111110111
111111118111001111111111101111101111111111111111111111111111111110111011111011111111111111111000001111
111111181110111111111111101111011111111111111111111111111111111110111100010111111111111111000111111111
111111181101111111111111101111011111111111111111111111111111111110111111101111111001111110111111111111
111111181011111111111111101111011111111111111111111111111111111110111111010111111010000001111111111111
111111811011111111111111100000011111111111111111111111111111111111011100111011111010101111111111111111
111111811101111111111111101111011111111111111111111111111111111111101011111101111010101111111111111111
111111811101111111111111101111011111111111111111111111111111111111110111111110111010101111111111111111
111111811110111111111111101111011111111111111111111111111111111111101111111111011010101111111111111111
111118111110111111111111101111011111111111111111111111111111111111011111111111100010101111111111111111
111118111111011111111111100001011111111111111111111111111111111110011111111111111000101111111111111111
111118111111011111111111101110011111111111111111111111111111111101101111111111111110000000111111111111
111181111111011111111111101111011111111111111111111111111111111011110111111111000001111011011111111111
111181111111011111111111101111011111111111111111111111111111111011111011111100111111111011101111111111
111181111111011111111110001111011111111111111111111111111111111011111101000011111111110111110111111111
111181111111000000000001101111011111111111111111111111111111110111111100111111111111101111111011111111
111181111111011111111111101111011000000001111111111111111111101011110010111111111111101111111101111111
111181111111011111111111101111011011111110000000011111111111011100101101111111111111101111111110111111
111181111111011111111111101111011011111111111111000000000000111111011101111111111111011111111111011111
111181111111101111111111101111011011111111111111011111101110001110111101111111111111011111111111101111
111181111111101111111111101111011011111111111111011111011101110101111011111111111110111111111111110111
111181111111101111111111101111000000000000000000000011011011111011111011111111111101111111111111111011
111181111111101111111111101111111111111111111111011100111011110111110111111111111101111111111111110111
111181111111110111111111011111111111111111111110111110111001110111110011111111111101111111111111110111
111181111111110111111111011111111111111111111110111101111010001111110100000111111101111111111111110111
111181111111111011111111011111111111111111111110111101110111110111101111111000011101111111111111110111
111181111000000000000000000000000011111111111110000011101111110111101111111101100001111111111111101111
111181110111111101111111011111110100011111111110111011101111111011101111111011111100011111111111101111
111181001111111101111111011111110111100011111110111011101111111101011111111011111101101111111111101111
111181101111111101111111011111110111111011111110111011101111111110111111111011111011110000000011101111
111181101111111101111111011111110111111011111110111011101111111110111111111000000011111111111100001111
111181101111111101111111011111111011111000000000000111101111111111011111110111110111111111111111111111
111181110111111110111111101111111011111111111111110011011111111111100001110111110111111111111111111111
111181111011111110111111101111111011001111111111111100011111111111011110000111110111111111111111111111
111181111011111110111111101111000000101111111111111110111111111110111111110111101111111111111111111111
111181111011111110000000000000111111101111111111111101111111111101111111111011101111111111111111111111
111181111101111111111111101111111111101111111111111101111111111011111111111101011111111111111111111111
111118111101111111111111101111111111101111111111111011111111111011111111111110111111111111111111111111
111118111101111111111111101111111111101111111111111011111100011011111111111110111111111111111111111111
111118111110111111111111101111111111101111111111110011111101100111000000000000111111111111111111111111
111111811110111111111111101111111111101111111110001001111101101110111111111110111111111111111111111111
111111811110111111111111101111111111101111000001111010111011011101111111111111011111111111111111111111
111111811110111111111111101111111111101110101111110111000000011011111111111111011111111111111111111111
111111181111011111111111101111110000000001101111110111110111000011111111111111011111111111111111111111
111111181111011111111111100000001111101111110111110111110111111000000000000000001111111111111111111111
111111181111011111111111101111111111101111110000000111110111110111111011111111101111111111111111111111
111111181111101111111111101111111111101111111111110111110111110111111011111111101111111111111111111111
111111181111101111111111101111111111101111111111110111110111110111111011111111101111111111111111111111
111111118111101111111111101111111111101111111111110111110111110111110111111111011111111111111111111111
111111118111101111111111101111111111101111111111110111110111101111101111111111011111111111111111111111
111111118111110111111111101111111111101111111111110000000000000011101111111110111111111111111111111111
111111118111111011111111101111100000001111111111110111111111111100001111111110111111111111111111111111
111111111811111101111111100000011111111111111111110111111111111111111111111110111111111111111111111111
111111111811111110111111110111111111111111111111110111111111111111111111111110111111111111111111111111
111111111181111110111111110111111111111111111111110111111111111111111111111101111111111111111111111111
111111111181111111011111110111111111111100000000000000111111111110000000000011111111111111111111111111
111111111118111111011111110111111111111101101110110111000111110001111111111011111111111111111111111111
111111111111811111101111110111111111111101101110110111111000001111111111111011111111111111111111111111
111111111111181111110111100000000000111101101110110111111111111111111111111011111111111111111111111111
111111111111118111111011011110111111011101101110110111111111111111111111111011111111111111111111111111
111111111111111811111100111110111111000000000000110111111111111111111111111011111111111111111111111111
111111111111111181111101111110000000111111000000000000000000000011111111111011111111111111111111111111
111111111111111118111101111111111111111000111111111111111111111100000000000011111111111111111111111111
111111111111111111811110111111111110000111111111111111111111111111111111111111111111111111111111111111
111111111111111111181111010000000001111111111111111111111111111111111111111111111111111111111111111111
111111111111111111118111101111111111111111111111111111111111111111111111111111111111111111111111111111
111111111111111111111811111111111111111111111111111111111111111111111111111111111111111111111111111111
144444444444444444444444444444444444444444444444444444444444444444444444444444444444444444444444444441
144444444444444444444444444444444444444444444444444444444444444444444444444444444444444444444444444441
144444444444444444444444444444444444444444444444444444444444444444444444444444444444444444444444444441
144444444444444444444444444444444444444444444444444444444444444444444444444444444444444444444444444441
144444444444444444444444444444444444444444444444444444444444444444444444444444444444444444444444444441
144444444444444444444444444444444444444444444444444444444444444444444444444444444444444444444444444441
144444444444444444444444444444444444444444444444444444444444444444444444444444444444444444444444444441
144444444444444444444444444444444444444444444444444444444444444444444444444444444444444444444444444441
144444444444444444444444444444444444444444444444444444444444444444444444444444444444444444444444444441
144444444444444444444444444444444444444444444444444444444444444444444444444444444444444444444444444441
111111111111111111111111111111111111111111111111111111111111111111111111111111111111111111111111111111