0.00 0.00 0.00 0.00 0.00 0.00 0.00 0.00 0.00 0.00 0.00 0.00
0.00 2.00 2.22 2.44 2.67 2.89 3.11 3.33 3.56 3.78 4.00 0.00
0.00 2.80 2.25 0.00 0.00 0.00 0.00 3.40 3.60 3.80 3.80 0.00
0.00 3.60 0.00 2.50 2.75 3.00 3.20 0.00 0.00 0.00 3.60 0.00
0.00 4.40 0.00 4.50 3.75 0.00 3.00 3.00 0.00 0.00 3.40 0.00
0.00 5.20 5.25 0.00 0.00 0.00 0.00 0.00 3.00 3.00 3.20 0.00
0.00 6.00 5.67 5.33 5.00 4.67 4.33 4.00 3.67 3.33 3.00 0.00
0.00 0.00 0.00 0.00 0.00 0.00 0.00 0.00 0.00 0.00 2.75 0.00
0.00 0.00 0.00 0.00 0.00 0.00 0.00 0.00 0.00 0.00 2.50 0.00
0.00 0.00 0.00 0.00 0.00 0.00 0.00 0.00 0.00 0.00 2.25 0.00
0.00 0.00 0.00 0.00 0.00 0.00 0.00 0.00 0.00 0.00 2.00 0.00
0.00 0.00 0.00 0.00 0.00 0.00 0.00 0.00 0.00 0.00 0.00 0.00
