111111111111111111111111111111111111111111111111111111111111111111111111111111111111111111111111111111
111111111111111111111111111111111111111111111111111111111111111111111111111181111111111111111111111111
111111111111111111111111111111111111111111111111111111888888888888888888888811011111111111111111111111
111111111111111111111111111111111111111111111888888888111111111111111111111100100000000000000000000011
111111111111111111111111111111111111111111888111111111110011111111111111111011110111111111111111110011
111111111111111111111111111111111111111188111111111111101101111111111111110111111011111111111111101011
111111111111111111111111111111111111888811111111111110011110100000001111101111111011111111111111011011
111111111111111111111111111111118888111111111111111101011111011111110111011111111101111111111100111011
111111111111111111111111111888881111111111111111111011011111011111111010111111111101111111111011111011
111111111111111111111111118111111111111111111111111011101111011111111100111111111001111111110111111011
111111111111111111111111811111111111111111111111111011101111011111111011011111110111111111101111111011
111111111111111111111181111111111111111111111100000111101111101111110111100000001111111111011111111011
111111111111111111118111111111111111110000000001110111101111100000001111111101100000111110111111111011
111111111111111111181111111111111111101111111101110111101111101111110011111011111111000001111111111011
111111111111111111811111111111111110011111111101110111101111101111111101110111111111011111111111111011
111111111111111181111111111111110001111111111110110111101111101111111110001111111111011111111111111011
111111111111111811111111111111101111111111111110000000000000001111111101110011111110111111111111111011
111111111111118111111111111110000001111111111110110111101111100111111011111100001101111111111111111011
111111111111811111111111110001101110001111111110110111101111101011110111111111110011111111111111111011
111111111118111111111111001111101111110000000000000000001111101100001111111111110111111111111111111011
111111111181111111100000100001101111111111111111110111101111101111011111111111101111111111111111111011
111111111811111111011111101110001111111111111111110111101111101111011111111111011111111111111111111011
111111118111111110111111101111100011111111111111110111101111101110111111111110111111111111111111111011
111111118111111101111111101111101100000000000000000000000000000000111111111101111111111111111111111011
111111118111110011111111101111101111111111111111111111111111111110000111111011111111111111111110000111
111111118111101111111111101111101111111111111111111111111111111110111011110111111111111111111101111111
111111181111011111111111101111101111111111111111111111111111111110111100110111111111111000000011111111
111111181110111111111111101111101111111111111111111111111111111110111111001111111011110111111111111111
111111181001111111111111101111101111111111111111111111111111111110111110010111111000001111111111111111
111111811011111111111111100000011111111111111111111111111111111111011101111011111010101111111111111111
111111811011111111111111101111011111111111111111111111111111111111101011111101111010101111111111111111
111111811101111111111111101111011111111111111111111111111111111111110111111110111010101111111111111111
111111811101111111111111101111011111111111111111111111111111111111101111111111001010101111111111111111
111118111101111111111111101111011111111111111111111111111111111111011111111111110010101111111111111111
111118111101111111111111100111011111111111111111111111111111111110111111111111111000101111111111111111
111118111101111111111111101000011111111111111111111111111111111101011111111111111000000001111111111111
111181111101111111111111101111011111111111111111111111111111111101101111111000000111111100111111111111
111181111110111111111111101111011111111111111111111111111111111101110111110111111111111101011111111111
111181111110111100000000001111011111111111111111111111111111111011111001101111111111111011101111111111
111181111111000011111111101111011111111111111111111111111111110111111110011111111111111011110111111111
111181111111011111111111101111011000000000011111111111111111101011111101111111111111111011111001111111
111181111111011111111111101111011011111111100000000001111111011101110001111111111111110111111110111111
111181111111011111111111101111011011111111111111011110000000111110001011111111111111101111111111011111
111181111111011111111111101111011011111111111111011111101110011110111011111111111111101111111111101111
111181111111101111111111101111011011111111111111011111011101101101110111111111111111101111111111110111
111181111111110111111111101111000000000000000000001111011101110011110111111111111111101111111111111011
111181111111111011111111101111111111111111111111010000111001110111110111111111111111011111111111111011
111181111111111011111111101111111111111111111110111110111010010111110011111111111110111111111111110111
111181111111111101111111101111111111111111111110111110110111101111110100111111111101111111111111110111
111181111111111101111111101111111111111111111110111101101111110111101111000000111101111111111111110111
111181111000000000000000000000000000111111111110111011101111111011101111111101000000000111111111110111
111181110111111101111111011111110111011111111110000011101111111011101111111101111101111000011111110111
111181001111111101111111011111110111100011111110111011101111111101101111111101111101111111100011101111
111181101111111101111111011111110111111011111110111011101111111101011111111011111011111111111100001111
111181101111111101111111011111110111111011111110111011101111111110111111111000000011111111111111101111
111181110111111110111111011111111011111000000000000111101111111111011111111011110111111111111111111111
111181111011111110111111011111111011111111111111110001101111111111100001111011110111111111111111111111
111181111101111110111111011111111000001111111111111110011111111111011110000111101111111111111111111111
111181111110111110111111011110000011101111111111111110111111111110111111111011011111111111111111111111
111181111111011110000000000001111111101111111111111110111111111101111111111010111111111111111111111111
111181111111011111111111101111111111101111111111111110111111111011111111111100111111111111111111111111
111118111111011111111111101111111111101111111111111110111111111011111111111100111111111111111111111111
111118111111011111111111101111111111101111111111111101111100010111111111111100111111111111111111111111
111118111111011111111111101111111111101111111100000011111011100111000000000000111111111111111111111111
111111811111101111111111101111111111101111110011110100110111110110111111111111011111111111111111111111
111111811111101111111111101111111111101111001111110111000111101101111111111111011111111111111111111111
111111811111101111111111101111111111101000101111110111110000101011111111111111101111111111111111111111
111111181111110111111111101111111100000111101111110111110111000011111111111111101111111111111111111111
111111181111111011111111100000000011101111101111110111110111111000000000000000001111111111111111111111
111111181111111101111111101111111111101111110000000111110111111011111101111111101111111111111111111111
111111181111111101111111101111111111101111111111110111110111110111111011111111101111111111111111111111
111111181111111110111111101111111111101111111111110111110111101111110111111111011111111111111111111111
111111118111111110111111101111111111101111111111110111110111011111110111111110111111111111111111111111
111111118111111110111111101111111111101111111111110111110111011111110111111110111111111111111111111111
111111118111111110111111101111111111101111111111110000000000000011110111111101111111111111111111111111
111111118111111110111111101111111110001111111111110111111111111100001111111101111111111111111111111111
111111111811111111011111100000000001111111111111110111111111111111111111111101111111111111111111111111
111111111811111111011111110111111111111111111111110111111111111111111111111101111111111111111111111111
111111111181111111011111110111111111111111111111110111111111111111111111111101111111111111111111111111
111111111181111111101111110111111111111100000000000001111111111111111111100011111111111111111111111111
111111111118111111110111110111111111111101101110110110000011111110000000011011111111111111111111111111
111111111111811111110111110111111111111101101110110111111100000001111111111011111111111111111111111111
111111111111181111110111100000000000111101101110110111111111111111111111111011111111111111111111111111
111111111111118111111011011110111111011101101110110111111111111111111111111011111111111111111111111111
111111111111111811111100111110110000000000000000110111111111111111111111111011111111111111111111111111
111111111111111181111110111110001111111111111111100000000000000000000001111011111111111111111111111111
111111111111111118111110111111111111000000000000011111111111111111111110000011111111111111111111111111
111111111111111111811111011111110000111111111111111111111111111111111111111111111111111111111111111111
111111111111111111181111011111101111111111111111111111111111111111111111111111111111111111111111111111
111111111111111111118111100000011111111111111111111111111111111111111111111111111111111111111111111111
111111111111111111111811111111111111111111111111111111111111111111111111111111111111111111111111111111
144444444444444444444444444444444444444444444444444444444444444444444444444444444444444444444444444441
144444444444444444444444444444444444444444444444444444444444444444444444444444444444444444444444444441
144444444444444444444444444444444444444444444444444444444444444444444444444444444444444444444444444441
144444444444444444444444444444444444444444444444444444444444444444444444444444444444444444444444444441
144444444444444444444444444444444444444444444444444444444444444444444444444444444444444444444444444441
144444444444444444444444444444444444444444444444444444444444444444444444444444444444444444444444444441
144444444444444444444444444444444444444444444444444444444444444444444444444444444444444444444444444441
144444444444444444444444444444444444444444444444444444444444444444444444444444444444444444444444444441
144444444444444444444444444444444444444444444444444444444444444444444444444444444444444444444444444441
144444444444444444444444444444444444444444444444444444444444444444444444444444444444444444444444444441
111111111111111111111111111111111111111111111111111111111111111111111111111111111111111111111111111111