nodelist [131, 132, 134, 124, 78, 72, 54, 39, 24, 30, 18, 25, 26, 27, 20, 21]
linklist [195, 194, 193, 179, 112, 107, 77, 56, 36, 34, 35, 37, 39, 40, 31]
eva_distance 149.0
eva_height -6.351

nodelist [131, 132, 134, 124, 78, 72, 54, 39, 24, 18, 25, 26, 19, 20, 21]
linklist [195, 194, 193, 179, 112, 107, 77, 56, 33, 35, 37, 38, 20, 31]
eva_distance 143.0
eva_height -6.315

nodelist [131, 132, 134, 124, 78, 72, 54, 39, 24, 43, 44, 30, 18, 25, 26, 19, 20, 21]
linklist [195, 194, 193, 179, 112, 107, 77, 56, 57, 59, 58, 34, 35, 37, 38, 20, 31]
eva_distance 166.0
eva_height -6.455

nodelist [131, 118, 109, 110, 100, 102, 96, 87, 80, 69, 56, 47, 45, 40, 36, 33, 22, 21]
linklist [192, 170, 161, 162, 145, 146, 133, 129, 105, 98, 80, 74, 63, 54, 49, 48, 30]
eva_distance 90.0
eva_height -4.886

nodelist [131, 118, 109, 108, 107, 99, 101, 103, 93, 92, 72, 54, 39, 24, 18, 25, 26, 27, 28, 21]
linklist [192, 170, 160, 158, 157, 155, 153, 152, 138, 136, 107, 77, 56, 33, 35, 37, 39, 42, 41]
eva_distance 140.0
eva_height -5.907

nodelist [131, 132, 134, 124, 78, 72, 73, 53, 54, 39, 24, 43, 46, 49, 44, 30, 18, 25, 26, 19, 20, 21]
linklist [195, 194, 193, 179, 112, 109, 108, 78, 77, 56, 57, 60, 62, 61, 58, 34, 35, 37, 38, 20, 31]
eva_distance 198.0
eva_height -6.462

