nodelist [131, 118, 109, 108, 95, 89, 86, 85, 75, 64, 63, 62, 49, 44, 30, 18, 25, 26, 27, 31, 32, 33, 22, 21]
linklist [192, 170, 160, 159, 142, 127, 126, 123, 113, 94, 92, 90, 61, 58, 34, 35, 37, 39, 44, 45, 47, 48, 30]
eva_distance 139.0
eva_height -5.918

nodelist [131, 118, 109, 108, 95, 89, 86, 85, 75, 64, 63, 62, 49, 44, 30, 18, 25, 26, 27, 20, 21]
linklist [192, 170, 160, 159, 142, 127, 126, 123, 113, 94, 92, 90, 61, 58, 34, 35, 37, 39, 40, 31]
eva_distance 119.0
eva_height -5.667

nodelist [131, 118, 109, 108, 95, 89, 86, 85, 75, 64, 63, 62, 49, 44, 30, 18, 25, 26, 27, 31, 32, 28, 21]
linklist [192, 170, 160, 159, 142, 127, 126, 123, 113, 94, 92, 90, 61, 58, 34, 35, 37, 39, 44, 45, 46, 41]
eva_distance 127.0
eva_height -5.733

nodelist [131, 132, 134, 124, 78, 72, 54, 39, 24, 30, 18, 25, 26, 27, 31, 32, 33, 22, 21]
linklist [195, 194, 193, 179, 112, 107, 77, 56, 36, 34, 35, 37, 39, 44, 45, 47, 48, 30]
eva_distance 169.0
eva_height -6.477

nodelist [131, 118, 109, 108, 95, 89, 86, 85, 75, 64, 63, 62, 49, 46, 43, 44, 30, 18, 25, 26, 27, 31, 32, 28, 21]
linklist [192, 170, 160, 159, 142, 127, 126, 123, 113, 94, 92, 90, 62, 60, 59, 58, 34, 35, 37, 39, 44, 45, 46, 41]
eva_distance 137.0
eva_height -5.847

nodelist [131, 132, 134, 124, 78, 72, 54, 39, 24, 30, 18, 25, 26, 27, 20, 21]
linklist [195, 194, 193, 179, 112, 107, 77, 56, 36, 34, 35, 37, 39, 40, 31]
eva_distance 149.0
eva_height -6.351

nodelist [131, 132, 134, 124, 78, 72, 54, 39, 24, 30, 18, 25, 26, 27, 31, 32, 28, 21]
linklist [195, 194, 193, 179, 112, 107, 77, 56, 36, 34, 35, 37, 39, 44, 45, 46, 41]
eva_distance 157.0
eva_height -6.37

nodelist [131, 132, 134, 124, 78, 72, 54, 39, 24, 18, 25, 26, 27, 28, 21]
linklist [195, 194, 193, 179, 112, 107, 77, 56, 33, 35, 37, 39, 42, 41]
eva_distance 143.0
eva_height -6.272

nodelist [131, 132, 134, 124, 78, 72, 54, 39, 24, 43, 44, 30, 18, 25, 26, 27, 31, 32, 33, 22, 21]
linklist [195, 194, 193, 179, 112, 107, 77, 56, 57, 59, 58, 34, 35, 37, 39, 44, 45, 47, 48, 30]
eva_distance 186.0
eva_height -6.548

nodelist [131, 132, 134, 124, 78, 72, 54, 39, 24, 18, 25, 26, 27, 31, 32, 33, 22, 21]
linklist [195, 194, 193, 179, 112, 107, 77, 56, 33, 35, 37, 39, 44, 45, 47, 48, 30]
eva_distance 163.0
eva_height -6.438

