nodelist [131, 132, 134, 124, 78, 72, 54, 39, 24, 30, 18, 25, 26, 27, 20, 21]
linklist [195, 194, 193, 179, 112, 107, 77, 56, 36, 34, 35, 37, 39, 40, 31]
eva_distance 149.0
eva_height -6.351

nodelist [131, 118, 109, 108, 95, 89, 68, 60, 55, 47, 45, 40, 36, 33, 32, 31, 27, 28, 21]
linklist [192, 170, 160, 159, 142, 128, 97, 83, 79, 74, 63, 54, 49, 47, 45, 44, 42, 41]
eva_distance 88.0
eva_height -5.178

nodelist [131, 132, 134, 124, 78, 72, 54, 39, 24, 18, 25, 26, 19, 20, 21]
linklist [195, 194, 193, 179, 112, 107, 77, 56, 33, 35, 37, 38, 20, 31]
eva_distance 143.0
eva_height -6.315

nodelist [131, 132, 134, 124, 78, 72, 54, 39, 24, 30, 18, 25, 26, 27, 31, 32, 28, 21]
linklist [195, 194, 193, 179, 112, 107, 77, 56, 36, 34, 35, 37, 39, 44, 45, 46, 41]
eva_distance 157.0
eva_height -6.37

