nodelist [131, 118, 109, 108, 95, 89, 68, 60, 55, 47, 45, 37, 36, 33, 32, 31, 27, 26, 19, 20, 21]
linklist [192, 170, 160, 159, 142, 128, 97, 83, 79, 74, 64, 53, 49, 47, 45, 44, 39, 38, 20, 31]
eva_distance 100.0
eva_height -5.506

nodelist [131, 118, 109, 108, 95, 89, 68, 60, 55, 47, 45, 37, 36, 33, 32, 31, 27, 20, 21]
linklist [192, 170, 160, 159, 142, 128, 97, 83, 79, 74, 64, 53, 49, 47, 45, 44, 40, 31]
eva_distance 94.0
eva_height -5.321

nodelist [131, 118, 109, 108, 95, 89, 68, 60, 55, 47, 45, 37, 36, 29, 22, 21]
linklist [192, 170, 160, 159, 142, 128, 97, 83, 79, 74, 64, 53, 50, 29, 30]
eva_distance 84.0
eva_height -5.116

nodelist [131, 118, 109, 108, 95, 89, 68, 60, 55, 47, 45, 40, 36, 33, 32, 31, 30, 24, 18, 25, 26, 19, 20, 21]
linklist [192, 170, 160, 159, 142, 128, 97, 83, 79, 74, 63, 54, 49, 47, 45, 43, 36, 33, 35, 37, 38, 20, 31]
eva_distance 134.0
eva_height -6.177

nodelist [131, 118, 109, 108, 95, 89, 86, 77, 67, 64, 63, 62, 49, 46, 53, 54, 39, 24, 18, 25, 26, 27, 28, 21]
linklist [192, 170, 160, 159, 142, 127, 124, 114, 95, 94, 92, 90, 62, 76, 78, 77, 56, 33, 35, 37, 39, 42, 41]
eva_distance 157.0
eva_height -6.249

