nodelist [131, 118, 109, 108, 95, 89, 86, 85, 75, 64, 63, 62, 49, 46, 43, 24, 18, 25, 26, 19, 20, 21]
linklist [192, 170, 160, 159, 142, 127, 126, 123, 113, 94, 92, 90, 62, 60, 57, 33, 35, 37, 38, 20, 31]
eva_distance 126.0
eva_height -5.856

nodelist [131, 132, 134, 124, 78, 72, 54, 39, 24, 18, 25, 26, 27, 31, 32, 33, 22, 21]
linklist [195, 194, 193, 179, 112, 107, 77, 56, 33, 35, 37, 39, 44, 45, 47, 48, 30]
eva_distance 163.0
eva_height -6.438

nodelist [131, 132, 134, 124, 78, 72, 54, 39, 24, 30, 18, 25, 26, 19, 20, 21]
linklist [195, 194, 193, 179, 112, 107, 77, 56, 36, 34, 35, 37, 38, 20, 31]
eva_distance 149.0
eva_height -6.364

nodelist [131, 132, 134, 124, 78, 72, 54, 39, 24, 30, 18, 25, 26, 27, 31, 32, 33, 22, 21]
linklist [195, 194, 193, 179, 112, 107, 77, 56, 36, 34, 35, 37, 39, 44, 45, 47, 48, 30]
eva_distance 169.0
eva_height -6.477

nodelist [131, 132, 134, 124, 78, 72, 54, 39, 24, 18, 25, 26, 19, 20, 21]
linklist [195, 194, 193, 179, 112, 107, 77, 56, 33, 35, 37, 38, 20, 31]
eva_distance 143.0
eva_height -6.315

nodelist [131, 118, 109, 108, 95, 89, 86, 85, 75, 64, 63, 62, 49, 44, 30, 24, 18, 25, 26, 19, 20, 21]
linklist [192, 170, 160, 159, 142, 127, 126, 123, 113, 94, 92, 90, 61, 58, 36, 33, 35, 37, 38, 20, 31]
eva_distance 125.0
eva_height -5.809

nodelist [131, 118, 109, 108, 95, 89, 68, 60, 55, 47, 45, 37, 36, 33, 32, 31, 30, 24, 18, 25, 26, 19, 20, 21]
linklist [192, 170, 160, 159, 142, 128, 97, 83, 79, 74, 64, 53, 49, 47, 45, 43, 36, 33, 35, 37, 38, 20, 31]
eva_distance 140.0
eva_height -6.2

nodelist [131, 118, 109, 108, 95, 89, 86, 77, 67, 64, 63, 62, 49, 44, 30, 18, 25, 26, 19, 20, 21]
linklist [192, 170, 160, 159, 142, 127, 124, 114, 95, 94, 92, 90, 61, 58, 34, 35, 37, 38, 20, 31]
eva_distance 121.0
eva_height -5.685

nodelist [131, 132, 134, 124, 78, 72, 54, 39, 24, 43, 46, 49, 44, 30, 18, 25, 26, 27, 31, 32, 33, 36, 29, 22, 21]
linklist [195, 194, 193, 179, 112, 107, 77, 56, 57, 60, 62, 61, 58, 34, 35, 37, 39, 44, 45, 47, 49, 50, 29, 30]
eva_distance 204.0
eva_height -6.586

nodelist [131, 118, 109, 108, 95, 89, 68, 60, 55, 47, 45, 37, 36, 29, 22, 21]
linklist [192, 170, 160, 159, 142, 128, 97, 83, 79, 74, 64, 53, 50, 29, 30]
eva_distance 84.0
eva_height -5.116

nodelist [131, 132, 134, 124, 78, 72, 54, 39, 24, 43, 44, 30, 18, 25, 26, 19, 20, 21]
linklist [195, 194, 193, 179, 112, 107, 77, 56, 57, 59, 58, 34, 35, 37, 38, 20, 31]
eva_distance 166.0
eva_height -6.455

nodelist [131, 132, 134, 124, 78, 72, 54, 39, 24, 43, 44, 30, 18, 25, 26, 27, 31, 32, 33, 36, 29, 22, 21]
linklist [195, 194, 193, 179, 112, 107, 77, 56, 57, 59, 58, 34, 35, 37, 39, 44, 45, 47, 49, 50, 29, 30]
eva_distance 194.0
eva_height -6.573

nodelist [131, 118, 109, 108, 95, 89, 68, 60, 55, 47, 45, 37, 36, 33, 32, 31, 27, 26, 19, 20, 21]
linklist [192, 170, 160, 159, 142, 128, 97, 83, 79, 74, 64, 53, 49, 47, 45, 44, 39, 38, 20, 31]
eva_distance 100.0
eva_height -5.506

nodelist [131, 118, 109, 108, 95, 89, 68, 60, 55, 47, 45, 40, 36, 29, 22, 21]
linklist [192, 170, 160, 159, 142, 128, 97, 83, 79, 74, 63, 54, 50, 29, 30]
eva_distance 78.0
eva_height -4.992

nodelist [131, 118, 109, 108, 95, 89, 86, 85, 75, 64, 63, 62, 49, 44, 30, 18, 25, 26, 19, 20, 21]
linklist [192, 170, 160, 159, 142, 127, 126, 123, 113, 94, 92, 90, 61, 58, 34, 35, 37, 38, 20, 31]
eva_distance 119.0
eva_height -5.683

nodelist [131, 132, 134, 124, 78, 72, 54, 39, 24, 43, 44, 30, 18, 25, 26, 27, 31, 32, 33, 22, 21]
linklist [195, 194, 193, 179, 112, 107, 77, 56, 57, 59, 58, 34, 35, 37, 39, 44, 45, 47, 48, 30]
eva_distance 186.0
eva_height -6.548

nodelist [131, 118, 109, 108, 95, 89, 68, 60, 55, 47, 45, 37, 36, 33, 32, 31, 30, 18, 25, 26, 19, 20, 21]
linklist [192, 170, 160, 159, 142, 128, 97, 83, 79, 74, 64, 53, 49, 47, 45, 43, 34, 35, 37, 38, 20, 31]
eva_distance 134.0
eva_height -6.106

nodelist [131, 132, 134, 124, 78, 72, 54, 39, 24, 18, 30, 31, 27, 26, 19, 20, 21]
linklist [195, 194, 193, 179, 112, 107, 77, 56, 33, 34, 43, 44, 39, 38, 20, 31]
eva_distance 159.0
eva_height -6.378

nodelist [131, 118, 109, 108, 95, 89, 68, 60, 55, 47, 45, 40, 36, 33, 32, 31, 27, 20, 21]
linklist [192, 170, 160, 159, 142, 128, 97, 83, 79, 74, 63, 54, 49, 47, 45, 44, 40, 31]
eva_distance 88.0
eva_height -5.225

nodelist [131, 132, 134, 124, 78, 72, 54, 39, 24, 30, 18, 25, 26, 27, 31, 32, 33, 36, 29, 22, 21]
linklist [195, 194, 193, 179, 112, 107, 77, 56, 36, 34, 35, 37, 39, 44, 45, 47, 49, 50, 29, 30]
eva_distance 177.0
eva_height -6.508

nodelist [131, 118, 109, 108, 95, 89, 68, 60, 55, 47, 45, 40, 36, 33, 32, 31, 30, 18, 25, 26, 19, 20, 21]
linklist [192, 170, 160, 159, 142, 128, 97, 83, 79, 74, 63, 54, 49, 47, 45, 43, 34, 35, 37, 38, 20, 31]
eva_distance 128.0
eva_height -6.077

nodelist [131, 118, 109, 108, 95, 89, 68, 60, 55, 47, 45, 40, 36, 33, 32, 31, 27, 26, 19, 20, 21]
linklist [192, 170, 160, 159, 142, 128, 97, 83, 79, 74, 63, 54, 49, 47, 45, 44, 39, 38, 20, 31]
eva_distance 94.0
eva_height -5.428

nodelist [131, 132, 134, 124, 78, 72, 54, 39, 24, 30, 18, 25, 26, 27, 31, 32, 28, 21]
linklist [195, 194, 193, 179, 112, 107, 77, 56, 36, 34, 35, 37, 39, 44, 45, 46, 41]
eva_distance 157.0
eva_height -6.37

