nodelist [131, 132, 134, 124, 121, 114, 103, 93, 73, 53, 46, 49, 44, 30, 18, 25, 26, 27, 28, 21]
linklist [195, 194, 193, 178, 171, 167, 152, 137, 108, 76, 62, 61, 58, 34, 35, 37, 39, 42, 41]
eva_distance 133.0
eva_height -5.137

nodelist [131, 132, 134, 124, 78, 72, 73, 53, 54, 39, 24, 43, 46, 49, 44, 30, 18, 25, 26, 27, 31, 32, 33, 22, 21]
linklist [195, 194, 193, 179, 112, 109, 108, 78, 77, 56, 57, 60, 62, 61, 58, 34, 35, 37, 39, 44, 45, 47, 48, 30]
eva_distance 218.0
eva_height -6.54

nodelist [131, 118, 109, 110, 100, 94, 96, 87, 90, 81, 71, 69, 56, 47, 45, 37, 36, 29, 22, 21]
linklist [192, 170, 161, 162, 143, 134, 133, 130, 121, 118, 101, 98, 80, 74, 64, 53, 50, 29, 30]
eva_distance 110.0
eva_height -4.948

nodelist [131, 132, 134, 124, 78, 72, 54, 39, 24, 43, 44, 30, 18, 25, 26, 19, 20, 21]
linklist [195, 194, 193, 179, 112, 107, 77, 56, 57, 59, 58, 34, 35, 37, 38, 20, 31]
eva_distance 166.0
eva_height -6.455

nodelist [131, 132, 134, 124, 78, 72, 54, 39, 24, 30, 18, 25, 26, 27, 31, 32, 33, 22, 21]
linklist [195, 194, 193, 179, 112, 107, 77, 56, 36, 34, 35, 37, 39, 44, 45, 47, 48, 30]
eva_distance 169.0
eva_height -6.477

nodelist [131, 132, 134, 124, 78, 72, 54, 39, 24, 30, 18, 25, 26, 19, 20, 21]
linklist [195, 194, 193, 179, 112, 107, 77, 56, 36, 34, 35, 37, 38, 20, 31]
eva_distance 149.0
eva_height -6.364

