nodelist [131, 132, 134, 124, 78, 72, 54, 39, 24, 18, 25, 26, 19, 20, 21]
linklist [195, 194, 193, 179, 112, 107, 77, 56, 33, 35, 37, 38, 20, 31]
eva_distance 143.0
eva_height -6.315

nodelist [131, 118, 109, 108, 95, 89, 86, 85, 75, 77, 67, 64, 63, 62, 49, 44, 30, 18, 25, 26, 19, 20, 21]
linklist [192, 170, 160, 159, 142, 127, 126, 123, 115, 114, 95, 94, 92, 90, 61, 58, 34, 35, 37, 38, 20, 31]
eva_distance 128.0
eva_height -5.61

nodelist [131, 132, 134, 124, 78, 72, 54, 39, 24, 30, 18, 25, 26, 19, 20, 21]
linklist [195, 194, 193, 179, 112, 107, 77, 56, 36, 34, 35, 37, 38, 20, 31]
eva_distance 149.0
eva_height -6.364

nodelist [131, 118, 109, 110, 100, 94, 96, 87, 80, 69, 56, 47, 45, 40, 36, 33, 32, 28, 21]
linklist [192, 170, 161, 162, 143, 134, 133, 129, 105, 98, 80, 74, 63, 54, 49, 47, 46, 41]
eva_distance 90.0
eva_height -4.805

