nodelist [131, 118, 109, 110, 111, 104, 97, 98, 82, 76, 71, 81, 90, 87, 80, 69, 56, 47, 45, 40, 36, 33, 32, 28, 21]
linklist [192, 170, 161, 163, 164, 147, 135, 132, 119, 102, 118, 121, 130, 129, 105, 98, 80, 74, 63, 54, 49, 47, 46, 41]
eva_distance 127.0
eva_height -4.557

nodelist [131, 132, 134, 124, 78, 72, 54, 39, 24, 18, 25, 26, 27, 28, 21]
linklist [195, 194, 193, 179, 112, 107, 77, 56, 33, 35, 37, 39, 42, 41]
eva_distance 143.0
eva_height -6.272

nodelist [131, 132, 134, 124, 78, 72, 54, 39, 24, 30, 18, 25, 26, 19, 20, 21]
linklist [195, 194, 193, 179, 112, 107, 77, 56, 36, 34, 35, 37, 38, 20, 31]
eva_distance 149.0
eva_height -6.364

nodelist [131, 118, 109, 108, 95, 89, 86, 77, 67, 64, 58, 57, 63, 62, 49, 46, 43, 44, 30, 31, 27, 28, 21]
linklist [192, 170, 160, 159, 142, 127, 124, 114, 95, 93, 84, 91, 92, 90, 62, 60, 59, 58, 43, 44, 42, 41]
eva_distance 138.0
eva_height -5.593

