111111111111111111111111111111111111111111111111111111111111111111111111111111111111111111111111111111
111111111111111111111111111111111111111111111111111111111111111111111111111181111111111111111111111111
111111111111111111111111111111111111111111111111111111888888888888888888888811011111111111111111111111
111111111111111111111111111111111111111111111888888888111111111111111111111110000000000000000000000011
111111111111111111111111111111111111111111888111111111111011111111111111111101101111111111111111110011
111111111111111111111111111111111111111188111111111111110101111111111111111011110111111111111111001011
111111111111111111111111111111111111888811111111111110001110111110001111110111110111111111111110111011
111111111111111111111111111111118888111111111111111110011111000001110111101111110111111111111101111011
111111111111111111111111111888881111111111111111111110101111011111111010011111111011111111111011111011
111111111111111111111111118111111111111111111111111101101111011111111101111111111101111111110111111011
111111111111111111111111811111111111111111111111111011101111101111111010000011100011111111101111111011
111111111111111111111181111111111111111111111000000011101111101111110111111100001111111000011111111011
111111111111111111118111111111111111110000000110111011101111101000001111111110110001110111111111111011
111111111111111111181111111111111110001111111110110111101111100111110011111101111110001111111111111011
111111111111111111811111111111111101111111111110110111101111101111111100110011111111011111111111111011
111111111111111181111111111111111011111111111110110111101111101111111111000000111110111111111111111011
111111111111111811111111111111100011111111111110000000000000001111111111011111011101111111111111111011
111111111111118111111111111000001101111111111110110111101111100000111110111111101101111111111111111011
111111111111811111111111110111101110011111111110110111101111101111011101111111110011111111111111111011
111111111118111111111111100111101111100000000000000000001111101111100011111111110111111111111111111011
111111111181111111111000001001101111111111111111110111101111101111011111111111101111111111111111111011
111111111811111111110111101110101111111111111111110111101111101110111111111111011111111111111111111011
111111118111111110001111101111000111111111111111110111101111101110111111111110111111111111111111111011
111111118111110001111111101111101000000000000000000000000000001110111111111101111111111111110000000011
111111118111101111111111101111101111111111111111111111111111110000011111111011111111111111101111111111
111111118111011111111111101111011111111111111111111111111111111110101111111011111111111111011111111111
111111181110111111111111101111011111111111111111111111111111111110110111110111111111111000111111111111
111111181101111111111111101111011111111111111111111111111111111110111000001111111011110111111111111111
111111181011111111111111101111011111111111111111111111111111111110111110110111111000001111111111111111
111111811011111111111111100001011111111111111111111111111111111111011101111011111010101111111111111111
111111811011111111111111101110011111111111111111111111111111111111101011111101111010101111111111111111
111111811011111111111111101111011111111111111111111111111111111111110111111110111010101111111111111111
111111811011111111111111101111011111111111111111111111111111111111101111111111001010101111111111111111
111118111011111111111111101111011111111111111111111111111111111111011111111111110010101111111111111111
111118111011111111111111101111011111111111111111111111111111111110111111111111111000101111111111111111
111118111101111111111111100000011111111111111111111111111111111101011111111111111100000001111111111111
111181111110111111111111101111011111111111111111111111111111111101100111111111111011111100111111111111
111181111111011111111111101111011111111111111111111111111111111011111011111110000111111101001111111111
111181111111011100000000001111011111111111111111111111111111110111111101111101111111111101110111111111
111181111111000011111111101111011111111111111111111111111111110111111110000011111111111011111011111111
111181111111101111111111101111011000000000001111111111111111101001111000111111111111110111111101111111
111181111111101111111111101111011011111111110000011111111111011110110110111111111111110111111110111111
111181111111110111111111101111011011111111111111000000000000111111001110111111111111101111111111011111
111181111111110111111111101111011011111111111111011111101110001110111110111111111111011111111111101111
111181111111110111111111101111011011111111111111011111011110110101111101111111111111011111111111110111
111181111111110111111111101111000000000000000000011110111101111011111011111111111110111111111111111011
111181111111110111111111101111111111111111111111000000111011110111110111111111111110111111111111111011
111181111111111011111111101111111111111111111111011101111000101111110000001111111110111111111111111011
111181111111111011111111011111111111111111111111011101111011001111110111110111111110111111111111111011
111181111111111011111111011111111111111111111111011011110111110111110111111000111110111111111111111011
111181111111100000000000000000000111111111111110001011110111111011110111111101000000011111111111110111
111181110000011101111111011111110000000111111110110011110111111011110111111101111011100001111111110111
111181001111111101111111011111111011111011111110111011110111111101101111111011111011111110001111110111
111181011111111101111111011111111011111011111110110111110111111110011111111011111011111111110000101111
111181101111111101111111101111111011111011111110110111110111111110111111111000000011111111111111001111
111181101111111101111111101111111011111000000000010111101111111111011111111011111011111111111111111111
111181110111111101111111101111111011111111111111100111011111111111100111110111111011111111111111111111
111181110111111110111111101111111010001111111111111000011111111111101000000111111011111111111111111111
111181111011111110111111101111110001101111111111111110111111111111011111110111111011111111111111111111
111181111011111110000000000000001111101111111111111110111111111111011111110111110111111111111111111111
111181111101111111111111101111111111101111111111111101111111111110111111110111101111111111111111111111
111118111110111111111111101111111111101111111111111101111111111101111111111011011111111111111111111111
111118111111011111111111101111111111101111111111111101111101111011111111111101011111111111111111111111
111118111111011111111111101111111111101111111000000001111100000111000000000000111111111111111111111111
111111811111011111111111101111111111101111100111111010011101110111011111111110111111111111111111111111
111111811111011111111111101111111111101110011111111011101011110110111111111110111111111111111111111111
111111811111101111111111101111111111100001011111111011110011101110111111111111011111111111111111111111
111111181111110111111111101111111000001111101111111011110100011101111111111111011111111111111111111111
111111181111110111111111100000000111101111110111110111110111100000000000000000001111111111111111111111
111111181111110111111111101111111111101111110000000111110111111011111011111111101111111111111111111111
111111181111111011111111101111111111101111111111110111110111111011111011111111101111111111111111111111
111111181111111101111111101111111111101111111111110111110111110111111011111111011111111111111111111111
111111118111111101111111101111111111101111111111110111110111110111111011111111011111111111111111111111
111111118111111101111111101111111111101111111111110111110111101111110111111110111111111111111111111111
111111118111111101111111101111111111101111111111110000000000000000001111111110111111111111111111111111
111111118111111110111111101111111110001111111111110111111111111111101111111110111111111111111111111111
111111111811111111011111100000000001111111111111110111111111111111111111111101111111111111111111111111
111111111811111111101111101111111111111111111111110111111111111111111111111011111111111111111111111111
111111111181111111110111101111111111111111111111110111111111111111111111111011111111111111111111111111
111111111181111111111011101111111111111100000000000000111111111111111111110011111111111111111111111111
111111111118111111111011110111111111111101101110110111000011111100000000001011111111111111111111111111
111111111111811111111011110111111111111101101110110111111100000011111111111011111111111111111111111111
111111111111181111111011000000000000111101101110110111111111111111111111111011111111111111111111111111
111111111111118111111100111110111111011101101110110111111111111111111111111011111111111111111111111111
111111111111111811111101111110111100000000000000110111111111111111111111111011111111111111111111111111
111111111111111181111101111110000011111111111111110000001111111111111111111011111111111111111111111111
111111111111111118111110111111111110000000000000001111110000000000000000000011111111111111111111111111
111111111111111111811111011111100001111111111111111111111111111111111111111111111111111111111111111111
111111111111111111181111010000011111111111111111111111111111111111111111111111111111111111111111111111
111111111111111111118111101111111111111111111111111111111111111111111111111111111111111111111111111111
111111111111111111111811111111111111111111111111111111111111111111111111111111111111111111111111111111
144444444444444444444444444444444444444444444444444444444444444444444444444444444444444444444444444441
144444444444444444444444444444444444444444444444444444444444444444444444444444444444444444444444444441
144444444444444444444444444444444444444444444444444444444444444444444444444444444444444444444444444441
144444444444444444444444444444444444444444444444444444444444444444444444444444444444444444444444444441
144444444444444444444444444444444444444444444444444444444444444444444444444444444444444444444444444441
144444444444444444444444444444444444444444444444444444444444444444444444444444444444444444444444444441
144444444444444444444444444444444444444444444444444444444444444444444444444444444444444444444444444441
144444444444444444444444444444444444444444444444444444444444444444444444444444444444444444444444444441
144444444444444444444444444444444444444444444444444444444444444444444444444444444444444444444444444441
144444444444444444444444444444444444444444444444444444444444444444444444444444444444444444444444444441
111111111111111111111111111111111111111111111111111111111111111111111111111111111111111111111111111111