111111111111111111111111111111111111111111111111111111111111111111111111111111111111111111111111111111
111111111111111111111111111111111111111111111111111111111111111111111111111181111111111111111111111111
111111111111111111111111111111111111111111111111111111888888888888888888888811000111111111111111111111
111111111111111111111111111111111111111111111888888888111111111111111111111110101000000000000000000011
111111111111111111111111111111111111111111888111111111111011111111111111111001101111111111111111100011
111111111111111111111111111111111111111188111111111111100101111111111111110111110111111111111111011011
111111111111111111111111111111111111888811111111111110011110111111001111101111110111111111111110111011
111111111111111111111111111111118888111111111111111110111111000000110111011111110111111111111101111011
111111111111111111111111111888881111111111111111111110011111011111111010111111111011111111111011111011
111111111111111111111111118111111111111111111111111101101111011111111100111111111101111111110111111011
111111111111111111111111811111111111111111111111110011101111011111111011000011110011111111001111111011
111111111111111111111181111111111111111111110000001011101111011111110111111100000111111000111111111011
111111111111111111118111111111111111111000001101111011101111101000000111111110111011110111111111111011
111111111111111111181111111111111111100111111101110111101111100111111011111101111100001111111111111011
111111111111111111811111111111111100011111111110110111101111101111111101111011111111011111111111111011
111111111111111181111111111111110011111111111110110111101111101111111110000111111110111111111111111011
111111111111111811111111111111100001111111111110000000000000001111111111011011111101111111111111111011
111111111111118111111111111111001110111111111110110111101111100011111110111100111011111111111111111011
111111111111811111111111111000101111011111111110110111101111101100111001111111000011111111111111111011
111111111118111111111111100111101111100000000000000000001111101111000111111111110111111111111111111011
111111111181111111111100001011101111111111111111110111101111101111011111111111101111111111111111111011
111111111811111111110011101100101111111111111111110111101111101110111111111111011111111111111111111011
111111118111111111001111101111000000000000000001110111101111101110111111111110111111111111111111111011
111111118111111100111111101111101111111111111110000000000000000110111111111101111111111111111111111011
111111118111111011111111101111101111111111111111111111111111111000111111111011111111111111111000000111
111111118111110111111111101111101111111111111111111111111111111110001111110111111111111111000111111111
111111181111101111111111101111101111111111111111111111111111111110110000110111111111111000111111111111
111111181111011111111111101111011111111111111111111111111111111110111111000111111011110111111111111111
111111181000111111111111101111011111111111111111111111111111111110111110111011111000001111111111111111
111111811011111111111111100000011111111111111111111111111111111111011101111101111010101111111111111111
111111811011111111111111101111011111111111111111111111111111111111101011111110111010101111111111111111
111111811011111111111111101111011111111111111111111111111111111111110111111111011010101111111111111111
111111811011111111111111101111011111111111111111111111111111111111101111111111101010101111111111111111
111118111101111111111111101111011111111111111111111111111111111111011111111111110010101111111111111111
111118111101111111111111100000011111111111111111111111111111111110111111111111111000101111111111111111
111118111101111111111111101111011111111111111111111111111111111101011111111111111100000001111111111111
111181111101111111111111101111011111111111111111111111111111111011101111111111111011111010011111111111
111181111110111111111111101111011111111111111111111111111111110111110011111110000111111011101111111111
111181111110111111000000001111011111111111111111111111111111110111111101000001111111110111110111111111
111181111111000000111111101111011111111111111111111111111111110111111000111111111111101111111011111111
111181111111011111111111101111011011111111111111111111111111101011110110111111111111101111111101111111
111181111111011111111111101111011000000000000000000111111111011101101110111111111111011111111110111111
111181111111011111111111101111011011111111111111011000000000111110011101111111111111011111111111011111
111181111111011111111111101111011011111111111111011111011101011110111011111111111111011111111111101111
111181111111011111111111101111011011111111111111011110111011101101111011111111111110111111111111110111
111181111111101111111111101111000000000000000000000010111011110011110111111111111110111111111111111011
111181111111110111111111011111111111111111111111011100111011110111110111111111111110111111111111111011
111181111111111011111111011111111111111111111111011110111000101111110000111111111110111111111111110111
111181111111111101111111011111111111111111111111011110111011001111101111011111111101111111111111110111
111181111111111101111111011111111111111111111110111101111011110111011111100000000101111111111111110111
111181111110000000000000000000000001111111111110000101111011111011011111111101111001111111111111110111
111181110001111101111111011111110110001111111110111011110111111011011111111101111010011111111111110111
111181001111111101111111011111110111110011111110110111110111111011011111111101111011100000000001101111
111181101111111110111111011111111011111011111110110111110111111100111111111011111011111111111110001111
111181110111111110111111011111111011111011111110110111101111111110111111111000000011111111111111101111
111181111011111110111111101111111011111000000000010111011111111111011111110111111011111111111111111111
111181111101111110111111101111111011111111111111100000011111111111100000010111111011111111111111111111
111181111101111110111111101111111000001111111111111111011111111111011111100111111011111111111111111111
111181111101111110111111101111110011101111111111111110111111111111011111110111111011111111111111111111
111181111101111110000000000000001111101111111111111110111111111110111111110111110111111111111111111111
111181111110111111111111101111111111101111111111111110111111111110111111111011101111111111111111111111
111118111110111111111111101111111111101111111111111101111111111101111111111011011111111111111111111111
111118111111011111111111101111111111101111111111111011111100001011111111111101011111111111111111111111
111118111111101111111111101111111111101111111111000001111011110111000000000000111111111111111111111111
111111811111110111111111101111111111101111111100111010111011101111011111111111011111111111111111111111
111111811111110111111111101111111111101111000011111011010111101110111111111111011111111111111111111111
111111811111110111111111101111111111101100011111110111100000011101111111111111011111111111111111111111
111111181111111011111111101111111110000011101111110111110111011011111111111111101111111111111111111111
111111181111111101111111100000000001101111110111110111110111100000000000000000001111111111111111111111
111111181111111101111111101111111111101111110000000111110111110111111101111111101111111111111111111111
111111181111111110111111101111111111101111111111110111110111101111111101111111101111111111111111111111
111111181111111111011111101111111111101111111111110111110111101111111011111111011111111111111111111111
111111118111111111011111101111111111101111111111110111110111011111111011111111011111111111111111111111
111111118111111111101111101111111111101111111111110111110111011111110111111111011111111111111111111111
111111118111111111101111101111111111101111111111110000000000000000110111111110111111111111111111111111
111111118111111111101111101111111100001111111111110111111111111111001111111110111111111111111111111111
111111111811111111110111100000000011111111111111110111111111111111111111111101111111111111111111111111
111111111811111111110111101111111111111111111111110111111111111111111111111101111111111111111111111111
111111111181111111110111110111111111111111111111110111111111111111111111111101111111111111111111111111
111111111181111111110111110111111111111100000000000111111111111111111100000011111111111111111111111111
111111111118111111110111110111111111111101101110110000000111111111111011111011111111111111111111111111
111111111111811111111011110111111111111101101110110111111000000000000111111011111111111111111111111111
111111111111181111111011100000000000111101101110110111111111111111111111111011111111111111111111111111
111111111111118111111101011110111110111101101110110111111111111111111111111011111111111111111111111111
111111111111111811111100111110111110000000000000110111111111111111111111111011111111111111111111111111
111111111111111181111101111110000001111111111111100000000000001111111111111011111111111111111111111111
111111111111111118111110111111111111111000000000011111111111110000000000000011111111111111111111111111
111111111111111111811111011100000000000111111111111111111111111111111111111111111111111111111111111111
111111111111111111181111011011111111111111111111111111111111111111111111111111111111111111111111111111
111111111111111111118111100111111111111111111111111111111111111111111111111111111111111111111111111111
111111111111111111111811111111111111111111111111111111111111111111111111111111111111111111111111111111
144444444444444444444444444444444444444444444444444444444444444444444444444444444444444444444444444441
144444444444444444444444444444444444444444444444444444444444444444444444444444444444444444444444444441
144444444444444444444444444444444444444444444444444444444444444444444444444444444444444444444444444441
144444444444444444444444444444444444444444444444444444444444444444444444444444444444444444444444444441
144444444444444444444444444444444444444444444444444444444444444444444444444444444444444444444444444441
144444444444444444444444444444444444444444444444444444444444444444444444444444444444444444444444444441
144444444444444444444444444444444444444444444444444444444444444444444444444444444444444444444444444441
144444444444444444444444444444444444444444444444444444444444444444444444444444444444444444444444444441
144444444444444444444444444444444444444444444444444444444444444444444444444444444444444444444444444441
144444444444444444444444444444444444444444444444444444444444444444444444444444444444444444444444444441
111111111111111111111111111111111111111111111111111111111111111111111111111111111111111111111111111111