111111111111111111111111111111111111111111111111111111111111111111111111111111111111111111111111111111
111111111111111111111111111111111111111111111111111111111111111111111111111111111111111111111111111111
111111111111111111111111111111111111111111111111111111111111111111111111111110000000000000000111111111
111111111111111111111111111111111111111111111111111111111111111111111111111101011111111111111000000011
111111111111111111111111111111111111111111111111111111111011111111111111111011101111111111111111100011
111111111111111111111111111111111111111111111111111111100101111111111111110111101111111111111111011011
111111111111111111111111111111111111111111111111111110011110111100001111101111101111111111111110111011
111111111111111111111111111111111111111111111111111100111111000011110111011111110111111111111101111011
111111111111111111111111111111111111111111111111111101011111011111111010111111111011111111111011111011
111111111111111111111111111111111111111111111111111011101111101111111100000011111001111111110111111011
111111111111111111111111111111111111111111111111100011101111101111111011111100100111111111001111111011
111111111111111111111111111111111111111111000000010111101111101111110111111111001111111000111111111011
111111111111111111111111111111111111110000111101110111101111101100001111111110110001110111111111111011
111111111111111111111111111111111110001111111110110111101111100011110111111101111110001111111111111011
111111111111111111111111111111111001111111111110110111101111101111111000110011111111011111111111111011
111111111111111111111111111111110111111111111110110111101111101111111110000111111111011111111111111011
111111111111111111111111111111100001111111111110000000000000001111111101111000111110111111111111111011
111111111111111111111111111111001110111111111110110111101111100011111011111111000101111111111111111011
111111111111111111111111110000101111011111111110110111101111101100010111111111111011111111111111111011
111111111111111111111111101111101111100000000000000000001111101111101111111111110111111111111111111011
111111111111111111111111000111101111111111111111110111101111101111011111111111101111111111111111111011
111111111111111111111100101000101111111111111111110111101111101110111111111111011111111111111111111011
111111111111111111110011101111000000000000000000010111101111101110111111111110111111111111111111111011
111111111111111111101111101111101111111111111111100000000000000000111111111101111111111111111111110011
111111111111111111011111101111101111111111111111111111111111111110001111111011111111111111100000001111
111111111111111000111111101111101111111111111111111111111111111110110111110111111111111111011111111111
111111111111110111111111101111101111111111111111111111111111111110111000001111111111111110111111111111
111111111111001111111111101111101111111111111111111111111111111110111111101111111001111101111111111111
111111111000111111111111101111011111111111111111111111111111111110111111010011111010000011111111111111
111111111011111111111111100111011111111111111111111111111111111111011110111101111010101111111111111111
111111111011111111111111101000011111111111111111111111111111111111101001111110111010101111111111111111
111111111101111111111111101111011111111111111111111111111111111111110111111111011010101111111111111111
111111111101111111111111101111011111111111111111111111111111111111101111111111101010101111111111111111
111111111101111111111111101111011111111111111111111111111111111111011111111111110010101111111111111111
111111111110111111111111100000011111111111111111111111111111111110111111111111111010101111111111111111
111111111110111111111111101111011111111111111111111111111111111101011111111110000000000000111111111111
111111111110111111111111101111011111111111111111111111111111111101101111111101111111111101011111111111
111111111111011111111111101111011111111111111111111111111111111011110011111011111111111011101111111111
111111111111011111111000001111011111111111111111111111111111110111111101110111111111111011110111111111
111111111111000000000111101111011111111111111111111111111111110111111100001111111111111011111011111111
111111111111101111111111101111011000000000000000111111111111101011111001111111111111111011111101111111
111111111111101111111111101111011011111111111111000011111111011101110011111111111111111011111110111111
111111111111101111111111101111011011111111111111011100000000111110001011111111111111111011111111011111
111111111111110111111111101111011011111111111111011111101110011110110111111111111111110111111111101111
111111111111110111111111101111011011111111111111011111011110101101110111111111111111101111111111110111
111111111111111011111111101111000000000000000000000110111101110011110111111111111111101111111111111011
111111111111111011111111101111111111111111111110111000111011111011110111111111111111101111111111111011
111111111111111011111111101111111111111111111110111101110100110111110111111111111111011111111111111011
111111111111111011111111011111111111111111111110111101101111001111110000000111111110111111111111110111
111111111111111011111111011111111111111111111110111101011111110111101111111000000001111111111111110111
111111111111111100000000000000000111111111111110000101011111110111101111111101111100001111111111110111
111111111111100001111111011111110000001111111110111011011111110111011111111101111101110001111111110111
111111000000011110111111011111110111110011111110111011011111111010111111111011111011111110111111110111
111111101111111110111111011111110111111011111110111011011111111100111111111011111011111111000111101111
111111110111111110111111011111110111111011111110111011011111111110111111111000000011111111111000001111
111111110111111110111111011111110111111000000000000111011111111111011111111011111011111111111111111111
111111110111111110111111011111111011111111111111110011011111111111100001111011110111111111111111111111
111111110111111110111111101111111011001111111111111100011111111111011110000111101111111111111111111111
111111110111111110111111101000000000101111111111111110111111111110111111111011101111111111111111111111
111111110111111110000000000111111111101111111111111101111111111110111111111101011111111111111111111111
111111110111111111111111101111111111101111111111111101111111111110111111111100111111111111111111111111
111111110111111111111111101111111111101111111111111101111111111101111111111110111111111111111111111111
111111111011111111111111101111111111101111111111111011111100111011111111111110111111111111111111111111
111111111101111111111111101111111111101111111111111001111011000111000000000000111111111111111111111111
111111111101111111111111101111111111101111111111000010010111101111011111111110111111111111111111111111
111111111110111111111111101111111111101110000000111011100111101111011111111110111111111111111111111111
111111111111011111111111101111111111101101101111111011110001011110111111111111011111111111111111111111
111111111111101111111111101111110000000011110111111011110110000101111111111111101111111111111111111111
111111111111101111111111100000001111101111110111111011110111111000000000000000001111111111111111111111
111111111111110111111111101111111111101111110000000111110111110111111011111111011111111111111111111111
111111111111110111111111101111111111101111111111110111110111110111111011111111011111111111111111111111
111111111111110111111111101111111111101111111111110111110111110111111011111111011111111111111111111111
111111111111111011111111101111111111101111111111110111110111101111110111111111011111111111111111111111
111111111111111101111111101111111111101111111111110111110111011111110111111111011111111111111111111111
111111111111111110111111101111111111101111111111110000000000000001110111111111011111111111111111111111
111111111111111110111111101111110000001111111111110111111111111110001111111110111111111111111111111111
111111111111111111011111100000001111111111111111110111111111111111111111111101111111111111111111111111
111111111111111111011111101111111111111111111111110111111111111111111111111011111111111111111111111111
111111111111111111101111101111111111111111111111110111111111111111111111111011111111111111111111111111
111111111111111111110111101111111111111100000000000000000111111111110000000011111111111111111111111111
111111111111111111110111101111111111111101101110110111111011111111101111111011111111111111111111111111
111111111111111111111011101111111111111101101110110111111100000000011111111011111111111111111111111111
111111111111111111111101000000000000111101101110110111111111111111111111111011111111111111111111111111
111111111111111111111100111110111110111101101110110111111111111111111111111011111111111111111111111111
111111111111111111111101111110111100000000000000110111111111111111111111111011111111111111111111111111
111111111111111111111110111110000011111111111110000000000000001111111111111011111111111111111111111111
111111111111111111111111011111111111110000000001111111111111110000000000000011111111111111111111111111
111111111111111111111111101111111110001111111111111111111111111111111111111111111111111111111111111111
111111111111111111111111101111111101111111111111111111111111111111111111111111111111111111111111111111
111111111111111111111111100000000011111111111111111111111111111111111111111111111111111111111111111111
111111111111111111111111111111111111111111111111111111111111111111111111111111111111111111111111111111
144444444444444444444444444444444444444444444444444444444444444444444444444444444444444444444444444441
144444444444444444444444444444444444444444444444444444444444444444444444444444444444444444444444444441
144444444444444444444444444444444444444444444444444444444444444444444444444444444444444444444444444441
144444444444444444444444444444444444444444444444444444444444444444444444444444444444444444444444444441
144444444444444444444444444444444444444444444444444444444444444444444444444444444444444444444444444441
144444444444444444444444444444444444444444444444444444444444444444444444444444444444444444444444444441
144444444444444444444444444444444444444444444444444444444444444444444444444444444444444444444444444441
144444444444444444444444444444444444444444444444444444444444444444444444444444444444444444444444444441
144444444444444444444444444444444444444444444444444444444444444444444444444444444444444444444444444441
144444444444444444444444444444444444444444444444444444444444444444444444444444444444444444444444444441
111111111111111111111111111111111111111111111111111111111111111111111111111111111111111111111111111111