111111111111111111111111111111111111111111111111111111111111111111111111111111111111111111111111111111
111111111111111111111111111111111111111111111111111111111111111111111111111111111111111111111111111111
111111111111111111111111111111111111111111111111111111111111111111111111111111000111111111111111111111
111111111111111111111111111111111111111111111111111111111111111111111111111110011000000000000000000011
111111111111111111111111111111111111111111111111111111111011111111111111111101101111111111111111101011
111111111111111111111111111111111111111111111111111111000101111111111111111011110111111111111111011011
111111111111111111111111111111111111111111111111111110111110110000001111110111111011111111111110111011
111111111111111111111111111111111111111111111111111110111111001111110111101111111011111111111101111011
111111111111111111111111111111111111111111111111111110011111101111111011011111111101111111111011111011
111111111111111111111111111111111111111111111111111101101111101111111100001111111001111111100111111011
111111111111111111111111111111111111111111111111000011101111101111111011110011100111111111011111111011
111111111111111111111111111111111111111111000000111011101111101111110111111100000011111110111111111011
111111111111111111111111111111111111111000111101111011101111100000001111111110111101111101111111111011
111111111111111111111111111111111111110111111101110111101111101111110111111101111110000011111111111011
111111111111111111111111111111111111101111111101110111101111101111111001110011111111011111111111111011
111111111111111111111111111111111111011111111101110111101111101111111110000111111110111111111111111011
111111111111111111111111111111000000111111111110000000000000001111111111011011111101111111111111111011
111111111111111111111111111110100011111111111110110111101111100000111100111100001101111111111111111011
111111111111111111111111111101101100011111111110110111101111101111010011111111110011111111111111111011
111111111111111111111111100011101111100000000000000000001111101111101111111111110111111111111111111011
111111111111111111111111001101101111111111111111110111101111101111011111111111101111111111111111111011
111111111111111111111110101110001111111111111111110111101111101111011111111111011111111111111111111011
111111111111111111111101101111100000000000000011110111101111101110111111111110111111111111111111111011
111111111111111111110011101111101111111111111100000000000000001110111111111101111111111111111111110011
111111111111111110001111101111101111111111111111111111111111110000000011111011111111111111111111101111
111111111111111101111111101111011111111111111111111111111111111110111100110111111111111111100000011111
111111111111110011111111101111011111111111111111111111111111111110111111001111111111111111011111111111
111111111111101111111111101111011111111111111111111111111111111110111111101111111001111110111111111111
111111111000011111111111101111011111111111111111111111111111111110111110010111111010000001111111111111
111111111011111111111111100011011111111111111111111111111111111111011101111011111010101111111111111111
111111111101111111111111101100011111111111111111111111111111111111101011111101111010101111111111111111
111111111101111111111111101111011111111111111111111111111111111111110111111110011010101111111111111111
111111111110111111111111101111011111111111111111111111111111111111101111111111101010101111111111111111
111111111110111111111111101111011111111111111111111111111111111111011111111111110010101111111111111111
111111111111011111111111100111011111111111111111111111111111111110111111111111111000101111111111111111
111111111111011111111111101000011111111111111111111111111111111110011111111111000000000001111111111111
111111111111011111111111101111011111111111111111111111111111111101101111111110111111111100111111111111
111111111111011111111111101111011111111111111111111111111111111011110111111001111111111011011111111111
111111111111011111111100001111011111111111111111111111111111110111111001000111111111111011101111111111
111111111111000000000011101111011111111111111111111111111111110011111100111111111111111011110111111111
111111111111011111111111101111011000000000000000111111111111101101110001111111111111110111111011111111
111111111111011111111111101111011011111111111111000001111111011110101101111111111111101111111101111111
111111111111011111111111101111011011111111111111011110000000111111011101111111111111101111111110111111
111111111111101111111111101111011011111111111111011111011110011110111101111111111111101111111111011111
111111111111101111111111101111011011111111111111011110111101100101111011111111111111101111111111100111
111111111111101111111111101111000000000000000000000010111011111011110111111111111111011111111111111011
111111111111101111111111101111111111111111111111011100111000111011110111111111111111011111111111111011
111111111111110111111111101111111111111111111111011101111011010111110001111111111111011111111111110111
111111111111110111111111101111111111111111111110111101111011101111110110001111111110111111111111110111
111111111111111011111111101111111111111111111110111101111011101111101111110000000010111111111111101111
111111111111111000000000000000000011111111111110000011111011110111011111111011111100000000011111101111
111111111111110110111111011111111000000111111110111011111011111011011111111011111101111111101111101111
111111000000001110111111011111111011111011111110111011110111111101011111111011111101111111110011101111
111111101111111110111111011111111011111011111110111011101111111101011111111011111101111111111100001111
111111110111111110111111011111111011111011111110111011011111111110111111111000000011111111111111101111
111111110111111110111111011111111011111000000000111011011111111111011111110111111011111111111111111111
111111110111111110111111011111111011111111111111000011011111111111100011110111110111111111111111111111
111111110111111110111111101111111011001111111111111100011111111111011100000111101111111111111111111111
111111110111111110111111101111100000101111111111111111011111111110111111110111101111111111111111111111
111111110111111110000000000000011111101111111111111110111111111110111111110111011111111111111111111111
111111110111111111111111101111111111101111111111111110111111111101111111111010111111111111111111111111
111111110111111111111111101111111111101111111111111101111111111101111111111100111111111111111111111111
111111111011111111111111101111111111101111111111111101111100111011111111111100111111111111111111111111
111111111011111111111111101111111111101111111111111001111101000111000000000000111111111111111111111111
111111111101111111111111101111111111101111110000000010111011110111011111111110111111111111111111111111
111111111110111111111111101111111111101111001111111011010111110110111111111111011111111111111111111111
111111111111011111111111101111111111101000011111111011100000101101111111111111011111111111111111111111
111111111111101111111111101111111000000111011111110111110111001101111111111111011111111111111111111111
111111111111110111111111100000000111101111101111110111110111110000000000000000001111111111111111111111
111111111111111011111111101111111111101111110000000111110111110111111101111111011111111111111111111111
111111111111111011111111101111111111101111111111110111110111110111111101111111011111111111111111111111
111111111111111101111111101111111111101111111111110111110111101111111011111111011111111111111111111111
111111111111111101111111101111111111101111111111110111110111101111110111111110111111111111111111111111
111111111111111110111111101111111111101111111111110111110111101111110111111110111111111111111111111111
111111111111111111011111101111111111101111111111110000000000000000110111111110111111111111111111111111
111111111111111111101111100000000000001111111111110111111111111111001111111101111111111111111111111111
111111111111111111101111101111111111111111111111110111111111111111111111111011111111111111111111111111
111111111111111111101111101111111111111111111111110111111111111111111111111011111111111111111111111111
111111111111111111110111101111111111111111111111110111111111111111111111111011111111111111111111111111
111111111111111111111011101111111111111100000000000000000111111111111111100011111111111111111111111111
111111111111111111111011110111111111111101101110110111111001111111000000011011111111111111111111111111
111111111111111111111011110111111111111101101110110111111110000000111111111011111111111111111111111111
111111111111111111111011110000000000111101101110110111111111111111111111111011111111111111111111111111
111111111111111111111101101110111111011101101110110111111111111111111111111011111111111111111111111111
111111111111111111111100011110111000000000000000110111111111111111111111111011111111111111111111111111
111111111111111111111110111110000111111111000000000001111111111111111111111011111111111111111111111111
111111111111111111111110111111111111100000111111111110000000000000000000000011111111111111111111111111
111111111111111111111111011111111000011111111111111111111111111111111111111111111111111111111111111111
111111111111111111111111011111110111111111111111111111111111111111111111111111111111111111111111111111
111111111111111111111111100000001111111111111111111111111111111111111111111111111111111111111111111111
111111111111111111111111111111111111111111111111111111111111111111111111111111111111111111111111111111
144444444444444444444444444444444444444444444444444444444444444444444444444444444444444444444444444441
144444444444444444444444444444444444444444444444444444444444444444444444444444444444444444444444444441
144444444444444444444444444444444444444444444444444444444444444444444444444444444444444444444444444441
144444444444444444444444444444444444444444444444444444444444444444444444444444444444444444444444444441
144444444444444444444444444444444444444444444444444444444444444444444444444444444444444444444444444441
144444444444444444444444444444444444444444444444444444444444444444444444444444444444444444444444444441
144444444444444444444444444444444444444444444444444444444444444444444444444444444444444444444444444441
144444444444444444444444444444444444444444444444444444444444444444444444444444444444444444444444444441
144444444444444444444444444444444444444444444444444444444444444444444444444444444444444444444444444441
144444444444444444444444444444444444444444444444444444444444444444444444444444444444444444444444444441
111111111111111111111111111111111111111111111111111111111111111111111111111111111111111111111111111111