1111111111111111111111111111111111111111111111111111111111111111111111111111111111111111111111111111111111111111111111111111111111111111111111111111111111111111111111111111111111111111111111111111111111
1111111111111111111111111111111111111111111111111111111111111111111111111111111111111111111111111111111111111111111111111111111111111111111111111111111111111111111111111111111111111111111111111111111111
1111111111111111111111111111111111111111111111111111111111111111111111111111111111111111111111111111111111111111111111111111111111111111111111111111111111111111111111111111111111111111111111111111111111
1111111111111111111111111111111111111111111111111111111111111111111111111111111111111111111188888888888888888888881111111111111111111111111111111111111111111111111111111111111111111111111111111111111111
1111111111111111111111111111111111111111111111111111111111111111111111111111111111111888888811111111111111111111118111111111111111111111111111111111111111111111111111111111111111111111111111111111111111
1111111111111111111111111111111111111111111111111111111111111111111111111111118888888111111111111111100000000111111888111111111111111111111111111111111111111111111111111111111111111111111111111111111111
1111111111111111111111111111111111111111111111111111111111111111111111888888881111111000000000000000011111101011111111811111111111111111111111111111111111111111111111111111111111111111111111111111111111
1111111111111111111111111111111111111111111111111111111111111188888888000000000000000111111111111111111111101100000011188811111111111111111111111111111111111111111111111111111111111111111111111111111111
1111111111111111111111111111111111111111111111111111111888888811111110111101111011111111111111111111111111101111111000011188111111111111111111111111111111111111111111111111111111111111111111111111111111
1111111111111111111111111111111111111111111111118888888111111111100001111011111101111111111111111111111111101111111011100111881111111111111111111111111111111111111111111111111111111111111111111111111111
1111111111111111111111111111111111188888888888881111111111100000011111110111111110111111111111111111111111101111110111110011118811111111111111111111111111111111111111111111111111111111111111111111111111
1111111111111111111111111111188888811111111111111111111000010111111111101111111111011111111111111111111111101111110111101101111188111111111111111111111111111111111111111111111111111111111111111111111111
1111111111111111111111118888811111111111111111111111100111101111111111011111111111011111111111111111111111101111110111101110011111881111111111111111111111111111111111111111111111111111111111111111111111
1111111111111111111118881111111111111111111111111111011111011111111110111111111111001111111111111111111111011111110111011111101111118881111111111111111111111111111111111111111111111111111111111111111111
1111111111111111111188111111111111111111111100000000111110111111111101111111111110110111111111111111111100111111101110111111110011111118811111111111111111111111111111111111111111111111111111111111111111
1111111111111111118811111111111111111111110011111111111101111111111011111111111001111011111111111111110010111111101110111111111100011111188111111111111111111111111111111111111111111111111111111111111111
1111111111111111881111111111111111111111101111111111000010111111110111111111110111111101111111111111001101111111101110111111111101101111111881111111111111111111111111111111111111111111111111111111111111
1111111111111888111111111111111111111111011111111110111111011111101111111110001111111110111111111110111101111111101110111111111101110111111118881111111111111111111111111111111111111111111111111111111111
1111111111111811111111111111111100000000111111111101111111101111011111111101111111111111011111110001111101111111101101111111111101111011111111118811111111111111111111111111111111111111111111111111111111
1111111111881111111111111111000011011111111111111011111111110100101111111011111111111111011111101111111101111111101101111111111101111100111111111188811111111111111111111111111111111111111111111111111111
1111111188111111111111111100111111101111111111110111111111111011110111110111111111111111101111011111111101111111101101111111111101111111000111111111188111111111111111111111111111111111111111111111111111
1111118811111111111111111011111111101111111111001111111111110101111011101111111111111111110100111111111101111111011101111111111101111111111000011111111811111111111111111111111111111111111111111111111111
1111181111111111111111110111111111110111111110111111111111101110111101011111111111111111110011111111111011111110111101111111111101111111111111101111111181111111111111111111111111111111111111111111111111
1118111111111111111111001111111111111011111001111111111110011111011110111111111111111111101011111111110001111110111011111111111101111111111111110011111111811111111111111111111111111111111111111111111111
1181111111111111111110110111111111111101110111111111111101111111011001011111111111111111011101111110000110011110111011111111111011111111111111111101111111181111111111111111111111111111111111111111111111
1111111111111111111001110111111111111100001111111111110011111111100111011111111111111110111101111101110111100000000001111111111011111111111111111110111111118111111111111111111111111111111111111111111111
1111111111111111110111110111111111111101111111111111101111111111011111011111111111111001111110111011101111111101111010111111111011111111111111111111011111111811111111111111111111111111111111111111111111
1111111111111111001111111011111111111001111111111110011111111110111111101111111111110111111110100111101111111101110111000000000011111111111111111111101111111181111111111111111111111111111111111111111111
1111111111111110011111111011111111110101111111111101111111110001111111101111111111101111111111011111101111111011110111101111111011111111111111111111100111111111811111111111111111111111111111111111111111
1111111111111101011111111101111111001010111111111011111111101111111111110111111111110111111110011111101111111011101111101111111011111111111111111111011011111111181111111111111111111111111111111111111111
1111111111111011011111111110111100111011011111110101111110011111111111111011111111111011111101011111101111111011101111101111111011111111111111111110111101111111118111111111111111111111111111111111111111
1111111111110111011111111110111011111101101111001110111101111111111111111011111111111101110011101111101111111011011111101111111011111111111111111101111110111111111811111111111111111111111111111111111111
1111111111110111011111111111010111111110101110111111011011111111111111111101111111111101001111110111011111110111011111101111111011111111111111110011111111011111111181111111111111111111111111111111111111
1111111111101111011111111111101111111110110001111111100111111111111111111110111111111110000001111010111111101111011111101111111011111111111111001111111111101111111111811111111111111111111111111111111111
1111111111011111011111111111110111111110101111111111101111111111111111111111011111000001111110000000000000000000000000000001111011111111111110111111111111110111111111181111111111111111111111111111111111
1111111110111100011111111111111011111100011111111111011111111111111111111111101110111111111111111111111111101111111111011110000011111111111101111111111111111001111111118111111111111111111111111111111111
1111111111011011101111111111111011110011111111111110111111111111111111111111110101111111111111111111111111101111111111011111111011111111100011111111111111111110111111111811111111111111111111111111111111
1111111111010111110000011111111011101111111111110001111111111111111111111111111011111111111111111111111111101111111111011111111011111110011111111111111111111111011111111181111111111111111111111111111111
1111111110001111111101101111111011011111111111101111111111111111111111111111111011111111111111111111111111101111111111011111111011111101111111111111111111111111100111111111811111111111111111111111111111
1111111101101111111011110011111100111111111111011111111111111111111111111111111101111111111111111111111111011111111111011111111011111011111111111111111111111111111001111111181111111111111111111111111111
1111111011110111110111111101111101111111111100111111111111111111111111111111111110111111111111111111111111011111111111011111110111110111111111111111111111111111111110011111118111111111111111111111111111
1111110111110111101111111110001010111111111011111111111111111111111111111111111110111111111111111111111111011111111111011111110111101111111111111111111111111111111111101111118111111111111111111111111111
1111101111110110011111111111100111011111110111111111111111111111111111111111111110111111111111111111111111011111111111011111110111011111111111111111111111111111111111110111111811111111111111111111111111
1111011111111001111111111111011111101111101111111111111111111111111111111111111110111111111111111111111111000000111111011111110110111111111111111111111111111111111111111001111181111111111111111111111111
1110111111110101111111111110111111101111011111111111111111111111111111111111111110111111111111111111111110011111000111011111110001111111111111111111111111111111111111111110111118111111111111111111111111
1101111111101110111111111101111111101110111111111111111111111111111111111111111111011111111111111111111101011111111000011111100111111111111111111111111111111111111111111110011111811111111111111111111111
1110110000011111011111110011111111110101111111111111111111111111111111111111111111011111111111111111111011101111111111011111010111111111111111111111111111111111111111111001111111811111111111111111111111
1110101111111000101111001111111111110011111111111111111111111111111111111111111111011111111111111111110111101111111111011110110111111111111111111111111111111111111100000111111111181111111111111111111111
1110011111000111110110111111111111101011111111111111111111111111111111111111111111101111111111111111101111101111111111011001110111111111111111111111111111111111111011111111111111118111111111111111111111
1110111110111111111001111111111111011101111111111111111111111111111111111111111111101111111111111111011111101111111111010111110111111111111111111111111111111111000111111111111111111811111111111111111111
1110111101111111000011111111111100111101111111111111111111111111111111111111111111101111111111111110111111101111111111001111110111111111111111111111111111100000111111111111111111111811111111111111111111
1110111011111110111101111111111011111110111111111111111111111111111111111111111111101111111111111101111111101111111111011111111011111111111111111111111111011111111111111111111111111118111111111111111111
1110110111111001111110111111110111111111011111111111111111111111111111111111111111101111111111111011111111101111111110111111111011111111111111111111111110111111111111111111111111111118111111111111111111
1111001111110111111111011110001111111111011111111111111111111111111111111111111111101111111111110111111111101111111001111111111011111111111111111111111101111111111111111111111111111111181111111111111111
1111110111101111111111101001111111111111101111111111111111111111111111111111111111101111111111001111111111101111110111111111111011111111111111111111100011111111111111111111111111111111181111111111111111
1111111011011111111111100111111111111111110111111111111111111111111111111111111111110111111110111111111111101111101111111111111011111110000000000000011111111111111111111111111111111111118111111111111111
1111111100111111111111101111111111111111110111111111111111111111111111111111111111110111111101111111111111110100011111111111111011111001111011111111111111111111111111111111111111111111111811111111111111
1111111101111111111111010111111111111111111011111111111111111111111111111111111111110111111011111111111111110011111111111111100000000111111011111111111111111111111111111111111111111111111811111111111111
1111111101111111100000111011111111111111111011111111111111111111111111111111111111110111110111111111111111110000000000000000011011111111111011111111111111111111111111111111111111111111111811111111111111
1111111101111111011111111011111111111111111011111111111111111111111111111111111111111011101111111111111111101111111111011111111011111111111011111111111111111111111111111111111111111111111181111111111111
1111111101111110111111111101111111111111111101111111111111111111111111111111111111111101011111111111111000011111111111011111111011111111111011111111111111111111111111111111111111111111111181111111111111
1111111101111101111111111101111111111111111101111111111111111111111111111111111111111000000000000000000111111111111111011111111101111111111011111111111111111111111111111111111111111111111118111111111111
1111111101111011111111111110111111111111111110111111111111111111111110000000000000000101111111111111111111111111111111101111111101111111111011111111111111111111111111111111111111111111111111811111111111
1111111110110111111111111111011111111111111110111111111111111111100001111111111111111101111111111111111111111111111111110111111101111111111101111111111111111111111111111111111111111111111111181111111111
1111111111001111111111111111011111111111111110111100000000000000011111111111111111111101111111111111111111111111111111110111111101111111111101111111111111111111111111111111111111111111111111181111111111
1111111111011111111111111111011111111111111110110011110111111111011111111111111111111101111111111111111111111111111111111011111101111111111101111111111111111111111111111111111111111111111111118111111111
1111111111101111111111111111011111111111000000001011110111111111011111111111111111111110111111111111111111111111111111111011111101111111111101111111111111111111111111111111111111111111111111118111111111
1111111111101111111111111111011111111000111110111011111011111111011111111111111111111110111111111111111111111111111111111011111101111111111101111111111111111111111111111111111111111111111111111811111111
1111111111101111111111111111101000000101111110111011111101111111011111111111111111111110111111111111111111111111111111111011111101111111111101111111111111111111111111111111111111111111111111111811111111
1111111111101111111111111111000111111011111110111011111101111111011111111111111111111110111111111111111111111111111111111011111101111111111101111111111111111111111111111111111111111111111111111181111111
1111111111101111111111111100111111110111111110111011111101111111011111111111111111111110111111111111111111111111111111111011111101111111111101111111111111111111111111111111111111111111111111111181111111
1111111111101111110000000011111111101111111110111011111101111111011111111111111111111110111111111111111111111111111111111011111101111111111101111111111111111111111111111111111111111111111111111118111111
1111111111101111101111111111111111011111111101111011111101111111011111111111111111111110111111111111111111111111111111111011111101111111111101111111111111111111111111111111111111111111111111111118111111
1111111111101111011111111111111110111111111100011011111101111111011111111111111111111110111111111111111111111111111111111011111101111111111101111111111111111111111111111111111111111111111111111111811111
1111111111100000111111111111111101111111111101100000000001111111011111111111111111111110111111111111111111111111111111111011111101111111111101111111111111111111111111111111111111111111111111111111811111
1111111111101111111111111111111011111111111011111011111101111111011111111111111111111110111111111111111111111111111111111011111101111111111101111111111111111111111111111111111111111111111111111111811111
1111111111101111111111111111110111111111111011111011111101111111101111111111111111111110111111111111111111111111111111111011111101111111111101111111111111111111111111111111111111111111111111111111811111
1111111111101111111111111111101111111111110111111011111101111111101111111111111111111110111111111111111111111111111111111011111101111111111101111111111111111111111111111111111111111111111111111111811111
1111111111101111111111111111011111111111101111110111111101111111101111111111111111111110111111111111111111111111111111111011111101111111111101111111111111111111111111111111111111111111111111111111811111
1111111111101111111111111110111111111111101111101111111101111111101111111111111111111111011111111111111111111111111111111011111101111111111101111111111111111111111111111111111111111111111111111111811111
1111111111101111111111111101111111111111101111011111111101111111101111111111111111111111011111111111111111111111111110000111111110111111111101111111111111111111111111111111111111111111111111111111811111
1111111111101111111111111011111111111111101111011111111101111111101111111111111111111111011111111111111111111111111001111111111111011111111101111111111111111111111111111111111111111111111111111111811111
1111111111101111111111110111111111111111101111011111111101111111110111111111111111111111011111111111111111111111100111111111111111011111111101111111111111111111111111111111111111111111111111111111811111
1111111111101111111111101111111111111111011111011111111101111111110111111111111111111111011111111111111111111111011111111111111111011111111101111111111111111111111111111111111111111111111111111111811111
1111111111101111111111011111111111111111011111010000000001111111110111111111111111111111011111111111111111111110111111111111111110000000000001111111111111111111111111111111111111111111111111111111811111
1111111111101111111100111111111111111111000000001111111101111111111011111111111111111111011111111111111111111110111111111111111101111111111101111111111111111111111111111111111111111111111111111111811111
1111111111101111110011111111111111111111111111011111111110111111111011111111111111111111011111111111111111111110111111111111000011111111111101111111111111111111111111111111111111111111111111111111811111
1111111111101111101111111111111111111111111111011111111110111111111011111111111111111111011111111111111111111101111111111100111111111111111101111111111111111111111111111111111111111111111111111111811111
1111111111101111011111111111111111111111111111011111111110111111111011111111111111111111011111111111111111111011111111000011111111111111111011111111111111111111111111111111111111111111111111111118111111
1111111111101110111111111111111111111111111111011111111110111111111011111111111111111111011111111111111111111010000000111111111111111111111011111111111111111111111111111111111111111111111111111118111111
1111111111101101111111111111111111111111111111011111111110111111111011111111111111111111011111111000000000000001111111111111111111111111111011111111111111111111111111111111111111111111111111111118111111
1111111111101011111111111111111111111111111111101111111110111111111011111111111110000000000000000111111111110111111111111111111111111111111011111111111111111111111111111111111111111111111111111181111111
1111111111100111111111111111111111111111111111101111111110111111111000000000000001111111101111111111111111110111111111111111111111111111111011111111111111111111111111111111111111111111111111111181111111
1111111111100000000000000000000011111111111111101111111110111111111011111111111111111111101111111111111111110111111111111111111111111111111011111111111111111111111111111111111111111111111111111811111111
1111111111101111111111111111111100000000000000001111111110111111111011111111111111111111101111111111111111111011111111111111111111111111111011111111111111111111111111111111111111111111111111111811111111
1111111111110111111111111111111111111111111111110111111110111111111011111111111111111111110111111111111111111101111111111111111111111111111011111111111111111111111111111411111111111111111111118111111111
1111111111111011111111111111111111111111111111110111111111011111111011111111111111111111110111111111111111111101111111111111111111111111111011111111111111111111111111114444411111111111111111181111111111
1111111111111101111111111111111111111111111111110111111111011111111101111111111111111111111011111111111111111101111111111111111111111111111011111111111111111111111111144444444441111111111111181111111111
1111111111111101111111111111111111111111111111110111111111011111111101111111111111111111111011111111111111111101111111111111111111111111111011111111111111111111111111144444444444444111111111811111111111
1111111111111101111111111111111111111111111111110111111111011111111101111111111111111111111011111111111111111101111111111111111111111111111011111111111111111111111111144444444444444444411118111111111111
1111111111111101111111111111111111111111111111110111111111011111111101111111111111111111111011111111111111111101111111111111111111111111111011111111111111111111111111144444444444444444411118111111111111
1111111111111101111111111111111111111111111111110111111111011111111101111111111111111111111011111111111111111101111111111111111111111111000011111111111111111111111111444444444444444444111181111111111111
1111111111111110111111111111111111111111111111110111111111011111111101111111111111111111111011111111111111111110111111111100000000000000110111111111111111111111111111444444444444444444111181111111111111
1111111111111111011111111111111111111111111111110111100000011111111101111111111111111111111011111111111111111110111110000011111111111111101111111111111111111111111111444444444444444444111811111111111111
1111111111111111011111111111111111111111111111110110011111011111111101111111111111111111111011110000000000000000000001111111111111111111011111111111111111111111111114444444444444444441111811111111111111
1111111111111111011111111111111111111111111111111001111111011111111101111111111111111111111011001111111111111111111111111111111111111110111111111111111111111111111114444444444444444441118111111111111111
1111111111111111011111111111111111111111111111111111111111011111111101111111111111111111111000111111111111111111111111111111111111111101111111111111111111111111111114444444444444444441181111111111111111
1111111111111111101111111111111111111111111111111111111111101111111101111111111111111111111011111111111111111111111111111111111111111011111111111111111111111111111144444444444444444411181111111111111111
1111111111111111101111111111111111111111111111111111111111101111111101111111111111111111111011111111111111111111111111111111111111110111111111111111111111111111111144444444444444444411811111111111111111
1111111111111111110111111111111111111111111111111111111111101111111101111111111111111111111011111111111111111111111111111111111111101111111111111111111111111111111144444444444444444411811111111111111111
1111111111111111110111111111111111111111111111111111111111101111111101111111111111111111111011111111111111111111111111111111111111011111111111111111111111111111111444444444444444444118111111111111111111
1111111111111111111011111111111111111111111111111111111111101111111101111111111111111111111011111111111111111111111111111111111110111111111111111111111111111111111444444444444444444118111111111111111111
1111111111111111111101111111111111111111111111111111111111110111111101111111111111111111111011111111111111111111111111111111111101111111111111111111111111111111111444444444444444444444444444444411111111
1111111111111111111101111111111111111111111111111111111111110111111110111111111111111111111011111111111111111111111111111111111011111111111111111111111111111111114444444444444444444444444444444111111111
1111111111111111111110111111111111111111111111111111111111110111111110111111111111111111111011111111111111111111111111111111110111111111111111111111111111111111114444444444444444444444444444444111111111
1111111111111111111110111111111111111111111111111111111111110111111110111111111111111111111011111111111111111111111111111111101111111111111111111111111111111111114444444444444444444444444444441111111111
1111111111111111111110111111111111111111111111111111111111110111111110111111111111111111111011111111111111111111111111111111011111111111111111111111111111111111144444444444444444444444444444441111111111
1111111111111111111110111111111111111111111111111111111111110111111111011111111111111111111011111111111111111111111111111110111111111111111111111111111111111111144444444444444444444444444444441111111111
1111111111111111111111011111111111111111111111111111111111110111111111011111111111111111111011111111111111111111111111111101111111111111111111111111111111111111144444444444444444444444444444411111111111
1111111111111111111111101111111111111111111111111111111111110111111111011111111111111111111011111111111111111111111111111011111111111111111111111111111111111111444444444444444444444444444444411111111111
1111111111111111111111110111111111111111111111111111111111110111111111011111111111111111111011111111111111111111111111110111111111111111111111111111111111111111444444444444444444444444444444111111111111
1111111111111111111111110111111111111111111111111111111111110111111111011111111111111111111101111111111111111111111111110111111111111111111111111111111111111111444444444444444444444444444444111111111111
1111111111111111111111110111111111111111111111111111111111110111111111011111111111111111000001111111111111111111111111101111111111111111111111111111111111111114444444444444444444444444444441111111111111
1111111111111111111111110111111111111111111111111111111111110000000000000000000000000000111101111111111111111111111111011111111111111111111111111111111111111114444444444444444444444444444441111111111111
1111111111111111111111111011111111111111111111111111111111110111111111111111111111111111111110111111111111111111111111011111111111111111111111111111111111111114444444444444444444444444444441111111111111
1111111111111111111111111011111111111111111111111111111111110111111111111111111111111111111110111111111111111111111110111111111111111111111111111111111111111144444444444444444444444444444411111111111111
1111111111111111111111111011111111111111111111111111111111110111111111111111111111111111111110111111111111111111111101111111111111111111111111111111111111111144444444444444444444444444444411111111111111
1111111111111111111111111101111111111111111111111111111111110111111111111111111111111111111110111111111111111111111011111111111111111111111111111111111111111144444444444444444444444444444111111111111111
1111111111111111111111111101111111111111111111111111111111110111111111111111111111111111111110111111111111111111110111111111111111111111111111111111111111111444444444444444444444444444444111111111111111
1111111111111111111111111101111111111111111111111111111111110111111111111111111111111111111110111111111111111111101111111111111111111111111111111111111111111444444444444444444444444444444111111111111111
1111111111111111111111111110111111111111111111111111111111110111111111111111111111111111111110111111111111111111011111111111111111111111111111111111111111111444444444444444444444444444441111111111111111
1111111111111111111111111110111111111111111111111111111111110111111111111111111111111111111110111111111111111110111111111111111111111111111111111111111111114444444444444444444444444444441111111111111111
1111111111111111111111111110111111111111111111111111111111110111111111111111111111111111111111011111111111111101111111111111111111111111111111111111111111114444444444444444444444444444411111111111111111
1111111111111111111111111110111111111111111111111111111111110111111111111111111111111111111111011111111111111000011111111111111111111111111111111111111111114444444444444444444444444444411111111111111111
1111111111111111111111111111011111111111111111111111111111110111111111111111111111111111111111011111111111111011101111111111111111111111111111111111111111144444444444444444444444444444111111111111111111
1111111111111111111111111111101111111111111111111111111111110111111111111111111111111111111111011111111111110111110111111111111111111111111111111111111111144444444444444444444444444444111111111111111111
1111111111111111111111111111101111111111111111111111111111110111111111111111111111111111111111011111111111101111111011111111111111111111111111111111111111144444444444444444444444444444111111111111111111
1111111111111111111111111111110111111111111111111111111111110111111111111111111111111111111111011111111111011111111101111111111111111111111111111111111111444444444444444444444444444441111111111111111111
1111111111111111111111111111110111111111111111111111111111110111111111111111111111111111111111011111111110111111111101111111111111111111111111111111111111444444444444444444444444444441111111111111111111
1111111111111111111111111111110111111111111111111111111111110111111111111111111111111111111111101111111101111111111101111111111111111111111111111111111111444444444444444444444444444411111111111111111111
1111111111111111111111111111110111111111111111111111111111110111111111111111111111111111111111110111111101111111111011111111111111111111111111111111111114444444444444444444444444444411111111111111111111
1111111111111111111111111111110111111111111111111111111111110111111111111111111111111111111111110111111011111111111011111111111111111111111111111111111114444444444444444444444444444411111111111111111111
1111111111111111111111111111111011111111111111111111111111111011111111111111111111111111111111110111110111111111111011111111111111111111111111111111111114444444444444444444444444444111111111111111111111
1111111111111111111111111111111011111111111111111111111111111101111111111111111111111111111111111011101111111111111011111111111111111111111111111111111144444444444444444444444444444111111111111111111111
1111111111111111111111111111111011111111111111111111111111111101111111111111111111111111111111111011011111111111110111111111111111111111111111111111111144444444444444444444444444441111111111111111111111
1111111111111111111111111111111101111111111111111111111111111101111111111111111111111111111111111010111111111111101111111111111111111111111111111111111144444444444444444444444444441111111111111111111111
1111111111111111111111111111111101111111111111111111111111111100000000000111111111111111111111111001111111111111101111111111111111111111111111111111111444444444444444444444444444411111111111111111111111
1111111111111111111111111111111101111111111111111100000000000011111111111000000000000000000000000000111111111111011111111111111111111111111111111111111444444444444444444444444444411111111111111111111111
1111111111111111111111111111111101111111111111111011111111111111111111111111111111111111111111110111011111111110111111111111111111111111111111111111111444444444444444444444444444411111111111111111111111
1111111111111111111111111111111110111111111111100111111111111111111111111111111111111111111111101111100111111110111111111111111111111111111111111111114444444444444444444444444444111111111111111111111111
1111000000001111111111111111111111011111111110011111111111111111111111111111111111111111111111011111111000111110111111111111111111111111111111111111114444444444444444444444444444111111111111111111111111
1111011111110011111111111111111111011111111101111111111111111111111111111111111111111111111110111111111111000101111111111111111111111111111111111111114444444444444444444444444441111111111111111111111111
1111011111111101111111111111111111010000000011111111111111111111111111111111111111111111111101111111111111111001111111111111111111111111111111111111144444444444444444444444444441111111111111111111111111
1111011111111110000000000000000000000001111111111111111111111111111111111111111111111111111011111111111111111111111111111111111111111111111111111111144444444444444444444444444441111111111111111111111111
1111011111111111111111111111111111011110000001111111111111111111111111111111111111111111110111111111111111111111111111111111111111111111111111111111144444444444444444444444444411111111111111111111111111
1111011111111111111111111111111110111111111110001111111111111111111111111111111111111111101111111111111111111111111111111111111111111111111111111111144444444444444444444444444411111111111111111111111111
1111011111111111111111111111111110111111111111110000000000000000011111111111111111111111011111111111111111111111111111111111111111111111111111111111144444444444444444444444444411111111111111111111111111
1111011111111111111111111111111110111111111111111101111111111111100001111111111111111110111111111111111111111111111111111111111111111111111111111111144444444444444444444444444411111111111111111111111111
1111011111111111111111111111111110111111111111111101111111111111111100000000000000000000011111111111111111111111111111111111111111111111111111111111144444444444444444444444444411111111111111111111111111
1111011111111111111111111111111110111111111111111101111111111111111101111111111111111101100011111111111111111111111111111111111111111111111111111111144444444444444444444444444411111111111111111111111111
1111011111111111111111111111111110111111111111111101111111111111111101111111111111111101111100000000000011111111111111111111111111111111111111111111444444444444444444444444444411111111111111111111111111
1111011111111111111111111111111110111111111111111101111111111111111101111111111111111101111111111111011100001111111111111111111111111111111111111111444444444444444444444444444411111111111111111111111111
1111011111111111111111111111111110111111111111111011111111111111111101111111111111111101111111111111011111110001111111111111111111111111111111111111444444444444444444444444444411111111111111111111111111
1110111111111111111111111111111101111111111111111011111111111111111101111111111111111101111111111111011111111110000001111111111111111111111111111111444444444444444444444444444411111111111111111111111111
1101111111111111111111111111111101111111111111111011111111111111111101111111111111111101111111111111011111111111111101111111111111111111111111111111444444444444444444444444444411111111111111111111111111
1101111111111111111111111111111101111111111111111011111111111111111101111111111111111101111111111111011111111111111101111111111111111111111111111111444444444444444444444444444441111111111111111111111111
1101111111111111111111111111111101111111111111111011111111111111111101111111111111111101111111111111011111111111111011111111111111111111111111111114444444444444444444444444444444441111111111111111111111
1100000000000111111111111111111101111111111111111011111111111111111101111111111111111101111111111111011111111111111011111111111111111111111111111114444444444444444444444444444444444441111111111111111111
1111111111111000001111111111111101111111111111111011111111111111111101111111111111111101111111111111011111111111111011111111111111111111111111111114444444444444444444444444444444444444441111111111111111
1111111111111111110000011111111101111111111111111011111111111111111011111111111111111011111111111110111111111111111011111111111111111111111111111114444444444444444444444444444444444444444441111111111111
1111111111111111111111100000000000111111111111111011111111111111111011111111111111110111111111111110111111111111111011111111111111111111111111111114444444444444444444444444444444444444444444441111111111
1111111111111111111111111111111111000000000011111011111111111111111011111111111111110111111111111110111111111111111011111111111111111111111111111114444444444444444444444444444444444444444444444441111111
1111111111111111111111111111111111111111111101111011111111111111111011111111111111110111111111111110111111111111111011111111111111111111111111111144444444444444444444444444444444444444444444444444441111
1111111111111111111111111111111111111111111110000011111111111111111011111111111111110111111111111110111111111111111011111111111111111111111111111144444444444444444444444444444444444444444444444444444441
1111111111111111111111111111111111111111111111111000000000000000000011111111111111110111111111111110111111111111111011111111111111111111111111111144444444444444444444444444444444444444444444444444444441
1111111111111111111111111111111111111111111111111111111111111111111000000001111111110111111111111110111111111111111011111111111111111111111111111144444444444444444444444444444444444444444444444444444441
1111111111111111111111111111111111111111111111111111111111111111111111111110011111110111111111111110111111111111111011111111111111111111111111111144444444444444444444444444444444444444444444444444444441
1111111111111111111111111111111111111111111111111111111111111111111111111111100000000000000000000010111111111111111011111111111111111111111111111444444444444444444444444444444444444444444444444444444441
1111111111111111111111111111111111111111111111111111111111111111111111111111111111111111111111111100111111111111110111111111111111111111111111111444444444444444444444444444444444444444444444444444444441
1441111111111111111111111111111111111111111111111111111111111111111111111111111111111111111111111110111111111111110111111111111111111111111111111444444444444444444444444444444444444444444444444444444441
1444111111111111111111111111111111111111111111111111111111111111111111111111111111111111111111111111000111111111110111111111111111111111111111111444444444444444444444444444444444444444444444444444444441
1444444111111111111111111111111111111111111111111111111111111111111111111111111111111111111111111111111000000000000111111111111111111111111111111444444444444444444444444444444444444444444444444444444441
1444444444111111111111111111111111111111111111111111111111111111111111111111111111111111111111111111111111111111111111111111111111111111111111111444444444444444444444444444444444444444444444444444444441
1444444444444111111111111111111111111111111111111111111111111111111111111111111111111111111111111111111111111111111111111111111111111111111111114444444444444444444444444444444444444444444444444444444441
1444444444444444111111111111111111111111111111111111111111111111111111111111111111111111111111111111111111111111111111111111111111111111111111114444444444444444444444444444444444444444444444444444444441
1444444444444444444111111111111111111111111111111111111111111111111111111111111111111111111111111111111111111111111111111111111111111111111111114444444444444444444444444444444444444444444444444444444441
1444444444444444444444444444444444411111111111111111111111111111111111111111111111111111111111111111111111111111111111111111111111111111111111114444444444444444444444444444444444444444444444444444444441
1444444444444444444444444444444444444111111111111111111111111111111111111111111111111111111111111111111111111111111111111111111111111111111111114444444444444444444444444444444444444444444444444444444441
1444444444444444444444444444444444444441111111111111111111111111111111111111111111111111111111111111111111111111111111111111111111111111111111114444444444444444444444444444444444444444444444444444444441
1444444444444444444444444444444444444444411111111111111111111111111111111111111111111111111111111111111111111111111111111111111111111111111111144444444444444444444444444444444444444444444444444444444441
1444444444444444444444444444444444444444444111111111111111111111111111111111111111111111111111111111111111111111111111111111111111111111111111144444444444444444444444444444444444444444444444444444444441
1444444444444444444444444444444444444444444411111111111111111111111111111111111111111111111111111111111111111111111111111111111111111111111111144444444444444444444444444444444444444444444444444444444441
1444444444444444444444444444444444444444444441111111111111111111111111111111111111111111111111111111111111111111111111111111111111111111111111144444444444444444444444444444444444444444444444444444444441
1444444444444444444444444444444444444444444444111111111111111111111111111111111111111111111111111111111111111111111111111111111111111111111111144444444444444444444444444444444444444444444444444444444441
1444444444444444444444444444444444444444444444411111111111111111111111111111111111111111111111111111111111111111111111111111111111111111111111144444444444444444444444444444444444444444444444444444444441
1444444444444444444444444444444444444444444444441111111111111111111111111111111111111111111111111111111111111111111111111111111111111111111111444444444444444444444444444444444444444444444444444444444441
1444444444444444444444444444444444444444444444444444444444111111111111111111111111111111111111111111111111111111111111111111111111111111111111444444444444444444444444444444444444444444444444444444444441
1444444444444444444444444444444444444444444444444444444444444444444411111111111111111111111111111111111111111111111111111111111111111111111111444444444444444444444444444444444444444444444444444444444441
1444444444444444444444444444444444444444444444444444444444444444444444444444411111111111111111111111111111111111111111111111111111111111111111444444444444444444444444444444444444444444444444444444444441
1444444444444444444444444444444444444444444444444444444444444444444444444444444444444411111111111111111111111111111111111111111111111111111111444444444444444444444444444444444444444444444444444444444441
1444444444444444444444444444444444444444444444444444444444444444444444444444444444444444444441111111111111111111111111111111111111111111111111444444444444444444444444444444444444444444444444444444444441
1111111111111111111111111111111111111111111111111111111111111111111111111111111111111111111111111111111111111111111111111111111111111111111111111111111111111111111111111111111111111111111111111111111111