111111111111111111111111111111111111111111111111111111111111111111111111111111111111111111111111111111
111111111111111111111111111111111111111111111111111111111111111111111111111181111111111111111111111111
111111111111111111111111111111111111111111111111111111888888888888888888888811000111111111111111111111
111111111111111111111111111111111111111111111888888888111111111111111111111110011000000000000000000011
111111111111111111111111111111111111111111888111111111111011111111111111111101011111111111111111110011
111111111111111111111111111111111111111188111111111111000101111111111111111011101111111111111111001011
111111111111111111111111111111111111888811111111111110111110111111101111110111101111111111111110111011
111111111111111111111111111111118888111111111111111101011111000000010111001111110111111111111101111011
111111111111111111111111111888881111111111111111111101101111011111111010111111111011111111111011111011
111111111111111111111111118111111111111111111111111101101111011111111100111111111001111111110111111011
111111111111111111111111811111111111111111111110000011101111101111111011000011110111111110001111111011
111111111111111111111181111111111111111111100001111011101111101111110111111100001111111101111111111011
111111111111111111118111111111111111111000011101110111101111101110000111111110100011111011111111111011
111111111111111111181111111111111111110111111101110111101111100001111011111101111100000111111111111011
111111111111111111811111111111111100001111111101110111101111101111111100110011111111101111111111111011
111111111111111181111111111111111011111111111101110111101111101111111111000001111111011111111111111011
111111111111111811111111111111100111111111111110000000000000000111111110111110001110111111111111111011
111111111111118111111111111111000001111111111110110111101111101011111101111111110101111111111111111011
111111111111811111111111110000101110111111111110110111101111101100110011111111111011111111111111111011
111111111118111111111111100111101111000000000000000000001111101111001111111111110111111111111111111011
111111111181111111111111001011101111111111111111110111101111101111011111111111101111111111111111111011
111111111811111111111110101100001111111111111111110111101111101111011111111111011111111111111111111011
111111118111111111111101101111100000000000011111110111101111101111011111111110111111111111111111111011
111111118111111111110011101111101111111111100000000000000000001110111111111101111111111111111111110011
111111118111111110001111101111101111111111111111111111111111110000001111111011111111111111111100001111
111111118111111101111111101111101111111111111111111111111111111110110111110111111111111111000011111111
111111181110000011111111101111101111111111111111111111111111111110111001110111111111111000111111111111
111111181101111111111111101111011111111111111111111111111111111110111110001111111011110111111111111111
111111181011111111111111101111011111111111111111111111111111111110111111010111111000001111111111111111
111111811011111111111111100000011111111111111111111111111111111111011100111001111010101111111111111111
111111811101111111111111101111011111111111111111111111111111111111101011111110111010101111111111111111
111111811101111111111111101111011111111111111111111111111111111111110111111111011010101111111111111111
111111811110111111111111101111011111111111111111111111111111111111101111111111101010101111111111111111
111118111111011111111111101111011111111111111111111111111111111111011111111111110010101111111111111111
111118111111011111111111100001011111111111111111111111111111111110111111111111111010101111111111111111
111118111111011111111111101110011111111111111111111111111111111101011111111111111100000001111111111111
111181111111011111111111101111011111111111111111111111111111111101100111111111000001111100111111111111
111181111111011111111111101111011111111111111111111111111111111101111011111110111111111011001111111111
111181111111011110000000001111011111111111111111111111111111111011111101110001111111111011110111111111
111181111111000001111111101111011111111111111111111111111111110011111000001111111111111011111011111111
111181111111011111111111101111011000001111111111111111111111101101110101111111111111111011111101111111
111181111111011111111111101111011011110000000000001111111111011110101011111111111111111011111110111111
111181111111011111111111101111011011111111111111010000000000111111011011111111111111111011111111011111
111181111111101111111111101111011011111111111111011111101101011110111011111111111111110111111111101111
111181111111101111111111101111011011111111111111011111011011100101111011111111111111110111111111110111
111181111111110111111111101111000000000000000000000110111011111011111011111111111111110111111111111011
111181111111111011111111101111111111111111111111011000111011110111110111111111111111101111111111110111
111181111111111101111111101111111111111111111111011110111001110111110111111111111111011111111111110111
111181111111111101111111101111111111111111111111011110111010001111101000000011111111011111111111110111
111181111111111101111111011111111111111111111111011101110111110111101111111100111110111111111111110111
111181111111100000000000000000000001111111111110111011110111110111011111111101000000000011111111110111
111181110000011101111111011111111010001111111110000011110111110111011111111101111101111100001111110111
111181001111111101111111011111111011110011111110111011110111111011011111111011111101111111110111110111
111181101111111110111111011111111011111011111110111011110111111100111111111011111011111111111000101111
111181101111111110111111011111111011111011111110111011101111111110111111111000000011111111111111001111
111181101111111110111111101111111011111000000000111011011111111111011111110111110111111111111111111111
111181101111111110111111101111111011111111111111000111011111111111100000000111110111111111111111111111
111181101111111110111111101111111011101111111111111000011111111111011111110111110111111111111111111111
111181101111111110111111101111000000001111111111111110111111111110111111111011101111111111111111111111
111181110111111110000000000000111111101111111111111110111111111110111111111101011111111111111111111111
111181110111111111111111101111111111101111111111111110111111111101111111111101011111111111111111111111
111118110111111111111111101111111111101111111111111110111111111011111111111110111111111111111111111111
111118111011111111111111101111111111101111111111111101111100000111111111111110111111111111111111111111
111118111101111111111111101111111111101111111100000011111011110111000000000000111111111111111111111111
111111811110111111111111101111111111101111110011111001111011101110111111111110111111111111111111111111
111111811111011111111111101111111111101111001111110110011011101110111111111111011111111111111111111111
111111811111101111111111101111111111101100011111110111100011101110111111111111011111111111111111111111
111111181111110111111111101111000000000011101111110111110100001101111111111111101111111111111111111111
111111181111110111111111100000111111101111110111110111110111110000000000000000001111111111111111111111
111111181111110111111111101111111111101111110000000111110111110111111011111111101111111111111111111111
111111181111110111111111101111111111101111111111110111110111110111111011111111011111111111111111111111
111111181111110111111111101111111111101111111111110111110111110111111011111111011111111111111111111111
111111118111110111111111101111111111101111111111110111110111101111111011111111011111111111111111111111
111111118111111011111111101111111111101111111111110111110111011111110111111111011111111111111111111111
111111118111111101111111101111111111101111111111110000000000000000001111111110111111111111111111111111
111111118111111110111111101111100000001111111111110111111111111111101111111110111111111111111111111111
111111111811111110111111100000011111111111111111110111111111111111111111111110111111111111111111111111
111111111811111111011111101111111111111111111111110111111111111111111111111110111111111111111111111111
111111111181111111101111101111111111111111111111110111111111111111111111111101111111111111111111111111
111111111181111111101111101111111111111100000000000000011111111111000000000011111111111111111111111111
111111111118111111110111101111111111111101101110110111100011111100111111111011111111111111111111111111
111111111111811111111011110111111111111101101110110111111100000011111111111011111111111111111111111111
111111111111181111111011000000000000111101101110110111111111111111111111111011111111111111111111111111
111111111111118111111010111110111111011101101110110111111111111111111111111011111111111111111111111111
111111111111111811111101111110000000000000000000110111111111111111111111111011111111111111111111111111
111111111111111181111101111110111111111111111100000000111111111111111111111011111111111111111111111111
111111111111111118111101111110000000000000000011111111000000000000000000000011111111111111111111111111
111111111111111111811110111101111111111111111111111111111111111111111111111111111111111111111111111111
111111111111111111181111010011111111111111111111111111111111111111111111111111111111111111111111111111
111111111111111111118111101111111111111111111111111111111111111111111111111111111111111111111111111111
111111111111111111111811111111111111111111111111111111111111111111111111111111111111111111111111111111
144444444444444444444444444444444444444444444444444444444444444444444444444444444444444444444444444441
144444444444444444444444444444444444444444444444444444444444444444444444444444444444444444444444444441
144444444444444444444444444444444444444444444444444444444444444444444444444444444444444444444444444441
144444444444444444444444444444444444444444444444444444444444444444444444444444444444444444444444444441
144444444444444444444444444444444444444444444444444444444444444444444444444444444444444444444444444441
144444444444444444444444444444444444444444444444444444444444444444444444444444444444444444444444444441
144444444444444444444444444444444444444444444444444444444444444444444444444444444444444444444444444441
144444444444444444444444444444444444444444444444444444444444444444444444444444444444444444444444444441
144444444444444444444444444444444444444444444444444444444444444444444444444444444444444444444444444441
144444444444444444444444444444444444444444444444444444444444444444444444444444444444444444444444444441
111111111111111111111111111111111111111111111111111111111111111111111111111111111111111111111111111111