111111111111111111111111111111111111111111111111111111111111111111111111111111111111111111111111111111
111111111111111111111111111111111111111111111111111111111111111111111111111181111111111111111111111111
111111111111111111111111111111111111111111111111111111888888888888888888888811000011111111111111111111
111111111111111111111111111111111111111111111888888888111111111111111111111110011100000000000000000011
111111111111111111111111111111111111111111888111111111111011111111111111111101101111111111111111100011
111111111111111111111111111111111111111188111111111111000101111111111111111011110111111111111111011011
111111111111111111111111111111111111888811111111111110111110111111101111110111111011111111111110111011
111111111111111111111111111111118888111111111111111100111111000000010111101111111101111111111101111011
111111111111111111111111111888881111111111111111111011011111011111111010011111111101111111111011111011
111111111111111111111111118111111111111111111111111011101111011111111100111111111101111111110111111011
111111111111111111111111811111111111111111111110000011101111011111111011000111110011111111101111111011
111111111111111111111181111111111111111100000001111011101111011111110111111000000111111111011111111011
111111111111111111118111111111111111111011111101111011101111011111000111111110111011110000111111111011
111111111111111111181111111111111111000111111101111011101111100000111001111101111100001111111111111011
111111111111111111811111111111111110111111111110111011101111101111111110010011111111101111111111111011
111111111111111181111111111111111001111111111110110111101111101111111111100111111111011111111111111011
111111111111111811111111111111000111111111111110000000000000000001111100011001111110111111111111111011
111111111111118111111111111110100001111111111110110111101111101110111011111110001101111111111111111011
111111111111811111111111111001101110011111111110110111101111101111010111111111110011111111111111111011
111111111118111111111111100111101111100000000000000000001111101111101111111111110111111111111111111011
111111111181111111111111000001101111111111111111110111101111101111011111111111101111111111111111111011
111111111811111111110000101110101111111111111111110111101111101111011111111111011111111111111111111011
111111118111111111101111101111000000000000011111110111101111101111011111111110111111111111111111111011
111111118111111110011111101111101111111111100000000000000000000110111111111101111111111111111111110011
111111118111111001111111101111101111111111111111111111111111111000000111111101111111111111111100001111
111111118111110111111111101111101111111111111111111111111111111110111000111011111111111111111011111111
111111181111101111111111101111011111111111111111111111111111111110111111010111111111111100000111111111
111111181100011111111111101111011111111111111111111111111111111110111111101111111001110011111111111111
111111181011111111111111101111011111111111111111111111111111111110111111010111111010001111111111111111
111111811101111111111111100111011111111111111111111111111111111111011110111011111010101111111111111111
111111811101111111111111101000011111111111111111111111111111111111101001111101111010101111111111111111
111111811101111111111111101111011111111111111111111111111111111111110111111110011010101111111111111111
111111811101111111111111101111011111111111111111111111111111111111101111111111101010101111111111111111
111118111101111111111111101111011111111111111111111111111111111111011111111111110010101111111111111111
111118111110111111111111100011011111111111111111111111111111111110111111111111111000101111111111111111
111118111110111111111111101100011111111111111111111111111111111110011111111111111110000001111111111111
111181111110111111111111101111011111111111111111111111111111111101101111111100000001111100011111111111
111181111110111111111111101111011111111111111111111111111111111101110111111011111111111011101111111111
111181111110111111111111001111011111111111111111111111111111111011111011000111111111111011110111111111
111181111111000000000000101111011111111111111111111111111111110111111100111111111111111011111011111111
111181111111101111111111011111011000011111111111111111111111101011111000111111111111110111111101111111
111181111111101111111111011111011011100000000000000000111111011100100101111111111111110111111110111111
111181111111110111111111011111011011111111111111011111000000111111011101111111111111110111111111011111
111181111111110111111111011111011011111111111111011111101110011110111101111111111111110111111111101111
111181111111110111111111011111011011111111111111011111101110100101111101111111111111101111111111110111
111181111111110111111111011111000000000000000000011111011101111011111101111111111111101111111111111011
111181111111110111111111011111111111111111111110100000111001111011111011111111111111101111111111111011
111181111111111011111111011111111111111111111110111110111010110111110001111111111111011111111111111011
111181111111111011111111011111111111111111111110111110110111001111110110001111111110111111111111111011
111181111111111011111111011111111111111111111110111101110111110111110111110001111110111111111111111011
111181111111111000000000000000000111111111111110001101101111110111110111111100000000000011111111111011
111181111111110101111111011111110000011111111110110011101111111011101111111101111101111100011111111011
111181000000001101111111011111110111100011111110111011101111111011011111111101111101111111100011111011
111181101111111101111111101111110111111011111110110111011111111100111111111101111011111111111100010111
111181101111111101111111101111110111111011111110110111011111111110111111111000000011111111111111101111
111181110111111101111111101111110111111000000000000111011111111111011111111011111011111111111111111111
111181110111111101111111101111110111111111111111110000011111111111100011111011110111111111111111111111
111181110111111101111111101111110111101111111111111111011111111111011100000111110111111111111111111111
111181111011111101111111101000000000001111111111111110111111111110111111110111101111111111111111111111
111181111011111110000000000111111111101111111111111110111111111101111111111011101111111111111111111111
111181111101111111111111101111111111101111111111111110111111111101111111111101101111111111111111111111
111118111101111111111111101111111111101111111111111110111111111011111111111110101111111111111111111111
111118111110111111111111101111111111101111111111111101111100001011111111111110011111111111111111111111
111118111111011111111111101111111111101111111111111001111101110111000000000000111111111111111111111111
111111811111101111111111101111111111101111111111100010111011101110111111111111011111111111111111111111
111111811111110111111111101111111111101100000000011011010111101101111111111111011111111111111111111111
111111811111110111111111101111111111100011011111111011100001101011111111111111011111111111111111111111
111111181111111011111111101100000000001111011111110111110110000011111111111111101111111111111111111111
111111181111111101111111100011111111101111101111110111110111111000000000000000001111111111111111111111
111111181111111101111111101111111111101111110000000111110111111011111101111111011111111111111111111111
111111181111111110111111101111111111101111111111110111110111111011111011111111011111111111111111111111
111111181111111111011111101111111111101111111111110111110111110111111011111111011111111111111111111111
111111118111111111011111101111111111101111111111110111110111101111110111111111011111111111111111111111
111111118111111111011111101111111111101111111111110111110111011111101111111111011111111111111111111111
111111118111111111011111101111111111101111111111110000000000000000001111111111011111111111111111111111
111111118111111111101111101111111110001111111111110111111111111111101111111110111111111111111111111111
111111111811111111101111100000000001111111111111110111111111111111111111111101111111111111111111111111
111111111811111111101111101111111111111111111111110111111111111111111111111101111111111111111111111111
111111111181111111101111101111111111111111111111110111111111111111111111111101111111111111111111111111
111111111181111111110111101111111111111100000000000111111111111111111100000011111111111111111111111111
111111111118111111110111101111111111111101101110110000011111111111100011111011111111111111111111111111
111111111111811111111011101111111111111101101110110111100000000000011111111011111111111111111111111111
111111111111181111111011000000000000111101101110110111111111111111111111111011111111111111111111111111
111111111111118111111100111110111110111101101110110111111111111111111111111011111111111111111111111111
111111111111111811111101111110100000000000000000110111111111111111111111111011111111111111111111111111
111111111111111181111110111110011111111100000000000000000011111111111111111011111111111111111111111111
111111111111111118111110111111111111110011111111111111111100000000000000000011111111111111111111111111
111111111111111111811111011111111111001111111111111111111111111111111111111111111111111111111111111111
111111111111111111181111101000000000111111111111111111111111111111111111111111111111111111111111111111
111111111111111111118111100111111111111111111111111111111111111111111111111111111111111111111111111111
111111111111111111111811111111111111111111111111111111111111111111111111111111111111111111111111111111
144444444444444444444444444444444444444444444444444444444444444444444444444444444444444444444444444441
144444444444444444444444444444444444444444444444444444444444444444444444444444444444444444444444444441
144444444444444444444444444444444444444444444444444444444444444444444444444444444444444444444444444441
144444444444444444444444444444444444444444444444444444444444444444444444444444444444444444444444444441
144444444444444444444444444444444444444444444444444444444444444444444444444444444444444444444444444441
144444444444444444444444444444444444444444444444444444444444444444444444444444444444444444444444444441
144444444444444444444444444444444444444444444444444444444444444444444444444444444444444444444444444441
144444444444444444444444444444444444444444444444444444444444444444444444444444444444444444444444444441
144444444444444444444444444444444444444444444444444444444444444444444444444444444444444444444444444441
144444444444444444444444444444444444444444444444444444444444444444444444444444444444444444444444444441
111111111111111111111111111111111111111111111111111111111111111111111111111111111111111111111111111111