111111111111111111111111111111111111111111111111111111111111111111111111111111111111111111111111111111
111111111111111111111111111111111111111111111111111111111111111111111111111181111111111111111111111111
111111111111111111111111111111111111111111111111111111888888888888888888888811000111111111111111111111
111111111111111111111111111111111111111111111888888888111111111111111111111110101000000000000000000011
111111111111111111111111111111111111111111888111111111111011111111111111111101110111111111111111110011
111111111111111111111111111111111111111188111111111111000101111111111111111011111011111111111111101011
111111111111111111111111111111111111888811111111111110111110111100001111110111111011111111111110011011
111111111111111111111111111111118888111111111111111100111111000011110111101111111011111111111101111011
111111111111111111111111111888881111111111111111111011011111011111111011011111111101111111111011111011
111111111111111111111111118111111111111111111111111011101111011111111100011111111101111111110111111011
111111111111111111111111811111111111111111111111111011101111011111111011101111110011111111101111111011
111111111111111111111181111111111111111111110000000011101111101111110111110000000011111110011111111011
111111111111111111118111111111111111110000001110111011101111101000001111111110111101111101111111111011
111111111111111111181111111111111111101111111110111011101111100111110111111101111110000011111111111011
111111111111111111811111111111111111011111111110111011101111101111111000110011111111011111111111111011
111111111111111181111111111111110000111111111110111011101111101111111111000000011111011111111111111011
111111111111111811111111111110001111111111111110000000000000000011111111011111101110111111111111111011
111111111111118111111111111001100011111111111110110111101111101101111000111111110101111111111111111011
111111111111811111111111110111101100011111111110110111101111101110010111111111111011111111111111111011
111111111118111111111111101111101111100000000000000000001111101111101111111111110111111111111111111011
111111111181111111111111000011101111111111111111110111101111101111011111111111101111111111111111111011
111111111811111111111110101101101111111111111111110111101111101111011111111111011111111111111111111011
111111118111111111111001101110000000000001111111110111101111101110111111111110111111111111111111111011
111111118111111111110111101111101111111110000000000000000000000000111111111101111111111111111111110011
111111118111111111101111101111101111111111111111111111111111111110001111111011111111111111111100001111
111111118111111110011111101111101111111111111111111111111111111110110111110111111111111110000011111111
111111181111100001111111101111011111111111111111111111111111111110111000010111111111111101111111111111
111111181110011111111111101111011111111111111111111111111111111110111111101111111001111011111111111111
111111181001111111111111101111011111111111111111111111111111111110111110010011111010000111111111111111
111111811101111111111111101111011111111111111111111111111111111111011101111101111010101111111111111111
111111811101111111111111100000011111111111111111111111111111111111101011111110111010101111111111111111
111111811101111111111111101111011111111111111111111111111111111111110111111111011010101111111111111111
111111811101111111111111101111011111111111111111111111111111111111101111111111101010101111111111111111
111118111101111111111111101111011111111111111111111111111111111111011111111111110010101111111111111111
111118111101111111111111100000011111111111111111111111111111111110111111111111111000101111111111111111
111118111101111111111111101111011111111111111111111111111111111101001111111111111110000001111111111111
111181111101111111111111101111011111111111111111111111111111111011110111111100000001111100011111111111
111181111110111111111111101111011111111111111111111111111111111011111011110011111111111101101111111111
111181111110111111111110001111011111111111111111111111111111110111111101101111111111111101110111111111
111181111111000000000001101111011111111111111111111111111111110011111110011111111111111101111011111111
111181111111011111111111101111011000000000000000111111111111101101111000111111111111111011111101111111
111181111111011111111111101111011011111111111111000000011111011110110101111111111111110111111110111111
111181111111101111111111101111011011111111111111011111100000011111001101111111111111110111111111011111
111181111111110111111111101111011011111111111111011111011101101110111011111111111111110111111111101111
111181111111110111111111101111011011111111111111011111011101110101110111111111111111110111111111110111
111181111111111011111111101111000000000000000000001111011101111011110111111111111111101111111111111011
111181111111111101111111011111111111111111111111010000111011110111110111111111111111101111111111111011
111181111111111101111111011111111111111111111111011101110101110111110001111111111111101111111111111011
111181111111111101111111011111111111111111111111011101110110001111101110011111111111011111111111111011
111181111111111101111111011111111111111111111110111011110111110111101111100000011110111111111111111011
111181111111111100000000000000000111111111111110111011110111111011011111111101100000000111111111111011
111181111111110001111111011111110011111111111110000011110111111011011111111011111101111000001111110111
111181000000001101111111011111110100000011111110110111101111111011011111111011111011111111110111110111
111181011111111101111111011111111011111011111110110111101111111101011111111011111011111111111001110111
111181101111111101111111011111111011111011111110110111101111111110111111111000000011111111111110001111
111181110111111101111111011111111011111000000000000111011111111111011111111011111011111111111111111111
111181110111111110111111011111111011111111111111110000011111111111100111110111111011111111111111111111
111181111011111110111111011111111010001111111111111111011111111111011000000111110111111111111111111111
111181111011111110111111011000000001101111111111111111011111111110111111111011110111111111111111111111
111181111101111110000000000111111111101111111111111110111111111101111111111101110111111111111111111111
111181111101111111111111101111111111101111111111111101111111111011111111111101101111111111111111111111
111118111101111111111111101111111111101111111111111101111111110111111111111101011111111111111111111111
111118111101111111111111101111111111101111111111111101111101110111111111111110111111111111111111111111
111118111110111111111111101111111111101111111110000011111100000111000000000000111111111111111111111111
111111811110111111111111101111111111101111111101111001111101110110111111111110111111111111111111111111
111111811111011111111111101111111111101000000011111010001011110101111111111111011111111111111111111111
111111811111011111111111101111111111100111011111111011110001101011111111111111011111111111111111111111
111111181111101111111111100000000000001111011111111011110110011011111111111111101111111111111111111111
111111181111110111111111101111111111101111101111110111110111100000000000000000001111111111111111111111
111111181111111011111111101111111111101111110000000111110111110111111011111111101111111111111111111111
111111181111111101111111101111111111101111111111110111110111110111111011111111101111111111111111111111
111111181111111110111111101111111111101111111111110111110111101111110111111111011111111111111111111111
111111118111111110111111101111111111101111111111110111110111101111101111111111011111111111111111111111
111111118111111111011111101111111111101111111111110111110111101111101111111111011111111111111111111111
111111118111111111011111101111111111101111111111110000000000000000101111111111011111111111111111111111
111111118111111111011111101111111100001111111111110111111111111111001111111110111111111111111111111111
111111111811111111101111100000000011111111111111110111111111111111111111111110111111111111111111111111
111111111811111111101111101111111111111111111111110111111111111111111111111101111111111111111111111111
111111111181111111110111101111111111111111111111110111111111111111111111111011111111111111111111111111
111111111181111111110111110111111111111100000000000000111111111111111110000011111111111111111111111111
111111111118111111111011110111111111111101101110110111000000111111000001111011111111111111111111111111
111111111111811111111011110111111111111101101110110111111111000000111111111011111111111111111111111111
111111111111181111111011110000000000111101101110110111111111111111111111111011111111111111111111111111
111111111111118111111011001110111111011101101110110111111111111111111111111011111111111111111111111111
111111111111111811111100111110111000000000000000110111111111111111111111111011111111111111111111111111
111111111111111181111101111110000111111111100000000000000000000011111111111011111111111111111111111111
111111111111111118111110111111111100000000011111111111111111111100000000000011111111111111111111111111
111111111111111111811111011111100011111111111111111111111111111111111111111111111111111111111111111111
111111111111111111181111100000011111111111111111111111111111111111111111111111111111111111111111111111
111111111111111111118111101111111111111111111111111111111111111111111111111111111111111111111111111111
111111111111111111111811111111111111111111111111111111111111111111111111111111111111111111111111111111
144444444444444444444444444444444444444444444444444444444444444444444444444444444444444444444444444441
144444444444444444444444444444444444444444444444444444444444444444444444444444444444444444444444444441
144444444444444444444444444444444444444444444444444444444444444444444444444444444444444444444444444441
144444444444444444444444444444444444444444444444444444444444444444444444444444444444444444444444444441
144444444444444444444444444444444444444444444444444444444444444444444444444444444444444444444444444441
144444444444444444444444444444444444444444444444444444444444444444444444444444444444444444444444444441
144444444444444444444444444444444444444444444444444444444444444444444444444444444444444444444444444441
144444444444444444444444444444444444444444444444444444444444444444444444444444444444444444444444444441
144444444444444444444444444444444444444444444444444444444444444444444444444444444444444444444444444441
144444444444444444444444444444444444444444444444444444444444444444444444444444444444444444444444444441
111111111111111111111111111111111111111111111111111111111111111111111111111111111111111111111111111111