111111111111111111111111111111111111111111111111111111111111111111111111111111111111111111111111111111
111111111111111111111111111111111111111111111111111111111111111111111111111181111111111111111111111111
111111111111111111111111111111111111111111111111111111888888888888888888888811000000001111111111111111
111111111111111111111111111111111111111111111888888888111111111111111111111100011111110000000000000011
111111111111111111111111111111111111111111888111111111111011111111111111111011101111111111111111110011
111111111111111111111111111111111111111188111111111111100101111111111111110111101111111111111111101011
111111111111111111111111111111111111888811111111111110011110100000001111101111101111111111111111011011
111111111111111111111111111111118888111111111111111100111111011111110111011111110111111111111110111011
111111111111111111111111111888881111111111111111111101011111011111111010111111111011111111111001111011
111111111111111111111111118111111111111111111111111011101111011111111100111111111101111111100111111011
111111111111111111111111811111111111111111111111110011101111011111111011000001111011111111011111111011
111111111111111111111181111111111111111111111100001011101111011111110111111110000111111110111111111011
111111111111111111118111111111111111100000000001111011101111101100001111111110101111111101111111111011
111111111111111111181111111111111100011111111101111011101111100011110111111101110000000011111111111011
111111111111111111811111111111111011111111111110110111101111101111111011111011111111011111111111111011
111111111111111181111111111111110111111111111110110111101111101111111100000001111111011111111111111011
111111111111111811111111111110000011111111111110000000000000000111111110111110001110111111111111111011
111111111111118111111111111101101100111111111110110111101111101000111101111111110101111111111111111011
111111111111811111111111110011101111011111111110110111101111101111011011111111111011111111111111111011
111111111118111111111111101111101111100000000000000000001111101111100111111111110111111111111111111011
111111111181111111111111000011101111111111111111110111101111101111011111111111101111111111111111111011
111111111811111111111110101100001111111111111111110111101111101111011111111111011111111111111111111011
111111118111111111111101101111100000000000000000000111101111101110111111111110111111111111111111111011
111111118111111111100011101111101111111111111111110000000000001110111111111101111111111111111111000011
111111118111100000011111101111101111111111111111111111111111110000000001111011111111111111111100111111
111111118111011111111111101111011111111111111111111111111111111110111110110111111111111111110011111111
111111181110111111111111101111011111111111111111111111111111111110111111001111111111111111001111111111
111111181101111111111111101111011111111111111111111111111111111110111111101111111001111100111111111111
111111181011111111111111101111011111111111111111111111111111111110111111010111111010000011111111111111
111111811011111111111111100011011111111111111111111111111111111111011100111011111010101111111111111111
111111811101111111111111101100011111111111111111111111111111111111101011111101111010101111111111111111
111111811101111111111111101111011111111111111111111111111111111111110111111110111010101111111111111111
111111811101111111111111101111011111111111111111111111111111111111101111111111011010101111111111111111
111118111101111111111111101111011111111111111111111111111111111111011111111111101010101111111111111111
111118111101111111111111100000011111111111111111111111111111111110111111111111110010101111111111111111
111118111110111111111111101111011111111111111111111111111111111101011111111111111100000001111111111111
111181111110111111111111101111011111111111111111111111111111111011101111111111110001111010011111111111
111181111110111111111111101111011111111111111111111111111111110111110111110000001111111011101111111111
111181111110111000000000001111011111111111111111111111111111110111111001101111111111111011110111111111
111181111111000111111111101111011111111111111111111111111111110111111110011111111111111011111011111111
111181111111101111111111101111011000011111111111111111111111101011110000111111111111110111111101111111
111181111111101111111111101111011011100000000000011111111111011101101101111111111111101111111110111111
111181111111110111111111101111011011111111111111000000000000111110011011111111111111101111111111011111
111181111111110111111111101111011011111111111111011111101101011110111011111111111111011111111111101111
111181111111110111111111101111011011111111111111011111011101100101110111111111111111011111111111110111
111181111111111011111111101111000000000000000000000010111011111011110111111111111110111111111111111011
111181111111111011111111101111111111111111111111011100111000110111110111111111111110111111111111111011
111181111111111101111111101111111111111111111111011110111011001111110011111111111101111111111111110111
111181111111111101111111101111111111111111111110111101111011101111101100011111111101111111111111110111
111181111111111101111111101111111111111111111110111011110111110111101111100001111101111111111111110111
111181111111100000000000000000000001111111111110111011110111110111011111111100000000011111111111110111
111181100000011101111111011111110110111111111110000011110111111011011111111011111101101111111111101111
111181011111111101111111011111111011000011111110111011110111111101011111111011111011110000011111101111
111181101111111101111111011111111011111011111110110111101111111101011111111011111011111111100011101111
111181110111111101111111011111111011111011111110110111011111111110111111111000000011111111111100001111
111181110111111101111111011111111011111000000000010111011111111111011111110111111011111111111111111111
111181110111111101111111011111111011111111111111100000011111111111100000000111110111111111111111111111
111181110111111101111111101111111011001111111111111111011111111111011111110111110111111111111111111111
111181110111111101111111101111100000101111111111111110111111111111011111110111101111111111111111111111
111181111011111110000000000000011111101111111111111110111111111110111111111011011111111111111111111111
111181111101111111111111101111111111101111111111111101111111111110111111111100111111111111111111111111
111118111110111111111111101111111111101111111111111101111111111101111111111100111111111111111111111111
111118111111011111111111101111111111101111111111111101111100111011111111111100111111111111111111111111
111118111111101111111111101111111111101111111111100011111101000111000000000000111111111111111111111111
111111811111101111111111101111111111101111110000010101111011110110111111111111011111111111111111111111
111111811111101111111111101111111111101100001111110110110111101110111111111111101111111111111111111111
111111811111110111111111101111111111101011101111110111000111101101111111111111101111111111111111111111
111111181111111011111111101111110000000111101111110111110000001011111111111111101111111111111111111111
111111181111111011111111100000001111101111110111110111110111110000000000000000001111111111111111111111
111111181111111101111111101111111111101111110000000111110111110111111101111111011111111111111111111111
111111181111111110111111101111111111101111111111110111110111110111111011111111011111111111111111111111
111111181111111110111111101111111111101111111111110111110111101111111011111111011111111111111111111111
111111118111111111011111101111111111101111111111110111110111011111111011111111011111111111111111111111
111111118111111111011111101111111111101111111111110111110111011111111011111111011111111111111111111111
111111118111111111011111101111111111101111111111110000000000001111110111111110111111111111111111111111
111111118111111111011111101111111000001111111111110111111111110000001111111110111111111111111111111111
111111111811111111101111100000000111111111111111110111111111111111111111111101111111111111111111111111
111111111811111111101111101111111111111111111111110111111111111111111111111011111111111111111111111111
111111111181111111101111101111111111111111111111110111111111111111111111111011111111111111111111111111
111111111181111111101111110111111111111100000000000001111111111111111111110011111111111111111111111111
111111111118111111110111110111111111111101101110110110000000111100000000001011111111111111111111111111
111111111111811111110111110111111111111101101110110111111111000011111111111011111111111111111111111111
111111111111181111111011100000000000111101101110110111111111111111111111111011111111111111111111111111
111111111111118111111010011110111110111101101110110111111111111111111111111011111111111111111111111111
111111111111111811111101111110111111000000000000110111111111111111111111111011111111111111111111111111
111111111111111181111101111110000000111111100000000000000000000000000001111011111111111111111111111111
111111111111111118111101111111100000000000011111111111111111111111111110000011111111111111111111111111
111111111111111111811110111110011111111111111111111111111111111111111111111111111111111111111111111111
111111111111111111181111011001111111111111111111111111111111111111111111111111111111111111111111111111
111111111111111111118111100111111111111111111111111111111111111111111111111111111111111111111111111111
111111111111111111111811111111111111111111111111111111111111111111111111111111111111111111111111111111
144444444444444444444444444444444444444444444444444444444444444444444444444444444444444444444444444441
144444444444444444444444444444444444444444444444444444444444444444444444444444444444444444444444444441
144444444444444444444444444444444444444444444444444444444444444444444444444444444444444444444444444441
144444444444444444444444444444444444444444444444444444444444444444444444444444444444444444444444444441
144444444444444444444444444444444444444444444444444444444444444444444444444444444444444444444444444441
144444444444444444444444444444444444444444444444444444444444444444444444444444444444444444444444444441
144444444444444444444444444444444444444444444444444444444444444444444444444444444444444444444444444441
144444444444444444444444444444444444444444444444444444444444444444444444444444444444444444444444444441
144444444444444444444444444444444444444444444444444444444444444444444444444444444444444444444444444441
144444444444444444444444444444444444444444444444444444444444444444444444444444444444444444444444444441
111111111111111111111111111111111111111111111111111111111111111111111111111111111111111111111111111111