111111111111111111111111111111111111111111111111111111111111111111111111111111111111111111111111111111
111111111111111111111111111111111111111111111111111111111111111111111111111181111111111111111111111111
111111111111111111111111111111111111111111111111111111888888888888888888888811000000000000001111111111
111111111111111111111111111111111111111111111888888888111111111111111111111110101111111111110000000011
111111111111111111111111111111111111111111888111111111111011111111111111111001110111111111111111110011
111111111111111111111111111111111111111188111111111111110101111111111111110111110111111111111111001011
111111111111111111111111111111111111888811111111111110001110111100001111101111110111111111111110111011
111111111111111111111111111111118888111111111111111101011111000011110111011111111011111111111101111011
111111111111111111111111111888881111111111111111111011011111101111111010111111111011111111111011111011
111111111111111111111111118111111111111111111111111011101111101111111101111111111101111111110111111011
111111111111111111111111811111111111111111111111110011101111101111111010001111111011111110001111111011
111111111111111111111181111111111111111111110000001011101111101111110111110000000111111101111111111011
111111111111111111118111111111111111100000001101111011101111101000001111111110110111110011111111111011
111111111111111111181111111111111111011111111110111011101111100111110011111101111000001111111111111011
111111111111111111811111111111111110111111111110110111101111101111111100111011111111011111111111111011
111111111111111181111111111111111001111111111110110111101111101111111111000001111110111111111111111011
111111111111111811111111111100000111111111111110000000000000001111111110011110111110111111111111111011
111111111111118111111111111011100011111111111110110111101111100011111001111111001101111111111111111011
111111111111811111111111110111101101111111111110110111101111101101110111111111110011111111111111111011
111111111118111111111111100111101110000000000000000000001111101110001111111111110111111111111111111011
111111111181111111111111001001101111111111111111110111101111101111101111111111101111111111111111111011
111111111811111111111110101110001111111111111111110111101111101111101111111111011111111111111111111011
111111118111111111111101101111100000000000000001110111101111101111011111111110111111111111111111111011
111111118111111111100011101111101111111111111110000000000000000010111111111101111111111111111111111011
111111118111111000011111101111101111111111111111111111111111111100001111111011111111111111000000000111
111111118111110111111111101111011111111111111111111111111111111110110001110111111111111100111111111111
111111181111101111111111101111011111111111111111111111111111111110111110110111111111111011111111111111
111111181100011111111111101111011111111111111111111111111111111110111111001111111001110111111111111111
111111181011111111111111101111011111111111111111111111111111111110111110010111111010001111111111111111
111111811011111111111111100000011111111111111111111111111111111111011101111011111010101111111111111111
111111811011111111111111101111011111111111111111111111111111111111101011111101111010101111111111111111
111111811101111111111111101111011111111111111111111111111111111111110111111110111010101111111111111111
111111811101111111111111101111011111111111111111111111111111111111101111111111001010101111111111111111
111118111101111111111111101111011111111111111111111111111111111111011111111111110010101111111111111111
111118111101111111111111100111011111111111111111111111111111111110111111111111111010101111111111111111
111118111110111111111111101000011111111111111111111111111111111110011111111111111100000001111111111111
111181111110111111111111101111011111111111111111111111111111111101101111111111110001111100111111111111
111181111110111111111111101111011111111111111111111111111111111011110011111111101111111011011111111111
111181111111011111000000001111011111111111111111111111111111111011111101111110011111111011101111111111
111181111111000000111111101111011111111111111111111111111111110111111100000001111111111011110111111111
111181111111011111111111101111011000000000001111111111111111101011111001111111111111110111111011111111
111181111111011111111111101111011011111111110000000111111111011101100101111111111111101111111101111111
111181111111011111111111101111011011111111111111011000000000111110011101111111111111011111111110011111
111181111111011111111111101111011011111111111111011111011110011110111101111111111111011111111111101111
111181111111101111111111101111011011111111111111011110111110101101111011111111111111011111111111110111
111181111111101111111111101111000000000000000000011110111101110011110111111111111110111111111111111011
111181111111101111111111101111111111111111111111000000111011110111110111111111111110111111111111111011
111181111111101111111111101111111111111111111111011110110100101111110111111111111101111111111111111011
111181111111110111111111101111111111111111111111011110101111001111101011111111111101111111111111111011
111181111111111011111111011111111111111111111111011101101111110111011100000001111101111111111111111011
111181111111111000000000000000000000111111111110001011101111110111011111111100000000111111111111110111
111181110000000101111111011111110111011111111110110011101111111011011111111101111011000001111111110111
111181001111111101111111011111110111100011111110111011101111111101011111111101111011111110011111110111
111181011111111110111111011111110111111011111110111011101111111101011111111101111011111111100111110111
111181011111111110111111011111110111111011111110111011101111111110111111111000000011111111111000001111
111181101111111110111111011111110111111000000000011011101111111111011111111011110111111111111111111111
111181110111111110111111101111111011111111111111100011101111111111100000010111110111111111111111111111
111181111011111110111111101111111011101111111111111100011111111111011111100111101111111111111111111111
111181111011111110111111101111110000001111111111111111011111111110111111110111101111111111111111111111
111181111011111110000000000000001111101111111111111110111111111101111111111011101111111111111111111111
111181111101111111111111101111111111101111111111111110111111111101111111111101011111111111111111111111
111118111110111111111111101111111111101111111111111101111111111011111111111101011111111111111111111111
111118111110111111111111101111111111101111111111111011111100110111111111111100111111111111111111111111
111118111111011111111111101111111111101111111111110011111011000111000000000000111111111111111111111111
111111811111011111111111101111111111101111111000001000111011101110111111111110111111111111111111111111
111111811111101111111111101111111111101110000111111011000111101101111111111110111111111111111111111111
111111811111110111111111101111111111101101011111111011110000011101111111111111011111111111111111111111
111111181111110111111111101111110000000011101111110111110111011011111111111111101111111111111111111111
111111181111111011111111100000001111101111101111110111110111100000000000000000001111111111111111111111
111111181111111011111111101111111111101111110000000111110111110111111011111111101111111111111111111111
111111181111111011111111101111111111101111111111110111110111110111111011111111011111111111111111111111
111111181111111101111111101111111111101111111111110111110111101111111011111111011111111111111111111111
111111118111111110111111101111111111101111111111110111110111101111111011111111011111111111111111111111
111111118111111110111111101111111111101111111111110111110111101111110111111111011111111111111111111111
111111118111111111011111101111111111101111111111110000000000011111101111111110111111111111111111111111
111111118111111111011111101111111111101111111111110111111111100000001111111110111111111111111111111111
111111111811111111011111100000000000011111111111110111111111111111111111111101111111111111111111111111
111111111811111111101111101111111111111111111111110111111111111111111111111011111111111111111111111111
111111111181111111101111110111111111111111111111110111111111111111111111111011111111111111111111111111
111111111181111111110111110111111111111100000000000001111111111111111110000011111111111111111111111111
111111111118111111110111110111111111111101101110110110000000111110000001111011111111111111111111111111
111111111111811111110111110111111111111101101110110111111111000001111111111011111111111111111111111111
111111111111181111111011000000000000111101101110110111111111111111111111111011111111111111111111111111
111111111111118111111010111110111111011101101110110111111111111111111111111011111111111111111111111111
111111111111111811111101111110111110000000000000110111111111111111111111111011111111111111111111111111
111111111111111181111110111110000001111111111111110000000000000000001111111011111111111111111111111111
111111111111111118111110111111000000000000000000001111111111111111110000000011111111111111111111111111
111111111111111111811110111100111111111111111111111111111111111111111111111111111111111111111111111111
111111111111111111181111011011111111111111111111111111111111111111111111111111111111111111111111111111
111111111111111111118111100111111111111111111111111111111111111111111111111111111111111111111111111111
111111111111111111111811111111111111111111111111111111111111111111111111111111111111111111111111111111
144444444444444444444444444444444444444444444444444444444444444444444444444444444444444444444444444441
144444444444444444444444444444444444444444444444444444444444444444444444444444444444444444444444444441
144444444444444444444444444444444444444444444444444444444444444444444444444444444444444444444444444441
144444444444444444444444444444444444444444444444444444444444444444444444444444444444444444444444444441
144444444444444444444444444444444444444444444444444444444444444444444444444444444444444444444444444441
144444444444444444444444444444444444444444444444444444444444444444444444444444444444444444444444444441
144444444444444444444444444444444444444444444444444444444444444444444444444444444444444444444444444441
144444444444444444444444444444444444444444444444444444444444444444444444444444444444444444444444444441
144444444444444444444444444444444444444444444444444444444444444444444444444444444444444444444444444441
144444444444444444444444444444444444444444444444444444444444444444444444444444444444444444444444444441
111111111111111111111111111111111111111111111111111111111111111111111111111111111111111111111111111111