111111111111111111111111111111111111111111111111111111111111111111111111111111111111111111111111111111
111111111111111111111111111111111111111111111111111111111111111111111111111181111111111111111111111111
111111111111111111111111111111111111111111111111111111888888888888888888888810000000000000000000111111
111111111111111111111111111111111111111111111888888888111111111111111111111101101111111111111111000011
111111111111111111111111111111111111111111888111111111100011111111111111111011101111111111111111101011
111111111111111111111111111111111111111188111111111111011101111111111111110111110111111111111111011011
111111111111111111111111111111111111888811111111111110111110110000001111101111111011111111111110111011
111111111111111111111111111111118888111111111111111110011111001111110111011111111011111111111101111011
111111111111111111111111111888881111111111111111111101101111011111111010111111111101111111111011111011
111111111111111111111111118111111111111111111111111101101111011111111100000011111101111111110111111011
111111111111111111111111811111111111111111111111100011101111011111111011111101110011111111001111111011
111111111111111111111181111111111111111111111100011011101111011111110111111110000111111100111111111011
111111111111111111118111111111111111111000000010111011101111101000000111111110111000011011111111111011
111111111111111111181111111111111111100111111110110111101111100111111011111101111111100111111111111011
111111111111111111811111111111111110011111111110110111101111101111111101111011111111011111111111111011
111111111111111181111111111111110001111111111110110111101111101111111110000001111110111111111111111011
111111111111111811111111111111000011111111111110000000000000000111111110111110111101111111111111111011
111111111111118111111111111100101100011111111110110111101111101011111001111111000011111111111111111011
111111111111811111111111110011101111101111111110110111101111101100110111111111111011111111111111111011
111111111118111111111111100111101111110000000000000000001111101111001111111111110111111111111111111011
111111111181111111111100001011101111111111111111110111101111101111101111111111101111111111111111111011
111111111811111111111011101100101111111111111111110111101111101111011111111111011111111111111111111011
111111118111111111110111101111000000000000001111110111101111101110111111111110111111111111111111111011
111111118111111110001111101111011111111111110000000000000000000110111111111101111111111111111111000011
111111118111111101111111101111011111111111111111111111111111111000111111111011111111111111111000111111
111111118111110011111111101111011111111111111111111111111111111110000111111011111111111110000111111111
111111181111101111111111101111011111111111111111111111111111111110111000110111111111111001111111111111
111111181111011111111111101111011111111111111111111111111111111110111111001111111001110111111111111111
111111181000111111111111101111011111111111111111111111111111111110111111010011111010001111111111111111
111111811011111111111111100001011111111111111111111111111111111111011110111101111010101111111111111111
111111811011111111111111101110011111111111111111111111111111111111101001111110111010101111111111111111
111111811011111111111111101111011111111111111111111111111111111111110111111111011010101111111111111111
111111811011111111111111101111011111111111111111111111111111111111101111111111101010101111111111111111
111118111101111111111111101111011111111111111111111111111111111111011111111111110010101111111111111111
111118111110111111111111100011011111111111111111111111111111111110111111111111111010101111111111111111
111118111111011111111111101100011111111111111111111111111111111101011111111111111100000001111111111111
111181111111011111111111101111011111111111111111111111111111111011101111111111111011111100111111111111
111181111111011111111111101111011111111111111111111111111111111011110011111110000111111101011111111111
111181111111011111111111001111011111111111111111111111111111111011111101111101111111111101101111111111
111181111111000000000000101111011111111111111111111111111111110111111110000011111111111011110111111111
111181111111011111111111101111011000000000000000111111111111101011111101111111111111111011111011111111
111181111111011111111111101111011011111111111111000000011111011100111001111111111111111011111101111111
111181111111011111111111101111011011111111111111011111100000111111000101111111111111111011111110111111
111181111111011111111111101111011011111111111111011111101101001110111101111111111111110111111111011111
111181111111101111111111101111011011111111111111011111011011110101111101111111111111101111111111100111
111181111111110111111111101111000000000000000000000011011011111011111011111111111111101111111111111011
111181111111110111111111101111111111111111111111011100111011111011111011111111111111101111111111111011
111181111111111011111111011111111111111111111111011110110100110111110000011111111111011111111111111011
111181111111111011111111011111111111111111111110111110110111001111110111101111111110111111111111110111
111181111111111011111111011111111111111111111110111110101111110111110111110000000110111111111111110111
111181111111000000000000000000000111111111111110111101101111110111110111111011111000111111111111110111
111181111000111101111111011111110001111111111110000011101111111011101111111011111011000111111111110111
111181000111111101111111011111110110000011111110111011101111111101101111111011111011111000001111110111
111181101111111101111111011111110111111011111110110111101111111110011111111011111011111111110111101111
111181110111111101111111101111111011111011111110110111101111111110111111111000000011111111111000001111
111181110111111110111111101111111011111000000000010111101111111111011111111011110111111111111111111111
111181110111111110111111101111111011111111111111100011101111111111100011111011110111111111111111111111
111181110111111110111111101111111011101111111111111100011111111111011100000111110111111111111111111111
111181110111111110111111101111110000001111111111111111011111111111011111110111110111111111111111111111
111181111011111110000000000000001111101111111111111110111111111110111111111011101111111111111111111111
111181111101111111111111101111111111101111111111111110111111111110111111111011011111111111111111111111
111118111110111111111111101111111111101111111111111101111111111101111111111101011111111111111111111111
111118111110111111111111101111111111101111111111111011111100001011111111111110111111111111111111111111
111118111110111111111111101111111111101111111111110011111011110111000000000000111111111111111111111111
111111811111011111111111101111111111101111111111001001110111101111011111111110111111111111111111111111
111111811111101111111111101111111111101111000000111010110111101110111111111111011111111111111111111111
111111811111110111111111101111111111100000101111110111000011011101111111111111011111111111111111111111
111111181111111011111111101111110000001111110111110111110100011101111111111111101111111111111111111111
111111181111111101111111100000001111101111110111110111110111100000000000000000001111111111111111111111
111111181111111101111111101111111111101111110000000111110111111011111101111111101111111111111111111111
111111181111111101111111101111111111101111111111110111110111110111111101111111101111111111111111111111
111111181111111101111111101111111111101111111111110111110111110111111101111111101111111111111111111111
111111118111111101111111101111111111101111111111110111110111101111111101111111101111111111111111111111
111111118111111101111111101111111111101111111111110111110111101111111011111111011111111111111111111111
111111118111111101111111101111111111101111111111110000000000000001110111111111011111111111111111111111
111111118111111110111111101000000000001111111111110111111111111110001111111111011111111111111111111111
111111111811111110111111100111111111111111111111110111111111111111111111111110111111111111111111111111
111111111811111111011111101111111111111111111111110111111111111111111111111101111111111111111111111111
111111111181111111011111101111111111111111111111110111111111111111111111111011111111111111111111111111
111111111181111111101111101111111111111100000000000000011111111000000000000011111111111111111111111111
111111111118111111101111101111111111111101101110110111100111100111111111111011111111111111111111111111
111111111111811111110111110111111111111101101110110111111000011111111111111011111111111111111111111111
111111111111181111111011100000000000111101101110110111111111111111111111111011111111111111111111111111
111111111111118111111100011110111110111101101110110111111111111111111111111011111111111111111111111111
111111111111111811111101111110111110000000000000110111111111111111111111111011111111111111111111111111
111111111111111181111110111110000001111111111111100000000001111111111111111011111111111111111111111111
111111111111111118111111011111111111000000000000011111111110000000000000000011111111111111111111111111
111111111111111111811111011111111110111111111111111111111111111111111111111111111111111111111111111111
111111111111111111181111011111110001111111111111111111111111111111111111111111111111111111111111111111
111111111111111111118111100000001111111111111111111111111111111111111111111111111111111111111111111111
111111111111111111111811111111111111111111111111111111111111111111111111111111111111111111111111111111
144444444444444444444444444444444444444444444444444444444444444444444444444444444444444444444444444441
144444444444444444444444444444444444444444444444444444444444444444444444444444444444444444444444444441
144444444444444444444444444444444444444444444444444444444444444444444444444444444444444444444444444441
144444444444444444444444444444444444444444444444444444444444444444444444444444444444444444444444444441
144444444444444444444444444444444444444444444444444444444444444444444444444444444444444444444444444441
144444444444444444444444444444444444444444444444444444444444444444444444444444444444444444444444444441
144444444444444444444444444444444444444444444444444444444444444444444444444444444444444444444444444441
144444444444444444444444444444444444444444444444444444444444444444444444444444444444444444444444444441
144444444444444444444444444444444444444444444444444444444444444444444444444444444444444444444444444441
144444444444444444444444444444444444444444444444444444444444444444444444444444444444444444444444444441
111111111111111111111111111111111111111111111111111111111111111111111111111111111111111111111111111111