111111111111111111111111111111111111111111111111111111111111111111111111111111111111111111111111111111
111111111111111111111111111111111111111111111111111111111111111111111111111181111111111111111111111111
111111111111111111111111111111111111111111111111111111888888888888888888888811000000011111111111111111
111111111111111111111111111111111111111111111888888888111111111111111111111110101111100000000000000011
111111111111111111111111111111111111111111888111111111111011111111111111111101101111111111111111110011
111111111111111111111111111111111111111188111111111111000101111111111111111011101111111111111111001011
111111111111111111111111111111111111888811111111111110111110100000001111110111110111111111111110111011
111111111111111111111111111111118888111111111111111110111111011111110111101111111011111111111101111011
111111111111111111111111111888881111111111111111111110011111011111111010011111111011111111111011111011
111111111111111111111111118111111111111111111111111101101111011111111101111111111101111111100111111011
111111111111111111111111811111111111111111111111000011101111101111111010111111100011111111011111111011
111111111111111111111181111111111111111111000000111011101111101111110111000000000111111100111111111011
111111111111111111118111111111111111111000111110111011101111101111101111111101111000111011111111111011
111111111111111111181111111111111111000111111110110111101111100000010111111011111111000111111111111011
111111111111111111811111111111111110111111111110110111101111101111111011110111111111011111111111111011
111111111111111181111111111111110001111111111110110111101111101111111100000011111110111111111111111011
111111111111111811111111111111101111111111111110000000000000001111111111011101111101111111111111111011
111111111111118111111111111100000111111111111110110111101111100000111100111110001011111111111111111011
111111111111811111111111110011101000111111111110110111101111101111010011111111110011111111111111111011
111111111118111111111111100111101111000000000000000000001111101111101111111111110111111111111111111011
111111111181111111111100001011101111111111111111110111101111101111101111111111101111111111111111111011
111111111811111111110011101100001111111111111111110111101111101111011111111111011111111111111111111011
111111118111111110001111101111100000111111111111110111101111101111011111111110111111111111111111111011
111111118111111101111111101111101111000000000000000000000000001111011111111101111111111111111111110011
111111118111111011111111101111101111111111111111111111111111110000111111111101111111111111111100001111
111111118111000111111111101111101111111111111111111111111111111110000000111011111111111111110011111111
111111181110111111111111101111101111111111111111111111111111111110111111010111111111111111101111111111
111111181101111111111111101111011111111111111111111111111111111110111111100111111011111110011111111111
111111181011111111111111101111011111111111111111111111111111111110111110011011111000000001111111111111
111111811011111111111111100001011111111111111111111111111111111111011101111101111010101111111111111111
111111811011111111111111101110011111111111111111111111111111111111101011111110111010101111111111111111
111111811101111111111111101111011111111111111111111111111111111111110111111111011010101111111111111111
111111811110111111111111101111011111111111111111111111111111111111101111111111101010101111111111111111
111118111110111111111111101111011111111111111111111111111111111111011111111111110010101111111111111111
111118111110111111111111100001011111111111111111111111111111111110111111111111111010101111111111111111
111118111110111111111111101110011111111111111111111111111111111110001111111111111100000001111111111111
111181111111011111111111101111011111111111111111111111111111111110110111111111111001111100111111111111
111181111111011111111111101111011111111111111111111111111111111101111011110000000111111101011111111111
111181111111011000000000001111011111111111111111111111111111111011111101001111111111111011101111111111
111181111111000111111111011111011111111111111111111111111111110111111110111111111111111011110111111111
111181111111011111111111011111011000000000001111111111111111101011111101111111111111110111111011111111
111181111111011111111111011111011011111111110000000011111111011101111001111111111111110111111101111111
111181111111101111111111011111011011111111111111011100000000111110000101111111111111101111111110111111
111181111111110111111111011111011011111111111111011111101101001110111101111111111111101111111111011111
111181111111110111111111011111011011111111111111011111011101110101111011111111111111011111111111100111
111181111111110111111111011111000000000000000000000001011011111011110111111111111111011111111111111011
111181111111110111111111011111111111111111111110111110111011110111110111111111111110111111111111111011
111181111111111011111111011111111111111111111110111101111000101111110011111111111110111111111111111011
111181111111111011111111011111111111111111111110111101110111001111110101111111111101111111111111111011
111181111111111011111111011111111111111111111110111101110111110111110110000000001101111111111111111011
111181111111110000000000000000000011111111111110000101110111110111101111111101110001111111111111111011
111181100000001101111111011111110100001111111110111011110111111011011111111101111100000001111111111011
111181011111111101111111011111110111110011111110111011101111111100111111111011111011111110111111111011
111181101111111110111111011111110111111011111110111011101111111110111111111011111011111111000000010111
111181101111111110111111011111110111111011111110110111101111111110111111111000000011111111111111101111
111181110111111110111111011111110111111000000000010111101111111111011111111011111011111111111111111111
111181111011111110111111011111110111111111111111100011011111111111100000000111110111111111111111111111
111181111101111110111111011111110110001111111111111100011111111111011111110111110111111111111111111111
111181111110111110111111101110000001101111111111111111011111111110111111111011110111111111111111111111
111181111110111110000000000001111111101111111111111111011111111101111111111101101111111111111111111111
111181111111011111111111101111111111101111111111111111011111111101111111111110011111111111111111111111
111118111111101111111111101111111111101111111111111110111111111101111111111110011111111111111111111111
111118111111101111111111101111111111101111111111111101111101111011111111111110111111111111111111111111
111118111111101111111111101111111111101111111111111001111100000111000000000000111111111111111111111111
111111811111101111111111101111111111101111111111110010011011101111011111111111011111111111111111111111
111111811111110111111111101111111111101110000000001011101011101111011111111111011111111111111111111111
111111811111110111111111101111111111101101011111111011110000011110111111111111011111111111111111111111
111111181111110111111111101000000000000011101111111011110111001101111111111111101111111111111111111111
111111181111111011111111100111111111101111110111111011110111110000000000000000001111111111111111111111
111111181111111101111111101111111111101111110000000111110111110111111101111111011111111111111111111111
111111181111111101111111101111111111101111111111110111110111101111111101111111011111111111111111111111
111111181111111110111111101111111111101111111111110111110111101111111101111111011111111111111111111111
111111118111111110111111101111111111101111111111110111110111101111111011111111011111111111111111111111
111111118111111110111111101111111111101111111111110111110111011111110111111111011111111111111111111111
111111118111111111011111101111111111101111111111110000000000001111110111111110111111111111111111111111
111111118111111111101111101000000000001111111111110111111111110000001111111110111111111111111111111111
111111111811111111101111100111111111111111111111110111111111111111111111111101111111111111111111111111
111111111811111111110111110111111111111111111111110111111111111111111111111101111111111111111111111111
111111111181111111110111110111111111111111111111110111111111111111111111111101111111111111111111111111
111111111181111111111011110111111111111100000000000001111111111100000000000011111111111111111111111111
111111111118111111111101110111111111111101101110110110000000110011111111111011111111111111111111111111
111111111111811111111101110111111111111101101110110111111111001111111111111011111111111111111111111111
111111111111181111111101110000000000111101101110110111111111111111111111111011111111111111111111111111
111111111111118111111101001110111110111101101110110111111111111111111111111011111111111111111111111111
111111111111111811111100111110100000000000000000110111111111111111111111111011111111111111111111111111
111111111111111181111110111110011111111111111100000000000000111111111111111011111111111111111111111111
111111111111111118111110111111111111111000000011111111111111000000000000000011111111111111111111111111
111111111111111111811111011111111000000111111111111111111111111111111111111111111111111111111111111111
111111111111111111181111011111000111111111111111111111111111111111111111111111111111111111111111111111
111111111111111111118111100000111111111111111111111111111111111111111111111111111111111111111111111111
111111111111111111111811111111111111111111111111111111111111111111111111111111111111111111111111111111
144444444444444444444444444444444444444444444444444444444444444444444444444444444444444444444444444441
144444444444444444444444444444444444444444444444444444444444444444444444444444444444444444444444444441
144444444444444444444444444444444444444444444444444444444444444444444444444444444444444444444444444441
144444444444444444444444444444444444444444444444444444444444444444444444444444444444444444444444444441
144444444444444444444444444444444444444444444444444444444444444444444444444444444444444444444444444441
144444444444444444444444444444444444444444444444444444444444444444444444444444444444444444444444444441
144444444444444444444444444444444444444444444444444444444444444444444444444444444444444444444444444441
144444444444444444444444444444444444444444444444444444444444444444444444444444444444444444444444444441
144444444444444444444444444444444444444444444444444444444444444444444444444444444444444444444444444441
144444444444444444444444444444444444444444444444444444444444444444444444444444444444444444444444444441
111111111111111111111111111111111111111111111111111111111111111111111111111111111111111111111111111111