1111111111111111111111111111111111111111111111111111111111111111111111111111111111111111111111111111111111111111111111111111111111111111111111111111111111111111111111111111111111111111111111111111111111
1111111111111111111111111111111111111111111111111111111111111111111111111111111111111111111188888888888888888888811111111111111111111111111111111111111111111111111111111111111111111111111111111111111111
1111111111111111111111111111111111111111111111111111111111111111111111111111111111111888888888888888888888888888888111111111111111111111111111111111111111111111111111111111111111111111111111111111111111
1111111111111111111111111111111111111111111111111111111111111111111111111111118888888888888888888888888888888888888881111111111111111111111111111111111111111111111111111111111111111111111111111111111111
1111111111111111111111111111111111111111111111111111111111111111111111888888888888888888888811111111111111111111118888881111111111111111111111111111111111111111111111111111111111111111111111111111111111
1111111111111111111111111111111111111111111111111111111111111118888888888888888888888111111111111110000000000011111888888811111111111111111111111111111111111111111111111111111111111111111111111111111111
1111111111111111111111111111111111111111111111111111111888888888888888888888881110000000000000000001111111101100000111888888111111111111111111111111111111111111111111111111111111111111111111111111111111
1111111111111111111111111111111111111111111111118888888888888888888888111000000001111111111111111111111111101111111000188888881111111111111111111111111111111111111111111111111111111111111111111111111111
1111111111111111111111111111111111111111188888888888888888888811111111110101111101111111111111111111111111101111111011001188888881111111111111111111111111111111111111111111111111111111111111111111111111
1111111111111111111111111111111111188888888888888888888111111111110000001011111101111111111111111111111111011111111011110111888888811111111111111111111111111111111111111111111111111111111111111111111111
1111111111111111111111111111188888888888888888881111111111000000001111110111111110111111111111111111111111011111111011101000118888888811111111111111111111111111111111111111111111111111111111111111111111
1111111111111111111111118888888888811111111111111111110000110111111111101111111111011111111111111111111111011111111011101111011188888888111111111111111111111111111111111111111111111111111111111111111111
1111111111111111111111888888811111111111111111111110001111101111111111011111111111101111111111111111111111011111111011011111101111888888881111111111111111111111111111111111111111111111111111111111111111
1111111111111111111188881111111111111111111111111101111111011111111110111111111111101111111111111111111110111111110111011111110111118888888811111111111111111111111111111111111111111111111111111111111111
1111111111111111118888111111111111111111100000000011111110111111111101111111111111001111111111111111111110111111110111011111111011111118888888811111111111111111111111111111111111111111111111111111111111
1111111111111111888811111111111111111100011111111111111001111111111011111111111110110111111111111111111000111111101111011111111101111111188888888111111111111111111111111111111111111111111111111111111111
1111111111111188881111111111111111100011111111111111110110111111110111111111100001111011111111111111110110111111101111011111111100011111111888888881111111111111111111111111111111111111111111111111111111
1111111111118888111111111111111111011111111111111111101111011111101111111111011111111101111111111100001110111111101111011111111101101111111118888888811111111111111111111111111111111111111111111111111111
1111111111888811111111111111111100111111111111111111011111101110011111111110111111111110111111110011111101111111101111011111111101110111111111118888888811111111111111111111111111111111111111111111111111
1111111188881111111111111111110010111111111111111100111111110101101111111101111111111111011111001111111101111111011111011111111101111001111111111188888888111111111111111111111111111111111111111111111111
1111118888111111111111111111001111011111111111111011111111110011110111111011111111111111101110111111111101111111011111011111111101111110111111111111188888888111111111111111111111111111111111111111111111
1111888811111111111111111100111111011111111111100111111111101101111011100111111111111111110101111111111101111111011110111111111101111111001111111111111888888881111111111111111111111111111111111111111111
1188881111111111111111110011111111101111111110011111111111011110111101011111111111111111111011111111111101111111011101111111111101111111110011111111111188888888111111111111111111111111111111111111111111
1888111111111111111110001111111111101111111101111111111110111111011110111111111111111111110011111111111011111111011011111111111101111111111101111111111111888888881111111111111111111111111111111111111111
1881111111111111111101101111111111110111111011111111111101111111101001011111111111111110001101111111100000011111011011111111111011111111111110000011111111188888888111111111111111111111111111111111111111
1111111111111111111011110111111111111011100111111111111011111111100111011111111111111101111101111111010111100000000011111111111011111111111111111101111111118888888811111111111111111111111111111111111111
1111111111111111100111110111111111111100011111111111110111111111011111101111111111111011111110111110101111111101110100011111111011111111111111111110011111111888888881111111111111111111111111111111111111
1111111111111111011111111011111111111010111111111111101111111110111111110111111111110111111111010001101111111101110111100000000011111111111111111111101111111188888888111111111111111111111111111111111111
1111111111111110011111111101111111110111011111111111011111111101111111110111111111101111111111001111101111111101101111101111111011111111111111111111000111111111888888881111111111111111111111111111111111
1111111111111110011111111110111111100111011111111000111111111011111111111011111111101111111100101111101111111101011111101111111011111111111111111110111111111111188888888111111111111111111111111111111111
1111111111111101011111111110111111011011101110000101111111110111111111111101111111110111111011110111011111111011011111101111111011111111111111100001111111111111118888888811111111111111111111111111111111
1111111111111011011111111110111110111101101101111110111111101111111111111101111111111011100111110111011111110111011111011111111011111111111111011111111111111111111888888881111111111111111111111111111111
1111111111110111011111111111010001111101110011111110111100011111111111111110111111111101011111111010111111110110111111011111111011111111111110111111111111111111111188888888111111111111111111111111111111
1111111111101111011111111111101111111101110111111111010011111111111111111111011111111110000000001010111111101110111111011111111011111111111101111111111111111111111111888888881111111111111111111111111111
1111111111011111011111111111101111111110101111111111101111111111111111111111011111111101111111110000000000000000000000000001111011111111111011111111111111111111111111188888888111111111111111111111111111
1111111110111000001111111111101111111111011111111100011111111111111111111111101110000011111111111111111111101111111111011110000011111111100111111111111111111111111111118888888811111111111111111111111111
1111111110110111110011111111110111111100111111111011111111111111111111111111110101111111111111111111111111011111111111011111111011111111011111111111111111111111111111111888888881111111111111111111111111
1111111111001111111100011111111011110011111111110111111111111111111111111111111011111111111111111111111111011111111111011111111011111110111111111111111111111111111111111188888888111111111111111111111111
1111111111011111111110101111111101101111111111001111111111111111111111111111111101111111111111111111111111011111111111011111111011111101111111111111111111111111111111111111888888881111111111111111111111
1111111110101111111101110111111101011111111110111111111111111111111111111111111101111111111111111111111111011111111111011111111011111011111111111111111111111111111111111111188888888111111111111111111111
1111111001101111111011111011111100111111111101111111111111111111111111111111111110111111111111111111111111011111111111011111110111110111111111111111111111111111111111111111118888888811111111111111111111
1111110111101111100111111100011001111111111011111111111111111111111111111111111111011111111111111111111111011111111111011111110111101111111111111111111111111111111111111111118888888881111111111111111111
1111101111110110011111111111100110111111110111111111111111111111111111111111111111101111111111111111111111011111111111011111110111011111111111111111111111111111111111111111111888888888111111111111111111
1111011111111001111111111111011110111111101111111111111111111111111111111111111111110111111111111111111110011111111111011111110100111111111111111111111111111111111111111111111188888888881111111111111111
1110111111110101111111111000111111011110011111111111111111111111111111111111111111110111111111111111111101000011111111011111110011111111111111111111111111111111111111111111111118888888888111111111111111
1101111111001110111111110111111111101101111111111111111111111111111111111111111111110111111111111111111011011100000000011111100111111111111111111111111111111111111111111111111111888888888811111111111111
1110111110111111011111101111111111110011111111111111111111111111111111111111111111110111111111111111110111011111111111011111010111111111111111111111111111111111111111111111111111888888888881111111111111
1110100001110000101111011111111111100111111111111111111111111111111111111111111111110111111111111111101111011111111111011100110111111111111111111111111111111111111111111111111111188888888888811111111111
1110011110001111110100111111111111010111111111111111111111111111111111111111111111110111111111111111011111011111111111011011110111111111111111111111111111111111111111111111111111118888888888888111111111
1110111101111111111011111111111110110111111111111111111111111111111111111111111111110111111111111110111111011111111111010111110111111111111111111111111111111111111111111111111111111888888888888811111111
1111011011111111100011111111111101111011111111111111111111111111111111111111111111110111111111111101111111011111111111001111110111111111111111111111111111111111111111111111111111111888888881118888111111
1111010111111111011101111111111011111011111111111111111111111111111111111111111111110111111111111011111111101111111110011111110111111111111111111111111111111111111111111111111111111118888888111888881111
1111001111111110111101111111110111111101111111111111111111111111111111111111111111110111111111110111111111101111111101111111110111111111111111111111111111111111111111111111111111111118888888111118888811
1111001111110001111110111111001111111110111111111111111111111111111111111111111111110111111111101111111111101111111011111111110111111111111111111111111111111111111111111111111111111111188888811111188881
1111110111101111111111011110111111111110111111111111111111111111111111111111111111110111111111011111111111101111100111111111110111111111111111111111111111111111111111111111111111111111188888811111111881
1111111011011111111111011001111111111110111111111111111111111111111111111111111111110111111100111111111111110111011111111111110111111110000111111111111111111111111111111111111111111111118888881111111111
1111111100111111111111100111111111111110111111111111111111111111111111111111111111110111111011111111111111110110111111111111110111000001110111111111111111111111111111111111111111111111111888881111111111
1111111110111111111111010111111111111111011111111111111111111111111111111111111111111011110111111111111111110101111111111111111000111111110111111111111111111111111111111111111111111111111888888111111111
1111111110111111111000111011111111111111101111111111111111111111111111111111111111111101101111111111111100000000000000000000000011111111110111111111111111111111111111111111111111111111111888888111111111
1111111110111111110111111011111111111111101111111111111111111111111111111111111111111101011111111111100011111111111111101111111101111111110111111111111111111111111111111111111111111111111188888811111111
1111111110111111101111111011111111111111101111111111111111111111111111111111111111111100111100000000011111111111111111110111111101111111110111111111111111111111111111111111111111111111111188888811111111
1111111111011000011111111011111111111111110111111111111111111111111111111000000000000000000011111111111111111111111111110111111101111111110111111111111111111111111111111111111111111111111118888881111111
1111111111010111111111111101111111111111111011111111111111111111111110000111111111111101111111111111111111111111111111110111111101111111110111111111111111111111111111111111111111111111111111888881111111
1111111111001111111111111110111111111111111101111111111111111111111101111111111111111101111111111111111111111111111111110111111101111111110111111111111111111111111111111111111111111111111111188888111111
1111111111011111111111111111011111111111111101111111110000000000000011111111111111111101111111111111111111111111111111110111111101111111110111111111111111111111111111111111111111111111111111188888111111
1111111111011111111111111111101111111111111101000000001011111111011111111111111111111101111111111111111111111111111111110111111101111111110111111111111111111111111111111111111111111111111111118888811111
1111111111011111111111111111101111111111000000111011111011111111101111111111111111111101111111111111111111111111111111110111111101111111111011111111111111111111111111111111111111111111111111118888811111
1111111111011111111111111111110111111110111110111011111101111111101111111111111111111101111111111111111111111111111111110111111110111111111011111111111111111111111111111111111111111111111111111888881111
1111111111011111111111111111110111111001111101111011111101111111101111111111111111111101111111111111111111111111111111110111111110111111111011111111111111111111111111111111111111111111111111111888881111
1111111111011111111111111111000000000011111101111011111101111111101111111111111111111101111111111111111111111111111111111011111110111111111011111111111111111111111111111111111111111111111111111188888111
1111111111011111111111111100111111110111111101111011111101111111110111111111111111111101111111111111111111111111111111111011111110111111111011111111111111111111111111111111111111111111111111111188888111
1111111111011111111111110011111111101111111101111011111101111111110111111111111111111101111111111111111111111111111111111011111110111111111011111111111111111111111111111111111111111111111111111118888811
1111111111011111111111101111111111011111111100001011111101111111110111111111111111111101111111111111111111111111111111111011111110111111111011111111111111111111111111111111111111111111111111111118888811
1111111111011111110000011111111110111111111101110011111101111111110111111111111111111101111111111111111111111111111111111011111110111111111011111111111111111111111111111111111111111111111111111111888881
1111111111010000001111111111111101111111111101111000000001111111110111111111111111111101111111111111111111111111111111111011111110111111111011111111111111111111111111111111111111111111111111111111888881
1111111111101111111111111111111011111111111101111011111101111111110111111111111111111101111111111111111111111111111111111011111110111111111011111111111111111111111111111111111111111111111111111111888881
1111111111101111111111111111110111111111111101111011111101111111110111111111111111111101111111111111111111111111111111111011111110111111111011111111111111111111111111111111111111111111111111111111888881
1111111111101111111111111111101111111111111101111011111101111111110111111111111111111101111111111111111111111111111111111011111110111111111011111111111111111111111111111111111111111111111111111111888881
1111111111101111111111111111011111111111111011111011111101111111110111111111111111111101111111111111111111111111111111111011111110111111111011111111111111111111111111111111111111111111111111111111888881
1111111111101111111111111110111111111111110111110111111101111111110111111111111111111110111111111111111111111111111111111011111111011111111011111111111111111111111111111111111111111111111111111111888881
1111111111101111111111111101111111111111110111110111111101111111111011111111111111111110111111111111111111111111111111000111111111011111111011111111111111111111111111111111111111111111111111111111888881
1111111111101111111111111011111111111111110111110111111101111111111011111111111111111110111111111111111111111111111000111111111111011111111011111111111111111111111111111111111111111111111111111111888881
1111111111101111111111110111111111111111101111110111111101111111111011111111111111111110111111111111111111111111100111111111111111011111111011111111111111111111111111111111111111111111111111111111888881
1111111111101111111111101111111111111111101111101111111101111111111011111111111111111110111111111111111111111111101111111111111111011111111101111111111111111111111111111111111111111111111111111111888881
1111111111101111111111011111111111111111101111000000000001111111111011111111111111111110111111111111111111111111011111110000000000000000000001111111111111111111111111111111111111111111111111111111888881
1111111111101111111110111111111111111111000000011111111101111111111011111111111111111110111111111111111111111111011000001111111111111111111101111111111111111111111111111111111111111111111111111111888881
1111111111101111111001111111111111111111111111011111111101111111111011111111111111111110111111111111111111111110110111111111111111111111111101111111111111111111111111111111111111111111111111111111888881
1111111111101111110111111111111111111111111111011111111101111111111011111111111111111110111111111111111111111101101111111111111111111111111101111111111111111111111111111111111111111111111111111111888881
1111111111101111101111111111111111111111111111011111111101111111111011111111111111111110111111111111111111111000011111111111111111111111111101111111111111111111111111111111111111111111111111111118888881
1111111111101110011111111111111111111111111111101111111101111111111011111111111111111111011111111111111111111011111111111111111111111111111101111111111111111111111111111111111111111111111111111118888881
1111111111101101111111111111111111111111111111101111111110111111111011111111111111111111011111111100000000000111111111111111111111111111111101111111111111111111111111111111111111111111111111111118888881
1111111111101011111111111111111111111111111111101111111110111111111011111111000000000000000000000011111111110111111111111111111111111111111101111111111111111111111111111111111111111111111111111188888881
1111111111100111111111111111111111111111111111101111111110111111111000000000111111111111101111111111111111110111111111111111111111111111111101111111111111111111111111111111111111111111111111111188888881
1111111111100000000000000000000011111111111111101111111110111111111011111111111111111111101111111111111111110111111111111111111111111111111101111111111111111111111111111111111111111111111111111888888881
1111111111101111111111111111111100000000000000001111111110111111111011111111111111111111101111111111111111110111111111111111111111111111111101111111111111111111111111111111111111111111111111111888888881
1111111111101111111111111111111111111111111111101111111110111111111011111111111111111111101111111111111111110111111111111111111111111111111101111111111111111111111111111411111111111111111111118888888811
1111111111101111111111111111111111111111111111101111111110111111111011111111111111111111101111111111111111110111111111111111111111111111111101111111111111111111111111114444411111111111111111188888888811
1111111111110111111111111111111111111111111111101111111110111111111011111111111111111111101111111111111111110111111111111111111111111111111101111111111111111111111111144444444441111111111111188888888811
1111111111110111111111111111111111111111111111110111111110111111111011111111111111111111101111111111111111111011111111111111111111111111111011111111111111111111111111144444444444444111111111888888888111
1111111111110111111111111111111111111111111111110111111111011111111011111111111111111111101111111111111111111011111111111111111111111111111011111111111111111111111111144444444444444444411118888888888111
1111111111111011111111111111111111111111111111110111111111011111111011111111111111111111101111111111111111111011111111111111111111111111111011111111111111111111111111144444444444444444411118888888888111
1111111111111011111111111111111111111111111111111011111111011111111011111111111111111111110111111111111111111101111111111111111111111111110011111111111111111111111111444444444444444444111188888888881111
1111111111111011111111111111111111111111111111111011111111011111111011111111111111111111110111111111111111111101111111110000000000000000000111111111111111111111111111444444444444444444111188888888881111
1111111111111101111111111111111111111111111111111011111100011111111011111111111111111111110111111111111111111101111111001111111111111111101111111111111111111111111111444444444444444444111888888888811111
1111111111111101111111111111111111111111111111111011110011011111111011111111111111111111110111111111111110000000000000111111111111111111011111111111111111111111111114444444444444444441111888888888811111
1111111111111101111111111111111111111111111111111000001111011111111011111111111111111111110111111111111001111111111111111111111111111110111111111111111111111111111114444444444444444441118888888888811111
1111111111111110111111111111111111111111111111111111111111011111111011111111111111111111111000000000000111111111111111111111111111111101111111111111111111111111111114444444444444444441188888888888111111
1111111111111110111111111111111111111111111111111111111111011111111011111111111111111111111011111111111111111111111111111111111111111011111111111111111111111111111144444444444444444411188888888888111111
1111111111111110111111111111111111111111111111111111111111011111111101111111111111111111111011111111111111111111111111111111111111110111111111111111111111111111111144444444444444444411888888888881111111
1111111111111110111111111111111111111111111111111111111111011111111101111111111111111111111011111111111111111111111111111111111111101111111111111111111111111111111144444444444444444411888888888881111111
1111111111111110111111111111111111111111111111111111111111011111111101111111111111111111111011111111111111111111111111111111111111011111111111111111111111111111111444444444444444444118888888888811111111
1111111111111111011111111111111111111111111111111111111111011111111101111111111111111111111011111111111111111111111111111111111110111111111111111111111111111111111444444444444444444118888888888811111111
1111111111111111101111111111111111111111111111111111111111011111111101111111111111111111111011111111111111111111111111111111111101111111111111111111111111111111111444444444444444444444444444444411111111
1111111111111111101111111111111111111111111111111111111111011111111101111111111111111111111011111111111111111111111111111111111011111111111111111111111111111111114444444444444444444444444444444111111111
1111111111111111110111111111111111111111111111111111111111011111111101111111111111111111111011111111111111111111111111111111110111111111111111111111111111111111114444444444444444444444444444444111111111
1111111111111111111011111111111111111111111111111111111111011111111101111111111111111111111011111111111111111111111111111111101111111111111111111111111111111111114444444444444444444444444444441111111111
1111111111111111111101111111111111111111111111111111111111011111111101111111111111111111111011111111111111111111111111111111101111111111111111111111111111111111144444444444444444444444444444441111111111
1111111111111111111101111111111111111111111111111111111111011111111110111111111111111111111101111111111111111111111111111111011111111111111111111111111111111111144444444444444444444444444444441111111111
1111111111111111111101111111111111111111111111111111111111011111111111011111111111111111111101111111111111111111111111111110111111111111111111111111111111111111144444444444444444444444444444411111111111
1111111111111111111110111111111111111111111111111111111111101111111111011111111111111111111101111111111111111111111111111101111111111111111111111111111111111111444444444444444444444444444444411111111111
1111111111111111111110111111111111111111111111111111111111101111111111011111111111111111111101111111111111111111111111111011111111111111111111111111111111111111444444444444444444444444444444111111111111
1111111111111111111110111111111111111111111111111111111111110111111111011111111111111111111101111111111111111111111111110111111111111111111111111111111111111111444444444444444444444444444444111111111111
1111111111111111111110111111111111111111111111111111111111110111111111011111111100000000000001111111111111111111111111101111111111111111111111111111111111111114444444444444444444444444444441111111111111
1111111111111111111110111111111111111111111111111111111111110000000000000000000011111111111101111111111111111111111111011111111111111111111111111111111111111114444444444444444444444444444441111111111111
1111111111111111111111011111111111111111111111111111111111110111111111111111111111111111111101111111111111111111111110111111111111111111111111111111111111111114444444444444444444444444444441111111111111
1111111111111111111111101111111111111111111111111111111111110111111111111111111111111111111101111111111111111111111101111111111111111111111111111111111111111144444444444444444444444444444411111111111111
1111111111111111111111101111111111111111111111111111111111110111111111111111111111111111111101111111111111111111111011111111111111111111111111111111111111111144444444444444444444444444444411111111111111
1111111111111111111111110111111111111111111111111111111111110111111111111111111111111111111101111111111111111111110111111111111111111111111111111111111111111144444444444444444444444444444111111111111111
1111111111111111111111110111111111111111111111111111111111110111111111111111111111111111111101111111111111111111101111111111111111111111111111111111111111111444444444444444444444444444444111111111111111
1111111111111111111111111011111111111111111111111111111111110111111111111111111111111111111101111111111111111111011111111111111111111111111111111111111111111444444444444444444444444444444111111111111111
1111111111111111111111111011111111111111111111111111111111110111111111111111111111111111111101111111111111111111011111111111111111111111111111111111111111111444444444444444444444444444441111111111111111
1111111111111111111111111011111111111111111111111111111111110111111111111111111111111111111110111111111111111110111111111111111111111111111111111111111111114444444444444444444444444444441111111111111111
1111111111111111111111111101111111111111111111111111111111110111111111111111111111111111111110111111111111111101111111111111111111111111111111111111111111114444444444444444444444444444411111111111111111
1111111111111111111111111110111111111111111111111111111111110111111111111111111111111111111110111111111111111011111111111111111111111111111111111111111111114444444444444444444444444444411111111111111111
1111111111111111111111111111011111111111111111111111111111110111111111111111111111111111111111011111111111110101111111111111111111111111111111111111111111144444444444444444444444444444111111111111111111
1111111111111111111111111111101111111111111111111111111111111011111111111111111111111111111111011111111111101110111111111111111111111111111111111111111111144444444444444444444444444444111111111111111111
1111111111111111111111111111101111111111111111111111111111111011111111111111111111111111111111101111111111011111000011111111111111111111111111111111111111144444444444444444444444444444111111111111111111
1111111111111111111111111111110111111111111111111111111111111011111111111111111111111111111111101111111110111111111101111111111111111111111111111111111111444444444444444444444444444441111111111111111111
1111111111111111111111111111110111111111111111111111111111111011111111111111111111111111111111101111111101111111111101111111111111111111111111111111111111444444444444444444444444444441111111111111111111
1111111111111111111111111111110111111111111111111111111111111011111111111111111111111111111111101111111011111111111011111111111111111111111111111111111111444444444444444444444444444411111111111111111111
1111111111111111111111111111111011111111111111111111111111111011111111111111111111111111111111101111110111111111111011111111111111111111111111111111111114444444444444444444444444444411111111111111111111
1111111111111111111111111111111011111111111111111111111111111011111111111111111111111111111111101111110111111111111011111111111111111111111111111111111114444444444444444444444444444411111111111111111111
1111111111111111111111111111111011111111111111111111111111111011111111111111111111111111111111101111101111111111110111111111111111111111111111111111111114444444444444444444444444444111111111111111111111
1111111111111111111111111111111011111111111111111111111111111011111111111111111111111111111111110111011111111111101111111111111111111111111111111111111144444444444444444444444444444111111111111111111111
1111111111111111111111111111111101111111111111111111111111111011111111111111111111111111111111110110111111111111101111111111111111111111111111111111111144444444444444444444444444441111111111111111111111
1111111111111111111111111111111101111111111111111111111111111101111111111111111111111111111111110101111111111111011111111111111111111111111111111111111144444444444444444444444444441111111111111111111111
1111111111111111111111111111111101111111111111111100000000000000000000000000000000001111111111111001111111111111011111111111111111111111111111111111111444444444444444444444444444411111111111111111111111
1111111111111111111111111111111101111111111111100011111111111111111111111111111111110000000000000001111111111111011111111111111111111111111111111111111444444444444444444444444444411111111111111111111111
1111111111111111111111111111111101111111110000011111111111111111111111111111111111111111111111110110111111111111011111111111111111111111111111111111111444444444444444444444444444411111111111111111111111
1111111111111111111111111111111110111111101111111111111111111111111111111111111111111111111111101111001111111111011111111111111111111111111111111111114444444444444444444444444444111111111111111111111111
1111000011111111111111111111111110111111011111111111111111111111111111111111111111111111111111011111110001111110111111111111111111111111111111111111114444444444444444444444444444111111111111111111111111
1110111100000000000000001111111111011000111111111111111111111111111111111111111111111111111110111111111110001110111111111111111111111111111111111111114444444444444444444444444441111111111111111111111111
1110111111111111111111110000001111010111111111111111111111111111111111111111111111111111111101111111111111110001111111111111111111111111111111111111144444444444444444444444444441111111111111111111111111
1110111111111111111111111111110000000111111111111111111111111111111111111111111111111111111011111111111111111111111111111111111111111111111111111111144444444444444444444444444441111111111111111111111111
1110111111111111111111111111111111011000111111111111111111111111111111111111111111111111110111111111111111111111111111111111111111111111111111111111144444444444444444444444444411111111111111111111111111
1110111111111111111111111111111111011111000000000111111111111111111111111111111111111111101111111111111111111111111111111111111111111111111111111111144444444444444444444444444411111111111111111111111111
1110111111111111111111111111111111011111111111111000000000000001111111111111111111111111011111111111111111111111111111111111111111111111111111111111144444444444444444444444444411111111111111111111111111
1110111111111111111111111111111111011111111111111101111111111110000000000000000000000010111111111111111111111111111111111111111111111111111111111111144444444444444444444444444411111111111111111111111111
1110111111111111111111111111111111011111111111111101111111111111111101111111111111111100001111111111111111111111111111111111111111111111111111111111144444444444444444444444444411111111111111111111111111
1101111111111111111111111111111111011111111111111101111111111111111101111111111111111101110000000011111111111111111111111111111111111111111111111111144444444444444444444444444411111111111111111111111111
1101111111111111111111111111111110111111111111111101111111111111111101111111111111111101111111111100000001111111111111111111111111111111111111111111444444444444444444444444444411111111111111111111111111
1101111111111111111111111111111110111111111111111101111111111111111101111111111111111101111111111111011110111111111111111111111111111111111111111111444444444444444444444444444411111111111111111111111111
1101111111111111111111111111111101111111111111111101111111111111111101111111111111111011111111111111011111000000000011111111111111111111111111111111444444444444444444444444444411111111111111111111111111
1101111111111111111111111111111011111111111111111101111111111111111101111111111111111011111111111111011111111111111101111111111111111111111111111111444444444444444444444444444411111111111111111111111111
1101111111111111111111111111111011111111111111111101111111111111111101111111111111111011111111111111011111111111111101111111111111111111111111111111444444444444444444444444444411111111111111111111111111
1101111111111111111111111111111011111111111111111011111111111111111011111111111111110111111111111110111111111111111101111111111111111111111111111111444444444444444444444444444441111111111111111111111111
1101111111111111111111111111111011111111111111111011111111111111111011111111111111110111111111111110111111111111111011111111111111111111111111111114444444444444444444444444444444441111111111111111111111
1100000111111111111111111111111011111111111111111011111111111111111011111111111111110111111111111110111111111111111011111111111111111111111111111114444444444444444444444444444444444441111111111111111111
1111111000000000000000000111111011111111111111111011111111111111111011111111111111110111111111111110111111111111111011111111111111111111111111111114444444444444444444444444444444444444441111111111111111
1111111111111111111111111000011011111111111111111011111111111111111011111111111111110111111111111110111111111111111011111111111111111111111111111114444444444444444444444444444444444444444441111111111111
1111111111111111111111111111100001111111111111111011111111111111111011111111111111110111111111111110111111111111110111111111111111111111111111111114444444444444444444444444444444444444444444441111111111
1111111111111111111111111111111110111111111111111011111111111111111011111111111111101111111111111110111111111111110111111111111111111111111111111114444444444444444444444444444444444444444444444441111111
1111111111111111111111111111111111001111111111111011111111111111111011111111111111101111111111111110111111111111110111111111111111111111111111111144444444444444444444444444444444444444444444444444441111
1111111111111111111111111111111111110000000011111011111111111111111011111111111111101111111111111110111111111111110111111111111111111111111111111144444444444444444444444444444444444444444444444444444441
1111111111111111111111111111111111111111111100000000000000000111111011111111111111101111111111111110111111111111110111111111111111111111111111111144444444444444444444444444444444444444444444444444444441
1111111111111111111111111111111111111111111111111111111111111000000000111111111111101111111111111110111111111111110111111111111111111111111111111144444444444444444444444444444444444444444444444444444441
1111111111111111111111111111111111111111111111111111111111111111111111001111111111101111111111111110111111111111110111111111111111111111111111111144444444444444444444444444444444444444444444444444444441
1111111111111111111111111111111111111111111111111111111111111111111111110000000000000000111111111110111111111111110111111111111111111111111111111444444444444444444444444444444444444444444444444444444441
1111111111111111111111111111111111111111111111111111111111111111111111111111111111111111000001111110111111111111110111111111111111111111111111111444444444444444444444444444444444444444444444444444444441
1441111111111111111111111111111111111111111111111111111111111111111111111111111111111111111110000000000011111111110111111111111111111111111111111444444444444444444444444444444444444444444444444444444441
1444111111111111111111111111111111111111111111111111111111111111111111111111111111111111111111111111111101111111110111111111111111111111111111111444444444444444444444444444444444444444444444444444444441
1444444111111111111111111111111111111111111111111111111111111111111111111111111111111111111111111111111110000000000111111111111111111111111111111444444444444444444444444444444444444444444444444444444441
1444444444111111111111111111111111111111111111111111111111111111111111111111111111111111111111111111111111111111111111111111111111111111111111111444444444444444444444444444444444444444444444444444444441
1444444444444111111111111111111111111111111111111111111111111111111111111111111111111111111111111111111111111111111111111111111111111111111111114444444444444444444444444444444444444444444444444444444441
1444444444444444111111111111111111111111111111111111111111111111111111111111111111111111111111111111111111111111111111111111111111111111111111114444444444444444444444444444444444444444444444444444444441
1444444444444444444111111111111111111111111111111111111111111111111111111111111111111111111111111111111111111111111111111111111111111111111111114444444444444444444444444444444444444444444444444444444441
1444444444444444444444444444444444411111111111111111111111111111111111111111111111111111111111111111111111111111111111111111111111111111111111114444444444444444444444444444444444444444444444444444444441
1444444444444444444444444444444444444111111111111111111111111111111111111111111111111111111111111111111111111111111111111111111111111111111111114444444444444444444444444444444444444444444444444444444441
1444444444444444444444444444444444444441111111111111111111111111111111111111111111111111111111111111111111111111111111111111111111111111111111114444444444444444444444444444444444444444444444444444444441
1444444444444444444444444444444444444444411111111111111111111111111111111111111111111111111111111111111111111111111111111111111111111111111111144444444444444444444444444444444444444444444444444444444441
1444444444444444444444444444444444444444444111111111111111111111111111111111111111111111111111111111111111111111111111111111111111111111111111144444444444444444444444444444444444444444444444444444444441
1444444444444444444444444444444444444444444411111111111111111111111111111111111111111111111111111111111111111111111111111111111111111111111111144444444444444444444444444444444444444444444444444444444441
1444444444444444444444444444444444444444444441111111111111111111111111111111111111111111111111111111111111111111111111111111111111111111111111144444444444444444444444444444444444444444444444444444444441
1444444444444444444444444444444444444444444444111111111111111111111111111111111111111111111111111111111111111111111111111111111111111111111111144444444444444444444444444444444444444444444444444444444441
1444444444444444444444444444444444444444444444411111111111111111111111111111111111111111111111111111111111111111111111111111111111111111111111144444444444444444444444444444444444444444444444444444444441
1444444444444444444444444444444444444444444444441111111111111111111111111111111111111111111111111111111111111111111111111111111111111111111111444444444444444444444444444444444444444444444444444444444441
1444444444444444444444444444444444444444444444444444444444111111111111111111111111111111111111111111111111111111111111111111111111111111111111444444444444444444444444444444444444444444444444444444444441
1444444444444444444444444444444444444444444444444444444444444444444411111111111111111111111111111111111111111111111111111111111111111111111111444444444444444444444444444444444444444444444444444444444441
1444444444444444444444444444444444444444444444444444444444444444444444444444411111111111111111111111111111111111111111111111111111111111111111444444444444444444444444444444444444444444444444444444444441
1444444444444444444444444444444444444444444444444444444444444444444444444444444444444411111111111111111111111111111111111111111111111111111111444444444444444444444444444444444444444444444444444444444441
1444444444444444444444444444444444444444444444444444444444444444444444444444444444444444444441111111111111111111111111111111111111111111111111444444444444444444444444444444444444444444444444444444444441
1111111111111111111111111111111111111111111111111111111111111111111111111111111111111111111111111111111111111111111111111111111111111111111111111111111111111111111111111111111111111111111111111111111111