111111111111111111111111111111111111111111111111111111111111111111111111111111111111111111111111111111
111111111111111111111111111111111111111111111111111111111111111111111111111181111111111111111111111111
111111111111111111111111111111111111111111111111111111888888888888888888888811000000000011111111111111
111111111111111111111111111111111111111111111888888888111111111111111111111110101111111100000000000011
111111111111111111111111111111111111111111888111111111100011111111111111111001101111111111111111100011
111111111111111111111111111111111111111188111111111111011101111111111111110111110111111111111111011011
111111111111111111111111111111111111888811111111111110111110100000001111101111111011111111111110111011
111111111111111111111111111111118888111111111111111110111111011111110111011111111011111111111101111011
111111111111111111111111111888881111111111111111111101011111011111111010111111111011111111111011111011
111111111111111111111111118111111111111111111111111011101111011111111100000111111101111111110111111011
111111111111111111111111811111111111111111111111110011101111011111111011111011100011111111101111111011
111111111111111111111181111111111111111111110000001011101111101111110111111100001111111100011111111011
111111111111111111118111111111111111111000001101111011101111101110000011111110110011110011111111111011
111111111111111111181111111111111111100111111110111011101111100001111101111101111100001111111111111011
111111111111111111811111111111111110011111111110111011101111101111111110011011111111011111111111111011
111111111111111181111111111111111001111111111110110111101111101111111111000111111110111111111111111011
111111111111111811111111111110000111111111111110000000000000000011111100111011111101111111111111111011
111111111111118111111111111101100000011111111110110111101111101101111011111100011011111111111111111011
111111111111811111111111111011101111101111111110110111101111101110010111111111100011111111111111111011
111111111118111111111111100111101111110000000000000000001111101111101111111111110111111111111111111011
111111111181111111111100000011101111111111111111110111101111101111101111111111101111111111111111111011
111111111811111111110011101101101111111111111111110111101111101111011111111111011111111111111111111011
111111118111111111101111101110000000000000011111110111101111101111011111111110111111111111111111111011
111111118111111110011111101111011111111111100000000000000000000011011111111101111111111111111111111011
111111118111111101111111101111011111111111111111111111111111111100011111111011111111111111000000000111
111111118111000011111111101111011111111111111111111111111111111110100111111011111111111110111111111111
111111181110111111111111101111011111111111111111111111111111111110111011110111111111111101111111111111
111111181101111111111111101111011111111111111111111111111111111110111100001111111011111011111111111111
111111181011111111111111101111011111111111111111111111111111111110111110110111111000000111111111111111
111111811101111111111111100011011111111111111111111111111111111111011101111011111010101111111111111111
111111811101111111111111101100011111111111111111111111111111111111101011111101111010101111111111111111
111111811110111111111111101111011111111111111111111111111111111111110111111110111010101111111111111111
111111811110111111111111101111011111111111111111111111111111111111101111111111011010101111111111111111
111118111110111111111111101111011111111111111111111111111111111111011111111111101010101111111111111111
111118111110111111111111100111011111111111111111111111111111111110111111111111110010101111111111111111
111118111110111111111111101000011111111111111111111111111111111101011111111111111100000001111111111111
111181111111011111111111101111011111111111111111111111111111111101100111111111111101111100111111111111
111181111111011111111111101111011111111111111111111111111111111011111011111111111011111101011111111111
111181111111011111111111001111011111111111111111111111111111110111111101111000000111111011101111111111
111181111111000000000000101111011111111111111111111111111111110111111110000111111111111011110111111111
111181111111011111111111101111011000000111111111111111111111101011111000111111111111111011111001111111
111181111111011111111111101111011011111000000000000000111111011101110101111111111111111011111110111111
111181111111011111111111101111011011111111111111011111000000111110001101111111111111110111111111011111
111181111111011111111111101111011011111111111111011111101101011110111011111111111111110111111111101111
111181111111011111111111011111011011111111111111011111011101101101110111111111111111101111111111110111
111181111111101111111111011111000000000000000000000110111101110011110111111111111111101111111111111011
111181111111110111111111011111111111111111111111011000111011110111110111111111111111011111111111111011
111181111111111011111111011111111111111111111111011110111000110111110000111111111111011111111111111011
111181111111111011111111011111111111111111111110111110111011001111110111001111111110111111111111111011
111181111111111011111111011111111111111111111110111101111011110111101111110000011101111111111111111011
111181111111111000000000000000000011111111111110000101110111111011101111111011100001111111111111110111
111181111111000101111111101111110101111111111110111011101111111011011111111011111100000011111111110111
111181000000111101111111101111110110000011111110110111101111111100111111111011111101111100000001101111
111181011111111101111111101111110111111011111110110111011111111110111111111011111011111111111110001111
111181011111111101111111101111111011111011111110110111011111111110111111111000000011111111111111101111
111181101111111101111111101111111011111000000000010111011111111111011111111011111011111111111111111111
111181110111111101111111101111111011111111111111100011011111111111100111111011110111111111111111111111
111181111011111101111111101111111011001111111111111100011111111111101000000111110111111111111111111111
111181111101111110111111101100000000101111111111111111011111111111011111110111101111111111111111111111
111181111101111110000000000011111111101111111111111111011111111110111111111011011111111111111111111111
111181111110111111111111101111111111101111111111111110111111111101111111111100111111111111111111111111
111118111110111111111111101111111111101111111111111101111111111011111111111110111111111111111111111111
111118111110111111111111101111111111101111111111111011111100111011111111111110111111111111111111111111
111118111111011111111111101111111111101111111111111001111101000111000000000000111111111111111111111111
111111811111101111111111101111111111101111111100000010111011101111011111111110111111111111111111111111
111111811111110111111111101111111111101111000011111011000111101110111111111111011111111111111111111111
111111811111110111111111101111111111101110011111111011110111101110111111111111101111111111111111111111
111111181111110111111111101111110000000001101111111011110000000101111111111111101111111111111111111111
111111181111110111111111100000001111101111101111111011110111111000000000000000001111111111111111111111
111111181111110111111111101111111111101111110000000111110111111011111011111111101111111111111111111111
111111181111110111111111101111111111101111111111110111110111110111111011111111101111111111111111111111
111111181111110111111111101111111111101111111111110111110111101111111011111111011111111111111111111111
111111118111111011111111101111111111101111111111110111110111101111110111111110111111111111111111111111
111111118111111011111111101111111111101111111111110111110111101111101111111101111111111111111111111111
111111118111111101111111101111111111101111111111110000000000001111101111111101111111111111111111111111
111111118111111110111111101111111111001111111111110111111111110000001111111101111111111111111111111111
111111111811111111011111100000000000111111111111110111111111111111111111111101111111111111111111111111
111111111811111111011111101111111111111111111111110111111111111111111111111101111111111111111111111111
111111111181111111101111101111111111111111111111110111111111111111111111111101111111111111111111111111
111111111181111111101111101111111111111100000000000111111111111111111111100011111111111111111111111111
111111111118111111110111101111111111111101101110110000111111111111000000011011111111111111111111111111
111111111111811111110111110111111111111101101110110111000000000000111111111011111111111111111111111111
111111111111181111111011110000000000111101101110110111111111111111111111111011111111111111111111111111
111111111111118111111100001110111110111101101110110111111111111111111111111011111111111111111111111111
111111111111111811111101111110111000000000000000110111111111111111111111111011111111111111111111111111
111111111111111181111110111110000111111111111000000000000000000000000000001011111111111111111111111111
111111111111111118111111011110000000000000000111111111111111111111111111110011111111111111111111111111
111111111111111111811111101101111111111111111111111111111111111111111111111111111111111111111111111111
111111111111111111181111100011111111111111111111111111111111111111111111111111111111111111111111111111
111111111111111111118111101111111111111111111111111111111111111111111111111111111111111111111111111111
111111111111111111111811111111111111111111111111111111111111111111111111111111111111111111111111111111
144444444444444444444444444444444444444444444444444444444444444444444444444444444444444444444444444441
144444444444444444444444444444444444444444444444444444444444444444444444444444444444444444444444444441
144444444444444444444444444444444444444444444444444444444444444444444444444444444444444444444444444441
144444444444444444444444444444444444444444444444444444444444444444444444444444444444444444444444444441
144444444444444444444444444444444444444444444444444444444444444444444444444444444444444444444444444441
144444444444444444444444444444444444444444444444444444444444444444444444444444444444444444444444444441
144444444444444444444444444444444444444444444444444444444444444444444444444444444444444444444444444441
144444444444444444444444444444444444444444444444444444444444444444444444444444444444444444444444444441
144444444444444444444444444444444444444444444444444444444444444444444444444444444444444444444444444441
144444444444444444444444444444444444444444444444444444444444444444444444444444444444444444444444444441
111111111111111111111111111111111111111111111111111111111111111111111111111111111111111111111111111111