111111111111111111111111111111111111111111111111111111111111111111111111111111111111111111111111111111
111111111111111111111111111111111111111111111111111111111111111111111111111181111111111111111111111111
111111111111111111111111111111111111111111111111111111888888888888888888888811001111111111111111111111
111111111111111111111111111111111111111111111888888888111111111111111111111110100000000000000000000011
111111111111111111111111111111111111111111888111111111111011111111111111111101110111111111111111100011
111111111111111111111111111111111111111188111111111111000101111111111111111011110111111111111111011011
111111111111111111111111111111111111888811111111111110111110100000001111110111110111111111111110111011
111111111111111111111111111111118888111111111111111100111111011111110111101111110111111111111101111011
111111111111111111111111111888881111111111111111111011011111011111111011011111111011111111111011111011
111111111111111111111111118111111111111111111111111011101111101111111100111111111101111111110111111011
111111111111111111111111811111111111111111111111100011101111101111111011011111100011111111001111111011
111111111111111111111181111111111111111100000000011011101111101111110111100000011111111100111111111011
111111111111111111118111111111111111110011111101111011101111101110000111111101100111111011111111111011
111111111111111111181111111111111111101111111101111011101111100001111000111011111000000111111111111011
111111111111111111811111111111111100011111111101110111101111101111111111010111111111011111111111111011
111111111111111181111111111111111011111111111101110111101111101111111111001111111111011111111111111011
111111111111111811111111111110000111111111111110000000000000001111111110110001111110111111111111111011
111111111111118111111111111001100111111111111110110111101111100111111001111110011101111111111111111011
111111111111811111111111110111101000011111111110110111101111101000110111111111100011111111111111111011
111111111118111111111111101111101111100000000000000000001111101111001111111111110111111111111111111011
111111111181111111111111000111101111111111111111110111101111101111101111111111101111111111111111111011
111111111811111111111110101000001111111111111111110111101111101111101111111111011111111111111111111011
111111118111111111111101101111100000000000000000010111101111101111011111111110111111111111111111111011
111111118111111111110011101111101111111111111111100000000000000110111111111101111111111111111111111011
111111118111111111001111101111101111111111111111111111111111111000000111111011111111111111111111000111
111111118111110000111111101111011111111111111111111111111111111110111011110111111111111111111110111111
111111181111001111111111101111011111111111111111111111111111111110111100001111111111111111111101111111
111111181110111111111111101111011111111111111111111111111111111110111111101111111001111111111011111111
111111181001111111111111101111011111111111111111111111111111111110111111010111111010000000000111111111
111111811011111111111111100111011111111111111111111111111111111111011100111011111010101111111111111111
111111811011111111111111101000011111111111111111111111111111111111101011111101111010101111111111111111
111111811101111111111111101111011111111111111111111111111111111111110111111110111010101111111111111111
111111811110111111111111101111011111111111111111111111111111111111101111111111011010101111111111111111
111118111110111111111111101111011111111111111111111111111111111111011111111111101010101111111111111111
111118111111011111111111101111011111111111111111111111111111111110111111111111110010101111111111111111
111118111111011111111111100000011111111111111111111111111111111101011111111111110000000001111111111111
111181111111011111111111101111011111111111111111111111111111111011101111111110001111111010111111111111
111181111111011111111111101111011111111111111111111111111111110111110111111101111111111011011111111111
111181111111011111111000001111011111111111111111111111111111110111111001111011111111111011101111111111
111181111111000000000111101111011111111111111111111111111111110111111110000111111111111011110111111111
111181111111101111111111101111011000111111111111111111111111101011111000111111111111110111111011111111
111181111111110111111111101111011011000000000000000000111111011101100101111111111111110111111100111111
111181111111110111111111101111011011111111111111011111000000111110011011111111111111110111111111011111
111181111111110111111111101111011011111111111111011111011110011110111011111111111111101111111111101111
111181111111110111111111101111011011111111111111011110111101100101110111111111111111101111111111110111
111181111111110111111111101111000000000000000000000000111011111011110111111111111111101111111111111011
111181111111110111111111011111111111111111111111011110111001110111110111111111111111101111111111111011
111181111111110111111111011111111111111111111111011101111010010111110001111111111111011111111111111011
111181111111111011111111011111111111111111111111011101111011101111101110001111111110111111111111111011
111181111111111011111111011111111111111111111110111101111011101111101111110000011110111111111111111011
111181111000000000000000000000000000111111111110011101110111110111101111111101100000111111111111111011
111181110111111101111111011111110111000111111110100011110111111011101111111101111101000111111111111011
111181001111111101111111011111110111111011111110110111101111111101011111111101111011111000111111110111
111181101111111101111111011111111011111011111110110111101111111100111111111011111011111111000011110111
111181101111111110111111011111111011111011111110110111101111111110111111111000000011111111111100001111
111181101111111110111111101111111011111000000000010111101111111111011111111011110111111111111111111111
111181110111111110111111101111111011111111111111100001101111111111100001110111110111111111111111111111
111181110111111110111111101111111011101111111111111110011111111111011110000111101111111111111111111111
111181110111111110111111101111100000001111111111111110111111111111011111111011101111111111111111111111
111181111011111110000000000000011111101111111111111110111111111111011111111101101111111111111111111111
111181111011111111111111101111111111101111111111111110111111111110111111111110011111111111111111111111
111118111101111111111111101111111111101111111111111101111111111101111111111110011111111111111111111111
111118111101111111111111101111111111101111111111111101111100011011111111111110011111111111111111111111
111118111101111111111111101111111111101111111111111001111011100111000000000000111111111111111111111111
111111811101111111111111101111111111101111111111100010111011110110111111111110111111111111111111111111
111111811110111111111111101111111111101111000000011011011011101101111111111110111111111111111111111111
111111811110111111111111101111111111101100011111111011100001101011111111111111011111111111111111111111
111111181111011111111111101111111110000011011111111011110110001011111111111111101111111111111111111111
111111181111101111111111100000000001101111101111110111110111110000000000000000001111111111111111111111
111111181111110111111111101111111111101111110000000111110111111011111101111111101111111111111111111111
111111181111110111111111101111111111101111111111110111110111110111111101111111011111111111111111111111
111111181111110111111111101111111111101111111111110111110111101111111101111111011111111111111111111111
111111118111111011111111101111111111101111111111110111110111101111111011111110111111111111111111111111
111111118111111011111111101111111111101111111111110111110111011111110111111110111111111111111111111111
111111118111111101111111101111111111101111111111110000000000000001110111111110111111111111111111111111
111111118111111101111111101111100000001111111111110111111111111110001111111101111111111111111111111111
111111111811111110111111100000011111111111111111110111111111111111111111111101111111111111111111111111
111111111811111111011111101111111111111111111111110111111111111111111111111011111111111111111111111111
111111111181111111101111101111111111111111111111110111111111111111111111111011111111111111111111111111
111111111181111111110111101111111111111100000000000000011111111111111000000011111111111111111111111111
111111111118111111111011110111111111111101101110110111100011110000000111111011111111111111111111111111
111111111111811111111101110111111111111101101110110111111100001111111111111011111111111111111111111111
111111111111181111111101000000000000111101101110110111111111111111111111111011111111111111111111111111
111111111111118111111100111110111111011101101110110111111111111111111111111011111111111111111111111111
111111111111111811111101111110111111000000000000110111111111111111111111111011111111111111111111111111
111111111111111181111101111110000000111111111111100000000000011111111111111011111111111111111111111111
111111111111111118111110111111111111100000000000011111111111100000000000000011111111111111111111111111
111111111111111111811110111111111110011111111111111111111111111111111111111111111111111111111111111111
111111111111111111181111011000000001111111111111111111111111111111111111111111111111111111111111111111
111111111111111111118111100111111111111111111111111111111111111111111111111111111111111111111111111111
111111111111111111111811111111111111111111111111111111111111111111111111111111111111111111111111111111
144444444444444444444444444444444444444444444444444444444444444444444444444444444444444444444444444441
144444444444444444444444444444444444444444444444444444444444444444444444444444444444444444444444444441
144444444444444444444444444444444444444444444444444444444444444444444444444444444444444444444444444441
144444444444444444444444444444444444444444444444444444444444444444444444444444444444444444444444444441
144444444444444444444444444444444444444444444444444444444444444444444444444444444444444444444444444441
144444444444444444444444444444444444444444444444444444444444444444444444444444444444444444444444444441
144444444444444444444444444444444444444444444444444444444444444444444444444444444444444444444444444441
144444444444444444444444444444444444444444444444444444444444444444444444444444444444444444444444444441
144444444444444444444444444444444444444444444444444444444444444444444444444444444444444444444444444441
144444444444444444444444444444444444444444444444444444444444444444444444444444444444444444444444444441
111111111111111111111111111111111111111111111111111111111111111111111111111111111111111111111111111111