111111111111111111111111111111111111111111111111111111111111111111111111111111111111111111111111111111
111111111111111111111111111111111111111111111111111111111111111111111111111181111111111111111111111111
111111111111111111111111111111111111111111111111111111888888888888888888888810000000000011111111111111
111111111111111111111111111111111111111111111888888888111111111111111111111101011111111100000000000011
111111111111111111111111111111111111111111888111111111100011111111111111111011011111111111111111100011
111111111111111111111111111111111111111188111111111111011101111111111111110111011111111111111111011011
111111111111111111111111111111111111888811111111111110111110110000001111101111101111111111111110111011
111111111111111111111111111111118888111111111111111110011111001111110111011111110111111111111101111011
111111111111111111111111111888881111111111111111111110011111011111111010111111111011111111111011111011
111111111111111111111111118111111111111111111111111101101111011111111100011111111101111111100111111011
111111111111111111111111811111111111111111111111110011101111011111111011100011111011111100011111111011
111111111111111111111181111111111111111111100000001011101111011111110111111100000111111011111111111011
111111111111111111118111111111111111100000011101111011101111101000001111111110111001110111111111111011
111111111111111111181111111111111111011111111101111011101111100111110001111001111110001111111111111011
111111111111111111811111111111111000111111111101111011101111101111111110110111111111011111111111111011
111111111111111181111111111111110111111111111101111011101111101111111111000111111110111111111111111011
111111111111111811111111111111100111111111111110000000000000000111111110111000111110111111111111111011
111111111111118111111111111111001001111111111110110111101111101011111101111111000101111111111111111011
111111111111811111111111111100101110011111111110110111101111101100010011111111111011111111111111111011
111111111118111111111111000011101111100000000000000000001111101111101111111111110111111111111111111011
111111111181111111111110100001101111111111111111110111101111101111101111111111101111111111111111111011
111111111811111111111101101110001111111111111111110111101111101111011111111111011111111111111111111011
111111118111111111111011101111100000000000000000000111101111101111011111111110111111111111111111111011
111111118111111111110111101111101111111111111111110000000000000111011111111101111111111111111111110011
111111118111111111001111101111101111111111111111111111111111111000001111111101111111111111000000001111
111111118111111100111111101111101111111111111111111111111111111110110111111011111111111110111111111111
111111181111100011111111101111101111111111111111111111111111111110111000010111111111111001111111111111
111111181111011111111111101111101111111111111111111111111111111110111111001111111011110111111111111111
111111181000111111111111101111101111111111111111111111111111111110111110110111111000001111111111111111
111111811101111111111111100000011111111111111111111111111111111111011101111011111010101111111111111111
111111811101111111111111101111011111111111111111111111111111111111101011111101111010101111111111111111
111111811101111111111111101111011111111111111111111111111111111111110111111110011010101111111111111111
111111811101111111111111101111011111111111111111111111111111111111101111111111101010101111111111111111
111118111101111111111111101111011111111111111111111111111111111111011111111111110010101111111111111111
111118111101111111111111100111011111111111111111111111111111111110111111111111111010101111111111111111
111118111101111111111111101000011111111111111111111111111111111101011111111111000000000001111111111111
111181111101111111111111101111011111111111111111111111111111111011101111111100111111111100111111111111
111181111110111111111111101111011111111111111111111111111111111011110011100011111111111011011111111111
111181111110100000000000001111011111111111111111111111111111111011111101011111111111110111100111111111
111181111111011111111111101111011111111111111111111111111111110111111110111111111111110111111011111111
111181111111101111111111101111011000000000000000111111111111101001110000111111111111101111111101111111
111181111111101111111111011111011011111111111111000111111111011110101101111111111111011111111110111111
111181111111110111111111011111011011111111111111011000000000111111011101111111111111011111111111011111
111181111111110111111111011111011011111111111111011111101101011110111101111111111111011111111111101111
111181111111110111111111011111011011111111111111011111101101100101111011111111111111011111111111110111
111181111111110111111111011111000000000000000000001111011101111011111011111111111111011111111111111011
111181111111110111111111011111111111111111111111010000111001110111111011111111111110111111111111111011
111181111111110111111111011111111111111111111110111101111010010111110111111111111110111111111111111011
111181111111111011111111011111111111111111111110111101111011101111110011111111111110111111111111110111
111181111111111101111111011111111111111111111110111011111011110111101100000001111101111111111111110111
111181111111110000000000000000000011111111111110111011110111111011101111111100000000111111111111110111
111181111110001101111111011111110100000111111110000011110111111101011111111101111011000000001111101111
111181000001111101111111011111110111111011111110111011101111111100111111111101111011111111110011101111
111181101111111101111111011111110111111011111110110111101111111100111111111101111011111111111100101111
111181110111111101111111011111110111111011111110110111011111111110111111111000000011111111111111001111
111181110111111101111111011111111011111000000000010111011111111111011111110111111011111111111111111111
111181111011111110111111011111111011111111111111100011011111111111100011110111110111111111111111111111
111181111011111110111111011111111011101111111111111100011111111111101100000111110111111111111111111111
111181111011111110111111011111111000001111111111111110111111111111011111110111101111111111111111111111
111181111011111110000000000000000111101111111111111101111111111110111111110111011111111111111111111111
111181111011111111111111101111111111101111111111111101111111111101111111110111011111111111111111111111
111118111011111111111111101111111111101111111111111101111111111011111111111011011111111111111111111111
111118111011111111111111101111111111101111111111111011111101110111111111111101011111111111111111111111
111118111101111111111111101111111111101111111111111001111100000111000000000000111111111111111111111111
111111811110111111111111101111111111101111111100000010011011110111011111111111011111111111111111111111
111111811111011111111111101111111111101111000011110111100111101111011111111111011111111111111111111111
111111811111011111111111101111111111100000101111110111110000011110111111111111011111111111111111111111
111111181111011111111111101111111111101111101111110111110111001101111111111111011111111111111111111111
111111181111011111111111100000000000001111101111110111110111110000000000000000001111111111111111111111
111111181111011111111111101111111111101111110000000111110111110111111011111111011111111111111111111111
111111181111101111111111101111111111101111111111110111110111110111111011111110111111111111111111111111
111111181111101111111111101111111111101111111111110111110111110111110111111110111111111111111111111111
111111118111110111111111101111111111101111111111110111110111101111110111111110111111111111111111111111
111111118111111011111111101111111111101111111111110111110111011111101111111110111111111111111111111111
111111118111111101111111101111111111101111111111110000000000000011101111111110111111111111111111111111
111111118111111101111111101111111111001111111111110111111111111100001111111110111111111111111111111111
111111111811111110111111100000000000111111111111110111111111111111111111111101111111111111111111111111
111111111811111110111111101111111111111111111111110111111111111111111111111101111111111111111111111111
111111111181111111011111101111111111111111111111110111111111111111111111111101111111111111111111111111
111111111181111111101111110111111111111100000000000000111111111111111100000011111111111111111111111111
111111111118111111110111110111111111111101101110110111001111111111100011111011111111111111111111111111
111111111111811111110111110111111111111101101110110111110000000000011111111011111111111111111111111111
111111111111181111111011110000000000111101101110110111111111111111111111111011111111111111111111111111
111111111111118111111101101110111110111101101110110111111111111111111111111011111111111111111111111111
111111111111111811111100011110111100000000000000110111111111111111111111111011111111111111111111111111
111111111111111181111110111110000011111111100000000000000111111111111111111011111111111111111111111111
111111111111111118111111011111111111111000011111111111111000000000000000000011111111111111111111111111
111111111111111111811111101111110000000111111111111111111111111111111111111111111111111111111111111111
111111111111111111181111100000001111111111111111111111111111111111111111111111111111111111111111111111
111111111111111111118111101111111111111111111111111111111111111111111111111111111111111111111111111111
111111111111111111111811111111111111111111111111111111111111111111111111111111111111111111111111111111
144444444444444444444444444444444444444444444444444444444444444444444444444444444444444444444444444441
144444444444444444444444444444444444444444444444444444444444444444444444444444444444444444444444444441
144444444444444444444444444444444444444444444444444444444444444444444444444444444444444444444444444441
144444444444444444444444444444444444444444444444444444444444444444444444444444444444444444444444444441
144444444444444444444444444444444444444444444444444444444444444444444444444444444444444444444444444441
144444444444444444444444444444444444444444444444444444444444444444444444444444444444444444444444444441
144444444444444444444444444444444444444444444444444444444444444444444444444444444444444444444444444441
144444444444444444444444444444444444444444444444444444444444444444444444444444444444444444444444444441
144444444444444444444444444444444444444444444444444444444444444444444444444444444444444444444444444441
144444444444444444444444444444444444444444444444444444444444444444444444444444444444444444444444444441
111111111111111111111111111111111111111111111111111111111111111111111111111111111111111111111111111111