111111111111111111111111111111111111111111111111111111111111111111111111111111111111111111111111111111
111111111111111111111111111111111111111111111111111111111111111111111111111111111111111111111111111111
111111111111111111111111111111111111111111111111111111111111111111111111111111000000000000000011111111
111111111111111111111111111111111111111111111111111111111111111111111111111110011111111111111100000011
111111111111111111111111111111111111111111111111111111111011111111111111111101101111111111111111110011
111111111111111111111111111111111111111111111111111111110101111111111111111011110111111111111111001011
111111111111111111111111111111111111111111111111111110001110111000001111110111110111111111111110111011
111111111111111111111111111111111111111111111111111110111111000111110111101111111011111111111101111011
111111111111111111111111111111111111111111111111111101011111011111111010011111111011111111111011111011
111111111111111111111111111111111111111111111111111011101111101111111100001111111001111111110111111011
111111111111111111111111111111111111111111111111110011101111101111111011110011100111111111001111111011
111111111111111111111111111111111111111111000000001011101111101111110111111100000111111000111111111011
111111111111111111111111111111111111110000111101110111101111101111001111111110111000010111111111111011
111111111111111111111111111111111100001111111101110111101111100000110111111101111111101111111111111011
111111111111111111111111111111111011111111111110110111101111101111111001111011111111011111111111111011
111111111111111111111111111111110111111111111110110111101111101111111110000111111111011111111111111011
111111111111111111111111111100000001111111111110000000000000000111111110011011111110111111111111111011
111111111111111111111111111011101110111111111110110111101111101001111101111100000101111111111111111011
111111111111111111111111110111101111011111111110110111101111101110010011111111111011111111111111111011
111111111111111111111111101111101111100000000000000000001111101111101111111111110111111111111111111011
111111111111111111111000000011101111111111111111110111101111101111011111111111101111111111111111111011
111111111111111110000111101101101111111111111111110111101111101111011111111111011111111111111111111011
111111111111111101111111101110000001111111111111110111101111101110111111111110111111111111111111111011
111111111111111011111111101111101110000000000000000000000000000010111111111101111111111111111111111011
111111111111110111111111101111011111111111111111111111111111111100000011111101111111111111111100000111
111111111111101111111111101111011111111111111111111111111111111110111100111011111111111111110011111111
111111111111011111111111101111011111111111111111111111111111111110111111010111111111111111101111111111
111111111110111111111111101111011111111111111111111111111111111110111111001111111001111110011111111111
111111111001111111111111101111011111111111111111111111111111111110111110110111111010000001111111111111
111111111011111111111111100111011111111111111111111111111111111111011101111001111010101111111111111111
111111111011111111111111101000011111111111111111111111111111111111101011111110111010101111111111111111
111111111011111111111111101111011111111111111111111111111111111111110111111111011010101111111111111111
111111111011111111111111101111011111111111111111111111111111111111101111111111101010101111111111111111
111111111011111111111111101111011111111111111111111111111111111111011111111111110010101111111111111111
111111111011111111111111100001011111111111111111111111111111111110111111111111111000101111111111111111
111111111011111111111111101110011111111111111111111111111111111110011111111111111000000001111111111111
111111111011111111111111101111011111111111111111111111111111111101100111111111000111111010111111111111
111111111101111111111111101111011111111111111111111111111111111101111011111100111111111011011111111111
111111111110111111000000001111011111111111111111111111111111111011111101110011111111111011101111111111
111111111111000000111111101111011111111111111111111111111111110111111110001111111111110111110111111111
111111111111101111111111101111011000000000001111111111111111101011111000111111111111101111111001111111
111111111111110111111111101111011011111111110000011111111111011100100101111111111111101111111110111111
111111111111110111111111101111011011111111111111000000000000011111011011111111111111011111111111011111
111111111111110111111111011111011011111111111111011111101101101110111011111111111111011111111111101111
111111111111110111111111011111011011111111111111011111011101110101111011111111111111011111111111110111
111111111111110111111111011111000000000000000000000011011011111011111011111111111111011111111111111011
111111111111111011111111011111111111111111111110111100111011110111111011111111111111011111111111110111
111111111111111011111111011111111111111111111110111101110101101111110111111111111111011111111111110111
111111111111111011111111011111111111111111111110111101110110001111110000000111111110111111111111110111
111111111111111101111111011111111111111111111110111101110111110111101111111001111101111111111111110111
111111111111100000000000000000000111111111111110000101110111111011101111111100000000000000000111110111
111111111110011101111111011111110001111111111110111011110111111101101111111101111101111111111011101111
111111000001111110111111101111110110000011111110111011101111111101011111111101111101111111111100101111
111111101111111110111111101111110111111011111110110111011111111110111111111101111101111111111111001111
111111101111111110111111101111110111111011111110110111011111111110111111111000000011111111111111101111
111111110111111110111111101111110111111000000000000111011111111111011111111011111011111111111111111111
111111110111111110111111101111110111111111111111110111011111111111100000110111111011111111111111111111
111111111011111110111111101111111010001111111111111000011111111111101111000111110111111111111111111111
111111111101111110111111101111110001101111111111111111011111111111011111111011101111111111111111111111
111111111101111110000000000000001111101111111111111111011111111110111111111011011111111111111111111111
111111111101111111111111101111111111101111111111111110111111111110111111111011011111111111111111111111
111111111110111111111111101111111111101111111111111101111111111101111111111101011111111111111111111111
111111111111011111111111101111111111101111111111111101111100001011111111111110011111111111111111111111
111111111111101111111111101111111111101111111111110001111101110111000000000000111111111111111111111111
111111111111101111111111101111111111101111111110001010011011110110111111111111011111111111111111111111
111111111111110111111111101111111111101100000001111011101011110101111111111111101111111111111111111111
111111111111110111111111101111111111101011011111110111110001101011111111111111101111111111111111111111
111111111111111011111111101111110000000111101111110111110110000011111111111111101111111111111111111111
111111111111111101111111100000001111101111110111110111110111111000000000000000001111111111111111111111
111111111111111101111111101111111111101111110000000111110111111011111011111111101111111111111111111111
111111111111111101111111101111111111101111111111110111110111110111111011111111101111111111111111111111
111111111111111110111111101111111111101111111111110111110111101111111011111111101111111111111111111111
111111111111111111011111101111111111101111111111110111110111011111110111111111011111111111111111111111
111111111111111111101111101111111111101111111111110111110111011111110111111111011111111111111111111111
111111111111111111110111101111111111101111111111110000000000000011110111111111011111111111111111111111
111111111111111111110111101111100000001111111111110111111111111100001111111111011111111111111111111111
111111111111111111110111100000011111111111111111110111111111111111111111111110111111111111111111111111
111111111111111111111011110111111111111111111111110111111111111111111111111101111111111111111111111111
111111111111111111111011110111111111111111111111110111111111111111111111111011111111111111111111111111
111111111111111111111011110111111111111100000000000001111111111111111111111011111111111111111111111111
111111111111111111111101110111111111111101101110110110000111111111111111000011111111111111111111111111
111111111111111111111101110111111111111101101110110111111000000000000000111011111111111111111111111111
111111111111111111111101100000000000111101101110110111111111111111111111111011111111111111111111111111
111111111111111111111100011110111110111101101110110111111111111111111111111011111111111111111111111111
111111111111111111111101111110100000000000000000110111111111111111111111111011111111111111111111111111
111111111111111111111110111110011111111111100000000000000000000001111111111011111111111111111111111111
111111111111111111111110111111111111110000011111111111111111111110000000000011111111111111111111111111
111111111111111111111111011111111110001111111111111111111111111111111111111111111111111111111111111111
111111111111111111111111100000000001111111111111111111111111111111111111111111111111111111111111111111
111111111111111111111111101111111111111111111111111111111111111111111111111111111111111111111111111111
111111111111111111111111111111111111111111111111111111111111111111111111111111111111111111111111111111
144444444444444444444444444444444444444444444444444444444444444444444444444444444444444444444444444441
144444444444444444444444444444444444444444444444444444444444444444444444444444444444444444444444444441
144444444444444444444444444444444444444444444444444444444444444444444444444444444444444444444444444441
144444444444444444444444444444444444444444444444444444444444444444444444444444444444444444444444444441
144444444444444444444444444444444444444444444444444444444444444444444444444444444444444444444444444441
144444444444444444444444444444444444444444444444444444444444444444444444444444444444444444444444444441
144444444444444444444444444444444444444444444444444444444444444444444444444444444444444444444444444441
144444444444444444444444444444444444444444444444444444444444444444444444444444444444444444444444444441
144444444444444444444444444444444444444444444444444444444444444444444444444444444444444444444444444441
144444444444444444444444444444444444444444444444444444444444444444444444444444444444444444444444444441
111111111111111111111111111111111111111111111111111111111111111111111111111111111111111111111111111111