111111111111111111111111111111111111111111111111111111111111111111111111111111111111111111111111111111
111111111111111111111111111111111111111111111111111111111111111111111111111181111111111111111111111111
111111111111111111111111111111111111111111111111111111888888888888888888888811000111111111111111111111
111111111111111111111111111111111111111111111888888888111111111111111111111110101000000000000000000011
111111111111111111111111111111111111111111888111111111111011111111111111111101101111111111111111100011
111111111111111111111111111111111111111188111111111111000101111111111111111011101111111111111111011011
111111111111111111111111111111111111888811111111111110111110100000001111100111110111111111111110111011
111111111111111111111111111111118888111111111111111110011111011111110111011111111011111111111101111011
111111111111111111111111111888881111111111111111111110011111011111111010111111111011111111111011111011
111111111111111111111111118111111111111111111111111101101111011111111100000111111001111111110111111011
111111111111111111111111811111111111111111111111111011101111011111111011111001110111111110001111111011
111111111111111111111181111111111111111111110000000011101111011111110111111110000001111101111111111011
111111111111111111118111111111111111111000001101111011101111011000000111111110111110111011111111111011
111111111111111111181111111111111111110111111101110111101111100111111011111101111111000111111111111011
111111111111111111811111111111111111101111111110110111101111101111111100111011111111011111111111111011
111111111111111181111111111111111100011111111110110111101111101111111111000001111110111111111111111011
111111111111111811111111111111000011111111111110000000000000001111111110011110011101111111111111111011
111111111111118111111111111110101100111111111110110111101111100111111101111111100101111111111111111011
111111111111811111111111110001101111001111111110110111101111101011111011111111111011111111111111111011
111111111118111111111111100111101111110000000000000000001111101100000111111111110111111111111111111011
111111111181111111111110001000101111111111111111110111101111101111011111111111101111111111111111111011
111111111811111111100001101111001111111111111111110111101111101110111111111111011111111111111111111011
111111118111111100011111101111100011111111111111110111101111101110111111111110111111111111111111111011
111111118111111011111111101111101100000000000000000000000000000010111111111101111111111111111111110011
111111118111110111111111101111101111111111111111111111111111111100001111111011111111111111111110001111
111111118111101111111111101111101111111111111111111111111111111110110011110111111111111111111001111111
111111181111011111111111101111101111111111111111111111111111111110111100010111111111111111100111111111
111111181110111111111111101111101111111111111111111111111111111110111111101111111001111110011111111111
111111181001111111111111101111011111111111111111111111111111111110111111010111111010000001111111111111
111111811011111111111111100001011111111111111111111111111111111111011100111011111010101111111111111111
111111811011111111111111101110011111111111111111111111111111111111101011111101111010101111111111111111
111111811011111111111111101111011111111111111111111111111111111111110111111110111010101111111111111111
111111811011111111111111101111011111111111111111111111111111111111101111111111001010101111111111111111
111118111011111111111111101111011111111111111111111111111111111111011111111111110010101111111111111111
111118111011111111111111100111011111111111111111111111111111111110111111111111111010101111111111111111
111118111011111111111111101000011111111111111111111111111111111101011111111111000000000001111111111111
111181111101111111111111101111011111111111111111111111111111111011100111111000111111111100111111111111
111181111110111111111111101111011111111111111111111111111111110111111011100111111111111101011111111111
111181111110110000000000001111011111111111111111111111111111110111111101011111111111111101101111111111
111181111111001111111111101111011111111111111111111111111111110111111110111111111111111011110111111111
111181111111011111111111101111011000000000111111111111111111101001111000111111111111111011111011111111
111181111111011111111111101111011011111111000000011111111111011110110110111111111111110111111101111111
111181111111101111111111101111011011111111111111000000000000011111001110111111111111110111111110011111
111181111111101111111111101111011011111111111111011111101110101110111101111111111111101111111111101111
111181111111110111111111101111011011111111111111011111101101110101111011111111111111101111111111110111
111181111111110111111111011111000000000000000000011111011101111011110111111111111111101111111111111011
111181111111111011111111011111111111111111111111000000111011110111110111111111111111101111111111111011
111181111111111011111111011111111111111111111111011110111000001111110000000111111111011111111111111011
111181111111111011111111011111111111111111111111011101111011101111101111111011111110111111111111111011
111181111111111011111111011111111111111111111110111101111011110111011111111100000110111111111111110111
111181111100000000000000000000000011111111111110111101111011110111011111111101111000000111111111110111
111181110011111101111111011111110100001111111110000011110111111011011111111101111101111011111111101111
111181001111111101111111011111110111110011111110111011110111111100111111111101111011111100111111101111
111181101111111101111111011111110111111011111110111011110111111110111111111101111011111111000000001111
111181110111111110111111011111111011111011111110110111110111111110111111111000000011111111111111101111
111181111011111110111111101111111011111000000000000111110111111111011111110111111011111111111111111111
111181111011111110111111101111111011111111111111110111101111111111100000110111111011111111111111111111
111181111101111110111111101111111010001111111111111000011111111111011111000111110111111111111111111111
111181111110111110111111101111110001101111111111111111011111111110111111111011101111111111111111111111
111181111110111110000000000000001111101111111111111110111111111110111111111011101111111111111111111111
111181111111011111111111101111111111101111111111111101111111111101111111111011011111111111111111111111
111118111111011111111111101111111111101111111111111101111111111011111111111100111111111111111111111111
111118111111011111111111101111111111101111111111111101111100010111111111111110111111111111111111111111
111118111111101111111111101111111111101111111100000011111011100111000000000000111111111111111111111111
111111811111101111111111101111111111101111111011111000110111101110111111111110111111111111111111111111
111111811111101111111111101111111111101110000111111011000111101110111111111111011111111111111111111111
111111811111110111111111101111111111100001101111111011110001011110111111111111011111111111111111111111
111111181111111011111111101111100000001111101111110111110110011101111111111111101111111111111111111111
111111181111111011111111100000011111101111110111110111110111100000000000000000001111111111111111111111
111111181111111101111111101111111111101111110000000111110111111011111101111111101111111111111111111111
111111181111111110111111101111111111101111111111110111110111110111111101111111011111111111111111111111
111111181111111110111111101111111111101111111111110111110111101111111011111110111111111111111111111111
111111118111111110111111101111111111101111111111110111110111101111111011111101111111111111111111111111
111111118111111110111111101111111111101111111111110111110111101111110111111101111111111111111111111111
111111118111111110111111101111111111101111111111110000000000011111101111111101111111111111111111111111
111111118111111111011111101111111111101111111111110111111111100000001111111011111111111111111111111111
111111111811111111101111100000000000011111111111110111111111111111111111111011111111111111111111111111
111111111811111111101111110111111111111111111111110111111111111111111111111011111111111111111111111111
111111111181111111101111110111111111111111111111110111111111111111111111111011111111111111111111111111
111111111181111111101111110111111111111100000000000001111111111111111100000011111111111111111111111111
111111111118111111110111110111111111111101101110110110000011111000000011111011111111111111111111111111
111111111111811111110111110111111111111101101110110111111100000111111111111011111111111111111111111111
111111111111181111110111000000000000111101101110110111111111111111111111111011111111111111111111111111
111111111111118111111010111110111110111101101110110111111111111111111111111011111111111111111111111111
111111111111111811111101111110111110000000000000110111111111111111111111111011111111111111111111111111
111111111111111181111110111110000001111100000000000000000000000011111111111011111111111111111111111111
111111111111111118111111011111111111111011111111111111111111111100000000000011111111111111111111111111
111111111111111111811111011111111100000111111111111111111111111111111111111111111111111111111111111111
111111111111111111181111011000000011111111111111111111111111111111111111111111111111111111111111111111
111111111111111111118111100111111111111111111111111111111111111111111111111111111111111111111111111111
111111111111111111111811111111111111111111111111111111111111111111111111111111111111111111111111111111
144444444444444444444444444444444444444444444444444444444444444444444444444444444444444444444444444441
144444444444444444444444444444444444444444444444444444444444444444444444444444444444444444444444444441
144444444444444444444444444444444444444444444444444444444444444444444444444444444444444444444444444441
144444444444444444444444444444444444444444444444444444444444444444444444444444444444444444444444444441
144444444444444444444444444444444444444444444444444444444444444444444444444444444444444444444444444441
144444444444444444444444444444444444444444444444444444444444444444444444444444444444444444444444444441
144444444444444444444444444444444444444444444444444444444444444444444444444444444444444444444444444441
144444444444444444444444444444444444444444444444444444444444444444444444444444444444444444444444444441
144444444444444444444444444444444444444444444444444444444444444444444444444444444444444444444444444441
144444444444444444444444444444444444444444444444444444444444444444444444444444444444444444444444444441
111111111111111111111111111111111111111111111111111111111111111111111111111111111111111111111111111111