111111111111111111111111111111111111111111111111111111111111111111111111111111111111111111111111111111
111111111111111111111111111111111111111111111111111111111111111111111111111181111111111111111111111111
111111111111111111111111111111111111111111111111111111888888888888888888888811000000000000000001111111
111111111111111111111111111111111111111111111888888888111111111111111111111110101111111111111110000011
111111111111111111111111111111111111111111888111111111110011111111111111111101101111111111111111100011
111111111111111111111111111111111111111188111111111111001101111111111111110011101111111111111111011011
111111111111111111111111111111111111888811111111111110111110110000001111101111101111111111111110111011
111111111111111111111111111111118888111111111111111101011111001111110111011111110111111111111101111011
111111111111111111111111111888881111111111111111111011101111011111111010111111111011111111111011111011
111111111111111111111111118111111111111111111111111011101111011111111100011111111001111111110111111011
111111111111111111111111811111111111111111111110000011101111011111111011100011100111111110001111111011
111111111111111111111181111111111111111110000001111011101111011111110111111100001111111001111111111011
111111111111111111118111111111111111100001111101111011101111011000001111111110110011110111111111111011
111111111111111111181111111111111111011111111101111011101111100111110111111101111100001111111111111011
111111111111111111811111111111111110111111111101110111101111101111111001111011111111011111111111111011
111111111111111181111111111111111101111111111101110111101111101111111110000001111111011111111111111011
111111111111111811111111111111100011111111111110000000000000000001111110011110111110111111111111111011
111111111111118111111111111100001100111111111110110111101111101110111101111111011101111111111111111011
111111111111811111111111111011101111001111111110110111101111101111011011111111100011111111111111111011
111111111118111111111111000111101111110000000000000000001111101111100111111111110111111111111111111011
111111111181111111111100101011101111111111111111110111101111101111011111111111101111111111111111111011
111111111811111111111011101101101111111111111111110111101111101110111111111111011111111111111111111011
111111118111111111110111101110000000000000000011110111101111101110111111111110111111111111111111111011
111111118111111111101111101111101111111111111100000000000000000000111111111101111111111111111111110011
111111118111111110011111101111101111111111111111111111111111111110011111111011111111111111111111001111
111111118111111001111111101111101111111111111111111111111111111110101111110111111111111111111100111111
111111181111110111111111101111101111111111111111111111111111111110110001110111111111111111111011111111
111111181111101111111111101111011111111111111111111111111111111110111110000111111011111000000111111111
111111181000011111111111101111011111111111111111111111111111111110111111011011111000000111111111111111
111111811011111111111111100000011111111111111111111111111111111111011100111101111010101111111111111111
111111811011111111111111101111011111111111111111111111111111111111101011111110111010101111111111111111
111111811101111111111111101111011111111111111111111111111111111111110111111111011010101111111111111111
111111811101111111111111101111011111111111111111111111111111111111101111111111101010101111111111111111
111118111101111111111111101111011111111111111111111111111111111111011111111111110010101111111111111111
111118111101111111111111101111011111111111111111111111111111111110111111111111111000101111111111111111
111118111101111111111111100000011111111111111111111111111111111101011111111111111100000001111111111111
111181111110111111111111101111011111111111111111111111111111111011100111111111110011111010011111111111
111181111110111111111111101111011111111111111111111111111111111011111011111111101111110111101111111111
111181111110111111110000001111011111111111111111111111111111111011111101000000011111110111110111111111
111181111111000000001111101111011111111111111111111111111111110111111110111111111111101111111011111111
111181111111101111111111101111011000000011111111111111111111101001111100111111111111101111111101111111
111181111111101111111111011111011011111100000000000000011111011110111001111111111111101111111110111111
111181111111101111111111011111011011111111111111011111100000111111000101111111111111101111111111011111
111181111111101111111111011111011011111111111111011111011101001110111101111111111111011111111111101111
111181111111101111111111011111011011111111111111011111011101110101111011111111111111011111111111110111
111181111111101111111111011111000000000000000000000011011011111011111011111111111111011111111111111011
111181111111110111111111011111111111111111111111011100111000110111111011111111111111011111111111111011
111181111111110111111111011111111111111111111111011101111011001111110111111111111110111111111111110111
111181111111111011111111011111111111111111111111011101111011101111101000000111111101111111111111110111
111181111111111101111111011111111111111111111110111101111011110111011111111000011101111111111111110111
111181111111111000000000000000000111111111111110111011111011110111011111111101100000000000001111110111
111181100000000101111111011111110001111111111110000011111011111011011111111101111101111111110011110111
111181011111111101111111011111110110000011111110111011110111111101011111111101111101111111111100110111
111181101111111101111111011111110111111011111110111011110111111110011111111011111011111111111111001111
111181110111111101111111011111111011111011111110111011110111111110111111111000000011111111111111101111
111181110111111101111111011111111011111000000000001011101111111111011111111011110111111111111111111111
111181111011111101111111101111111011111111111111110011101111111111100000011011110111111111111111111111
111181111101111101111111101111111011101111111111111100011111111111101111100111110111111111111111111111
111181111110111110111111101100000000001111111111111111011111111111101111111011110111111111111111111111
111181111111011110000000000011111111101111111111111110111111111111011111111101110111111111111111111111
111181111111011111111111101111111111101111111111111101111111111110111111111101101111111111111111111111
111118111111011111111111101111111111101111111111111101111111111101111111111110011111111111111111111111
111118111111101111111111101111111111101111111111111101111100111011111111111110111111111111111111111111
111118111111110111111111101111111111101111111111110000111101000111000000000000111111111111111111111111
111111811111110111111111101111111111101111111111101011011011101111011111111111011111111111111111111111
111111811111111011111111101111111111101111000000011011100111101111011111111111011111111111111111111111
111111811111111011111111101111111111101000011111111011110011011110111111111111011111111111111111111111
111111181111111011111111101111000000000111101111110111110100011101111111111111101111111111111111111111
111111181111111101111111100000111111101111110111110111110111100000000000000000001111111111111111111111
111111181111111101111111101111111111101111110000000111110111111011111011111111101111111111111111111111
111111181111111110111111101111111111101111111111110111110111111011110111111111101111111111111111111111
111111181111111110111111101111111111101111111111110111110111110111110111111111101111111111111111111111
111111118111111110111111101111111111101111111111110111110111110111110111111111101111111111111111111111
111111118111111110111111101111111111101111111111110111110111101111110111111111101111111111111111111111
111111118111111110111111101111111111101111111111110000000000000111110111111111011111111111111111111111
111111118111111110111111101111110000001111111111110111111111111000001111111111011111111111111111111111
111111111811111111011111100000001111111111111111110111111111111111111111111111011111111111111111111111
111111111811111111011111101111111111111111111111110111111111111111111111111110111111111111111111111111
111111111181111111101111101111111111111111111111110111111111111111111111111101111111111111111111111111
111111111181111111110111101111111111111100000000000001111111111111000000000011111111111111111111111111
111111111118111111110111101111111111111101101110110110000001110000111111111011111111111111111111111111
111111111111811111111011101111111111111101101110110111111110001111111111111011111111111111111111111111
111111111111181111111011100000000000111101101110110111111111111111111111111011111111111111111111111111
111111111111118111111011011110111110111101101110110111111111111111111111111011111111111111111111111111
111111111111111811111100111110111110000000000000110111111111111111111111111011111111111111111111111111
111111111111111181111110111110000001111111111000000000001111111111111111111011111111111111111111111111
111111111111111118111110111111111111100000000111111111110000000000000000000011111111111111111111111111
111111111111111111811111011111100000011111111111111111111111111111111111111111111111111111111111111111
111111111111111111181111011110011111111111111111111111111111111111111111111111111111111111111111111111
111111111111111111118111100001111111111111111111111111111111111111111111111111111111111111111111111111
111111111111111111111811111111111111111111111111111111111111111111111111111111111111111111111111111111
144444444444444444444444444444444444444444444444444444444444444444444444444444444444444444444444444441
144444444444444444444444444444444444444444444444444444444444444444444444444444444444444444444444444441
144444444444444444444444444444444444444444444444444444444444444444444444444444444444444444444444444441
144444444444444444444444444444444444444444444444444444444444444444444444444444444444444444444444444441
144444444444444444444444444444444444444444444444444444444444444444444444444444444444444444444444444441
144444444444444444444444444444444444444444444444444444444444444444444444444444444444444444444444444441
144444444444444444444444444444444444444444444444444444444444444444444444444444444444444444444444444441
144444444444444444444444444444444444444444444444444444444444444444444444444444444444444444444444444441
144444444444444444444444444444444444444444444444444444444444444444444444444444444444444444444444444441
144444444444444444444444444444444444444444444444444444444444444444444444444444444444444444444444444441
111111111111111111111111111111111111111111111111111111111111111111111111111111111111111111111111111111