1111111111111111111111111111111111111111111111111111111111111111111111111111111111111111111111111111111111111111111111111111111111111111111111111111111111111111111111111111111111111111111111111111111111
1111111111111111111111111111111111111111111111111111111111111111111111111111111111111111111111111111111111111111111111111111111111111111111111111111111111111111111111111111111111111111111111111111111111
1111111111111111111111111111111111111111111111111111111111111111111111111111111111111111111111111111111111111111111111111111111111111111111111111111111111111111111111111111111111111111111111111111111111
1111111111111111111111111111111111111111111111111111111111111111111111111111111111111111111188888888888888888888881111111111111111111111111111111111111111111111111111111111111111111111111111111111111111
1111111111111111111111111111111111111111111111111111111111111111111111111111111111111888888811111111111111111111118111111111111111111111111111111111111111111111111111111111111111111111111111111111111111
1111111111111111111111111111111111111111111111111111111111111111111111111111118888888111111000000000000000000111111888111111111111111111111111111111111111111111111111111111111111111111111111111111111111
1111111111111111111111111111111111111111111111111111111111111111111111888888881111111111100111111111111111101000011111811111111111111111111111111111111111111111111111111111111111111111111111111111111111
1111111111111111111111111111111111111111111111111111111111111188888888111000000000000000011111111111111111101111100000088811111111111111111111111111111111111111111111111111111111111111111111111111111111
1111111111111111111111111111111111111111111111111111111888888811110000000011111101111111111111111111111111101111111011101188111111111111111111111111111111111111111111111111111111111111111111111111111111
1111111111111111111111111111111111111111111111118888888111111111001111110111111110111111111111111111111111101111110111110111881111111111111111111111111111111111111111111111111111111111111111111111111111
1111111111111111111111111111111111188888888888881111110000000000111111101111111110111111111111111111111111101111110111101011118811111111111111111111111111111111111111111111111111111111111111111111111111
1111111111111111111111111111188888811111111111111111001111110111111111011111111111011111111111111111111111101111110111101101111188111111111111111111111111111111111111111111111111111111111111111111111111
1111111111111111111111118888811111111111111111100000111111101111111110111111111111101111111111111111111111101111110111101110111111881111111111111111111111111111111111111111111111111111111111111111111111
1111111111111111111118881111111111111111111111011111111111011111111110111111111111101111111111111111111111011111110111101111011111118881111111111111111111111111111111111111111111111111111111111111111111
1111111111111111111188111111111111111111111110111111111110111111111101111111111111010111111111111111111110111111110111101111100011111118811111111111111111111111111111111111111111111111111111111111111111
1111111111111111118811111111111111111111111001111111111001111111111011111111111110110111111111111111110000111111101111101111111100111111188111111111111111111111111111111111111111111111111111111111111111
1111111111111111881111111111111111111111100111111111110110111111110111111111111101111011111111111111101101111111101111101111111101011111111881111111111111111111111111111111111111111111111111111111111111
1111111111111888111111111111111111110000011111111110001111011111101111111111111011111101111111111100011101111111101111101111111101101111111118881111111111111111111111111111111111111111111111111111111111
1111111111111811111111111111111100001111111111111101111111101111011111111111110111111110111111110011111101111111101111011111111101110011111111118811111111111111111111111111111111111111111111111111111111
1111111111881111111111111111111010111111111111111011111111110100101111111111001111111111011111101111111101111111011110111111111011111101111111111188811111111111111111111111111111111111111111111111111111
1111111188111111111111111111110111011111111111110111111111110011110111111110111111111111101110011111111101111111011110111111111011111110111111111111188111111111111111111111111111111111111111111111111111
1111118811111111111111111110001111011111111111101111111111101101111011111001111111111111110101111111111101111110111101111111111011111111000000011111111811111111111111111111111111111111111111111111111111
1111181111111111111111111001111111101111111000011111111111011110111101100111111111111111110011111111111011111110111101111111111011111111111111101111111181111111111111111111111111111111111111111111111111
1118111111111111111111100111111111110111100111111111111110111111011110011111111111111111101101111111111001111110111011111111111011111111111111110111111111811111111111111111111111111111111111111111111111
1181111111111111111111010111111111111011011111111111111101111111011001011111111111111111011110111111110010000110111011111111111011111111111111111001111111181111111111111111111111111111111111111111111111
1111111111111111111100111011111111111010111111111111111011111111100111011111111111111100111110111110000111111000000011111111111011111111111111111110111111118111111111111111111111111111111111111111111111
1111111111111111111011111011111111111101111111111111000111111110011111101111111111111011111110111001110111111101111000111111111011111111111111111111011111111811111111111111111111111111111111111111111111
1111111111111111000111111011111111111010111111111110111111111001111111110111111111110111111110100111110111111101111011000000000011111111111111111111101111111181111111111111111111111111111111111111111111
1111111111111111011111111101111111110111011111111101111111110111111111110111111111101111111111011111101111111011111011101111111011111111111111111110000111111111811111111111111111111111111111111111111111
1111111111111110011111111110111111001011101111100011111111101111111111111011111111110111111110011111101111111011111011011111111011111111111111111101111011111111181111111111111111111111111111111111111111
1111111111111101011111111110111110111101101110011101111111011111111111111101111111111011111101101111101111111011110111011111111011111111111111111011111100111111118111111111111111111111111111111111111111
1111111111111011011111111110111101111101110101111110111100111111111111111110111111111101111011110111011111111011110111011111111011111111111111110111111111011111111811111111111111111111111111111111111111
1111111111110111011111111111010011111101110011111110111011111111111111111111011111111101100111111010111111110111101111011111111011111111111110001111111111100011111181111111111111111111111111111111111111
1111111111101111011111111111101111111110110111111111010111111111111111111111101111111110000000001010111111110111011111011111111011111111111101111111111111111101111111811111111111111111111111111111111111
1111111111011111011111111111101111111111001111111111101111111111111111111111101111111101111111110000000000000000000000000000000011111111110011111111111111111110111111181111111111111111111111111111111111
1111111110111111011111111111101111111100011111111111011111111111111111111111110111110011111111111111111111101111111111011111111011111111101111111111111111111111011111118111111111111111111111111111111111
1111111110111100100001111111110111111011111111111110111111111111111111111111111011101111111111111111111111101111111111011111111011111111011111111111111111111111101111111811111111111111111111111111111111
1111111111010011111110011111111011100111111111111101111111111111111111111111111000011111111111111111111111101111111111011111111011111110111111111111111111111111110111111181111111111111111111111111111111
1111111111001111111000101111111011011111111111111011111111111111111111111111111011111111111111111111111111101111111111011111110111111001111111111111111111111111111011111111811111111111111111111111111111
1111111100101111100111110011111010111111111111110111111111111111111111111111111101111111111111111111111111101111111111011111110111110111111111111111111111111111111101111111181111111111111111111111111111
1111111011101111011111111100111101111111111111101111111111111111111111111111111101111111111111111111111111101111111111011111110111101111111111111111111111111111111110111111118111111111111111111111111111
1111110111101110111111111111001010111111111100011111111111111111111111111111111101111111111111111111111111101111111111011111110111011111111111111111111111111111111111011111118111111111111111111111111111
1111101111110101111111111111110110111111111011111111111111111111111111111111111101111111111111111111111111011111111111011111110110111111111111111111111111111111111111100111111811111111111111111111111111
1111011110000011111111111111101111011111110111111111111111111111111111111111111110111111111111111111111111001111111111011111110101111111111111111111111111111111111111111011111181111111111111111111111111
1110111101111101111111111110011111011111101111111111111111111111111111111111111111011111111111111111111110010000000111011111110011111111111111111111111111111111111111111100111118111111111111111111111111
1101110011111110111111111001111111011111011111111111111111111111111111111111111111011111111111111111111101011111111000011111100111111111111111111111111111111111111111111000011111811111111111111111111111
1101101111111110011111110111111111101000111111111111111111111111111111111111111111101111111111111111111011011111111111011111010111111111111111111111111111111111111111100111111111811111111111111111111111
1110011111111101101111101111111111110111111111111111111111111111111111111111111111101111111111111111110111011111111111011110110111111111111111111111111111111111111111011111111111181111111111111111111111
1110111111111011110111011111111111101011111111111111111111111111111111111111111111101111111111111111101111011111111111011101110111111111111111111111111111111111100000111111111111118111111111111111111111
1111011111110111111000111111111110011011111111111111111111111111111111111111111111101111111111111111011111011111111111011011110111111111111111111111111111111111011111111111111111111811111111111111111111
1111011110001111110101111111111101111011111111111111111111111111111111111111111111101111111111111110111111101111111111000111110111111111111111111111111111111110111111111111111111111811111111111111111111
1111011001111111101110111111110011111011111111111111111111111111111111111111111111110111111111111101111111101111111111011111110111111111111111111111111100000001111111111111111111111118111111111111111111
1111000111111110011110111111101111111101111111111111111111111111111111111111111111110111111111110011111111101111111100111111110111111111111111111111111011111111111111111111111111111118111111111111111111
1111011111111001111111011110011111111101111111111111111111111111111111111111111111111011111111101111111111101111111011111111110111111111111111111100000111111111111111111111111111111111181111111111111111
1111100111110111111111101001111111111110111111111111111111111111111111111111111111111011111111011111111111101111110111111111111011111111111111000011111111111111111111111111111111111111181111111111111111
1111111010001111111111100111111111111111011111111111111111111111111111111111111111111011111100111111111111101111001111111111111011111111100000111111111111111111111111111111111111111111118111111111111111
1111111101111111111111101111111111111111011111111111111111111111111111111111111111111011111011111111111111110110111111111111111011000000010111111111111111111111111111111111111111111111111811111111111111
1111111101111111111111010111111111111111101111111111111111111111111111111111111111111011110111111111111111110101111111111111100000111111111011111111111111111111111111111111111111111111111811111111111111
1111111110111111111110110111111111111111101111111111111111111111111111111111111111111011101111111000000000000000000000000000011011111111111011111111111111111111111111111111111111111111111811111111111111
1111111110111111111001110111111111111111110111111111111111111111111111111111111111111101000000000111111111111111111111101111111011111111111011111111111111111111111111111111111111111111111181111111111111
1111111111011111000111111011111111111111110111111111111111111111111111111111111111111100011111111111111111111111111111101111111011111111111011111111111111111111111111111111111111111111111181111111111111
1111111111011000111111111011111111111111110111111111111111111111111111111111111111000001111111111111111111111111111111110111111011111111111011111111111111111111111111111111111111111111111118111111111111
1111111111010111111111111011111111111111110111111111111111111111111111111111111100111101111111111111111111111111111111110111111011111111111011111111111111111111111111111111111111111111111111811111111111
1111111111001111111111111101111111111111111011111111111111111111111100000000000011111101111111111111111111111111111111110111111011111111111011111111111111111111111111111111111111111111111111181111111111
1111111111011111111111111110111111111111111101111100000000000000000011111111111111111101111111111111111111111111111111110111111011111111111011111111111111111111111111111111111111111111111111181111111111
1111111111011111111111111110111111111111111110110011110111111111011111111111111111111101111111111111111111111111111111110111111011111111111011111111111111111111111111111111111111111111111111118111111111
1111111111011111111111111111011111111000000000001011110111111111011111111111111111111101111111111111111111111111111111110111111011111111111011111111111111111111111111111111111111111111111111118111111111
1111111111011111111111111111101100000110111110111011110111111111011111111111111111111101111111111111111111111111111111110111111101111111111011111111111111111111111111111111111111111111111111111811111111
1111111111101111111111111111110011111101111110111011110111111111011111111111111111111101111111111111111111111111111111110111111101111111111011111111111111111111111111111111111111111111111111111811111111
1111111111101111111111111111110111111011111110111011110111111111011111111111111111111101111111111111111111111111111111110111111101111111111011111111111111111111111111111111111111111111111111111181111111
1111111111101111111111111111101111110111111110111011111011111111011111111111111111111101111111111111111111111111111111110111111110111111111011111111111111111111111111111111111111111111111111111181111111
1111111111101111111111110000011111101111111101111011111011111111011111111111111111111101111111111111111111111111111111110111111110111111111011111111111111111111111111111111111111111111111111111118111111
1111111111101111111111001111111111011111111101111011111101111111101111111111111111111101111111111111111111111111111111110111111110111111111011111111111111111111111111111111111111111111111111111118111111
1111111111101111111110111111111110111111111100111011111101111111101111111111111111111101111111111111111111111111111111110111111110111111111011111111111111111111111111111111111111111111111111111111811111
1111111111100000000001111111111101111111111011000000000001111111101111111111111111111110111111111111111111111111111111111011111110111111111011111111111111111111111111111111111111111111111111111111811111
1111111111101111111111111111111011111111111011110111111101111111101111111111111111111110111111111111111111111111111111111011111110111111111011111111111111111111111111111111111111111111111111111111811111
1111111111101111111111111111110111111111111011110111111101111111101111111111111111111110111111111111111111111111111111111011111110111111111011111111111111111111111111111111111111111111111111111111811111
1111111111101111111111111111101111111111111011110111111101111111101111111111111111111111011111111111111111111111111111111011111110111111111011111111111111111111111111111111111111111111111111111111811111
1111111111101111111111111110011111111111111011101111111101111111101111111111111111111111011111111111111111111111111111111011111110111111111011111111111111111111111111111111111111111111111111111111811111
1111111111101111111111111101111111111111111011101111111101111111101111111111111111111111011111111111111111111111111111000011111110111111111101111111111111111111111111111111111111111111111111111111811111
1111111111101111111111110011111111111111110111101111111101111111101111111111111111111111011111111111111111111111111000111111111110111111111101111111111111111111111111111111111111111111111111111111811111
1111111111101111111111101111111111111111101111101111111101111111110111111111111111111111011111111111111111111111110111111111111110111111111101111111111111111111111111111111111111111111111111111111811111
1111111111101111111111011111111111111111011111011111111101111111110111111111111111111111011111111111111111111111101111111111111110111111111101111111111111111111111111111111111111111111111111111111811111
1111111111101111111110111111111111111111011111011111111101111111110111111111111111111111011111111111111111111111011111111111111110111111111101111111111111111111111111111111111111111111111111111111811111
1111111111101111111101111111111111111111011111011000000001111111110111111111111111111111011111111111111111111111011111111111111111000000000001111111111111111111111111111111111111111111111111111111811111
1111111111101111111011111111111111111111000000000111111101111111110111111111111111111111011111111111111111111111011111111111100000111111111101111111111111111111111111111111111111111111111111111111811111
1111111111101111110111111111111111111111111111011111111101111111111011111111111111111111011111111111111111111110111111111110011111111111111101111111111111111111111111111111111111111111111111111111811111
1111111111101111101111111111111111111111111111011111111101111111111011111111111111111111011111111111111111111101111111111001111111111111111101111111111111111111111111111111111111111111111111111111811111
1111111111101111011111111111111111111111111111011111111101111111111011111111111111111111011111111111111111111011111100000111111111111111111101111111111111111111111111111111111111111111111111111118111111
1111111111101110111111111111111111111111111111011111111101111111111011111111111111111111011111111111111111111010000011111111111111111111111011111111111111111111111111111111111111111111111111111118111111
1111111111101101111111111111111111111111111111011111111101111111111011111111111111111111101111111110000000000001111111111111111111111111111011111111111111111111111111111111111111111111111111111118111111
1111111111101011111111111111111111111111111111011111111101111111111011111110000000000000000000000001111111110111111111111111111111111111111011111111111111111111111111111111111111111111111111111181111111
1111111111100111111111111111111111111111111111101111111110111111111000000001111111111111101111111111111111111011111111111111111111111111111011111111111111111111111111111111111111111111111111111181111111
1111111111100000000000111111111111111111111111101111111110111111111011111111111111111111101111111111111111111011111111111111111111111111111011111111111111111111111111111111111111111111111111111811111111
1111111111101111111111000000000000000000000000001111111110111111111101111111111111111111101111111111111111111011111111111111111111111111111011111111111111111111111111111111111111111111111111111811111111
1111111111101111111111111111111111111111111111101111111110111111111101111111111111111111101111111111111111111011111111111111111111111111111011111111111111111111111111111411111111111111111111118111111111
1111111111110111111111111111111111111111111111101111111110111111111101111111111111111111101111111111111111111011111111111111111111111111111011111111111111111111111111114444411111111111111111181111111111
1111111111111011111111111111111111111111111111110111111110111111111101111111111111111111110111111111111111111011111111111111111111111111111011111111111111111111111111144444444441111111111111181111111111
1111111111111101111111111111111111111111111111110111111110111111111101111111111111111111110111111111111111111011111111111111111111111111111011111111111111111111111111144444444444444111111111811111111111
1111111111111101111111111111111111111111111111110111111110111111111101111111111111111111110111111111111111111011111111111111111111111111111011111111111111111111111111144444444444444444411118111111111111
1111111111111110111111111111111111111111111111111011111110111111111101111111111111111111110111111111111111111011111111111111111111111111111011111111111111111111111111144444444444444444411118111111111111
1111111111111110111111111111111111111111111111111011111110111111111101111111111111111111110111111111111111111011111111111111111111111111100011111111111111111111111111444444444444444444111181111111111111
1111111111111110111111111111111111111111111111111011111111011111111101111111111111111111111011111111111111111011111110000000000000000000010111111111111111111111111111444444444444444444111181111111111111
1111111111111111011111111111111111111111111111111011111000011111111101111111111111111111111011111111111111111101100001111111111111111111101111111111111111111111111111444444444444444444111811111111111111
1111111111111111101111111111111111111111111111111010000111011111111101111111111111111111111011111111111111111100011111111111111111111111011111111111111111111111111114444444444444444441111811111111111111
1111111111111111101111111111111111111111111111111001111111011111111101111111111111111111111011111111111111000011111111111111111111111110111111111111111111111111111114444444444444444441118111111111111111
1111111111111111110111111111111111111111111111111111111111101111111101111111111111111111111000000000000000111111111111111111111111111101111111111111111111111111111114444444444444444441181111111111111111
1111111111111111110111111111111111111111111111111111111111101111111101111111111111111111111101111111111111111111111111111111111111111011111111111111111111111111111144444444444444444411181111111111111111
1111111111111111111011111111111111111111111111111111111111101111111101111111111111111111111101111111111111111111111111111111111111110111111111111111111111111111111144444444444444444411811111111111111111
1111111111111111111101111111111111111111111111111111111111101111111101111111111111111111111101111111111111111111111111111111111111101111111111111111111111111111111144444444444444444411811111111111111111
1111111111111111111110111111111111111111111111111111111111101111111101111111111111111111111101111111111111111111111111111111111111011111111111111111111111111111111444444444444444444118111111111111111111
1111111111111111111110111111111111111111111111111111111111101111111101111111111111111111111101111111111111111111111111111111111110111111111111111111111111111111111444444444444444444118111111111111111111
1111111111111111111111011111111111111111111111111111111111101111111101111111111111111111111101111111111111111111111111111111111101111111111111111111111111111111111444444444444444444444444444444411111111
1111111111111111111111011111111111111111111111111111111111101111111101111111111111111111111101111111111111111111111111111111111011111111111111111111111111111111114444444444444444444444444444444111111111
1111111111111111111111011111111111111111111111111111111111101111111101111111111111111111111101111111111111111111111111111111110111111111111111111111111111111111114444444444444444444444444444444111111111
1111111111111111111111011111111111111111111111111111111111101111111101111111111111111111111101111111111111111111111111111111101111111111111111111111111111111111114444444444444444444444444444441111111111
1111111111111111111111011111111111111111111111111111111111101111111101111111111111111111111101111111111111111111111111111111011111111111111111111111111111111111144444444444444444444444444444441111111111
1111111111111111111111011111111111111111111111111111111111110111111101111111111111111111111101111111111111111111111111111110111111111111111111111111111111111111144444444444444444444444444444441111111111
1111111111111111111111011111111111111111111111111111111111110111111110111111111111111111111101111111111111111111111111111101111111111111111111111111111111111111144444444444444444444444444444411111111111
1111111111111111111111011111111111111111111111111111111111110111111110111111111111111111111101111111111111111111111111111101111111111111111111111111111111111111444444444444444444444444444444411111111111
1111111111111111111111101111111111111111111111111111111111110111111111011111111111111111111101111111111111111111111111111101111111111111111111111111111111111111444444444444444444444444444444111111111111
1111111111111111111111101111111111111111111111111111111111110111111111011111111111111111111101111111111111111111111111111011111111111111111111111111111111111111444444444444444444444444444444111111111111
1111111111111111111111101111111111111111111111111111111111110111111111011111111111111111111001111111111111111111111111110111111111111111111111111111111111111114444444444444444444444444444441111111111111
1111111111111111111111110111111111111111111111111111111111110000000000000000000000000000000101111111111111111111111111101111111111111111111111111111111111111114444444444444444444444444444441111111111111
1111111111111111111111110111111111111111111111111111111111110111111111111111111111111111111101111111111111111111111111011111111111111111111111111111111111111114444444444444444444444444444441111111111111
1111111111111111111111110111111111111111111111111111111111110111111111111111111111111111111101111111111111111111111110111111111111111111111111111111111111111144444444444444444444444444444411111111111111
1111111111111111111111111011111111111111111111111111111111110111111111111111111111111111111101111111111111111111111101111111111111111111111111111111111111111144444444444444444444444444444411111111111111
1111111111111111111111111011111111111111111111111111111111110111111111111111111111111111111110111111111111111111111011111111111111111111111111111111111111111144444444444444444444444444444111111111111111
1111111111111111111111111101111111111111111111111111111111110111111111111111111111111111111110111111111111111111110111111111111111111111111111111111111111111444444444444444444444444444444111111111111111
1111111111111111111111111110111111111111111111111111111111110111111111111111111111111111111110111111111111111111101111111111111111111111111111111111111111111444444444444444444444444444444111111111111111
1111111111111111111111111110111111111111111111111111111111110111111111111111111111111111111110111111111111111111011111111111111111111111111111111111111111111444444444444444444444444444441111111111111111
1111111111111111111111111110111111111111111111111111111111110111111111111111111111111111111110111111111111111110111111111111111111111111111111111111111111114444444444444444444444444444441111111111111111
1111111111111111111111111111011111111111111111111111111111110111111111111111111111111111111110111111111111111101111111111111111111111111111111111111111111114444444444444444444444444444411111111111111111
1111111111111111111111111111011111111111111111111111111111110111111111111111111111111111111111011111111111111000111111111111111111111111111111111111111111114444444444444444444444444444411111111111111111
1111111111111111111111111111011111111111111111111111111111110111111111111111111111111111111111011111111111110111001111111111111111111111111111111111111111144444444444444444444444444444111111111111111111
1111111111111111111111111111101111111111111111111111111111110111111111111111111111111111111111011111111111110111110111111111111111111111111111111111111111144444444444444444444444444444111111111111111111
1111111111111111111111111111101111111111111111111111111111110111111111111111111111111111111111101111111111101111111011111111111111111111111111111111111111144444444444444444444444444444111111111111111111
1111111111111111111111111111101111111111111111111111111111110111111111111111111111111111111111101111111111011111111101111111111111111111111111111111111111444444444444444444444444444441111111111111111111
1111111111111111111111111111101111111111111111111111111111110111111111111111111111111111111111110111111110111111111101111111111111111111111111111111111111444444444444444444444444444441111111111111111111
1111111111111111111111111111110111111111111111111111111111110111111111111111111111111111111111110111111101111111111011111111111111111111111111111111111111444444444444444444444444444411111111111111111111
1111111111111111111111111111111011111111111111111111111111111011111111111111111111111111111111110111111011111111111011111111111111111111111111111111111114444444444444444444444444444411111111111111111111
1111111111111111111111111111111011111111111111111111111111111101111111111111111111111111111111110111110111111111110111111111111111111111111111111111111114444444444444444444444444444411111111111111111111
1111111111111111111111111111111011111111111111111111111111111101111111111111111111111111111111111011101111111111101111111111111111111111111111111111111114444444444444444444444444444111111111111111111111
1111111111111111111111111111111011111111111111111111111111111101111111111111111111111111111111111011011111111111011111111111111111111111111111111111111144444444444444444444444444444111111111111111111111
1111111111111111111111111111111101111111111111111111111111111101111111111111111111111111111111111011011111111111011111111111111111111111111111111111111144444444444444444444444444441111111111111111111111
1111111111111111111111111111111101111111111111111111111111111101111111111111111111111111111111111010111111111110111111111111111111111111111111111111111144444444444444444444444444441111111111111111111111
1111111111111111111111111111111101111111111111111111111111111000000000000000000000000000011111111001111111111110111111111111111111111111111111111111111444444444444444444444444444411111111111111111111111
1111111111111111111111111111111101111111111111111111111100000111111111111111111111111111100000000000111111111110111111111111111111111111111111111111111444444444444444444444444444411111111111111111111111
1111111111111111111111111111111101111111111111111111110011111111111111111111111111111111111111110111000011111110111111111111111111111111111111111111111444444444444444444444444444411111111111111111111111
1111111111111111111111111111111110111111111111111111101111111111111111111111111111111111111111101111111100011110111111111111111111111111111111111111114444444444444444444444444444111111111111111111111111
1111000000011111111111111111111110111111111111100000011111111111111111111111111111111111111111011111111111101101111111111111111111111111111111111111114444444444444444444444444444111111111111111111111111
1111011111100011111111111111111110111000000000011111111111111111111111111111111111111111111110111111111111110001111111111111111111111111111111111111114444444444444444444444444441111111111111111111111111
1111011111111100000000111111111110100111111111111111111111111111111111111111111111111111111101111111111111111101111111111111111111111111111111111111144444444444444444444444444441111111111111111111111111
1111011111111111111111000000000000000111111111111111111111111111111111111111111111111111111011111111111111111111111111111111111111111111111111111111144444444444444444444444444441111111111111111111111111
1110111111111111111111111111111111011001111111111111111111111111111111111111111111111111110111111111111111111111111111111111111111111111111111111111144444444444444444444444444411111111111111111111111111
1110111111111111111111111111111110111110000111111111111111111111111111111111111111111111101111111111111111111111111111111111111111111111111111111111144444444444444444444444444411111111111111111111111111
1110111111111111111111111111111101111111111000000000000000000000111111111111111111111111011111111111111111111111111111111111111111111111111111111111144444444444444444444444444411111111111111111111111111
1110111111111111111111111111111101111111111111111101111111111111000000000000000000111110111111111111111111111111111111111111111111111111111111111111144444444444444444444444444411111111111111111111111111
1110111111111111111111111111111101111111111111111101111111111111111101111111111111000000001111111111111111111111111111111111111111111111111111111111144444444444444444444444444411111111111111111111111111
1110111111111111111111111111111101111111111111111101111111111111111101111111111111111101110000001111111111111111111111111111111111111111111111111111144444444444444444444444444411111111111111111111111111
1101111111111111111111111111111101111111111111111101111111111111111101111111111111111101111111110000011111111111111111111111111111111111111111111111444444444444444444444444444411111111111111111111111111
1101111111111111111111111111111101111111111111111101111111111111111101111111111111111011111111111111000000001111111111111111111111111111111111111111444444444444444444444444444411111111111111111111111111
1101111111111111111111111111111101111111111111111101111111111111111101111111111111111011111111111111011111110001111111111111111111111111111111111111444444444444444444444444444411111111111111111111111111
1101111111111111111111111111111101111111111111111101111111111111111101111111111111111011111111111111011111111110000001111111111111111111111111111111444444444444444444444444444411111111111111111111111111
1101111111111111111111111111111101111111111111111101111111111111111101111111111111111011111111111111011111111111111101111111111111111111111111111111444444444444444444444444444411111111111111111111111111
1101111111111111111111111111111101111111111111111101111111111111111101111111111111111011111111111111011111111111111101111111111111111111111111111111444444444444444444444444444441111111111111111111111111
1101111111111111111111111111111101111111111111111101111111111111111101111111111111111011111111111111011111111111111101111111111111111111111111111114444444444444444444444444444444441111111111111111111111
1100000000000000000000111111111011111111111111111101111111111111111101111111111111111011111111111111011111111111111101111111111111111111111111111114444444444444444444444444444444444441111111111111111111
1111111111111111111111000000011011111111111111111101111111111111111101111111111111110111111111111111011111111111111101111111111111111111111111111114444444444444444444444444444444444444441111111111111111
1111111111111111111111111111101011111111111111111101111111111111111101111111111111110111111111111111011111111111111101111111111111111111111111111114444444444444444444444444444444444444444441111111111111
1111111111111111111111111111110000000001111111111101111111111111111101111111111111110111111111111111011111111111111101111111111111111111111111111114444444444444444444444444444444444444444444441111111111
1111111111111111111111111111111111111110111111111101111111111111111101111111111111110111111111111111011111111111111101111111111111111111111111111114444444444444444444444444444444444444444444444441111111
1111111111111111111111111111111111111111000011111101111111111111111011111111111111110111111111111111011111111111111101111111111111111111111111111144444444444444444444444444444444444444444444444444441111
1111111111111111111111111111111111111111111100000011111111111111111011111111111111110111111111111110111111111111111101111111111111111111111111111144444444444444444444444444444444444444444444444444444441
1111111111111111111111111111111111111111111111111000000000011111111011111111111111110111111111111110111111111111111101111111111111111111111111111144444444444444444444444444444444444444444444444444444441
1111111111111111111111111111111111111111111111111111111111100000000000000000111111101111111111111110111111111111111101111111111111111111111111111144444444444444444444444444444444444444444444444444444441
1111111111111111111111111111111111111111111111111111111111111111111111111111000001101111111111111110111111111111111011111111111111111111111111111144444444444444444444444444444444444444444444444444444441
1111111111111111111111111111111111111111111111111111111111111111111111111111111110000000111111111110111111111111111011111111111111111111111111111444444444444444444444444444444444444444444444444444444441
1111111111111111111111111111111111111111111111111111111111111111111111111111111111111111000000000000111111111111111011111111111111111111111111111444444444444444444444444444444444444444444444444444444441
1441111111111111111111111111111111111111111111111111111111111111111111111111111111111111111111111110001111111111111011111111111111111111111111111444444444444444444444444444444444444444444444444444444441
1444111111111111111111111111111111111111111111111111111111111111111111111111111111111111111111111111110000000111110111111111111111111111111111111444444444444444444444444444444444444444444444444444444441
1444444111111111111111111111111111111111111111111111111111111111111111111111111111111111111111111111111111111000000111111111111111111111111111111444444444444444444444444444444444444444444444444444444441
1444444444111111111111111111111111111111111111111111111111111111111111111111111111111111111111111111111111111111111111111111111111111111111111111444444444444444444444444444444444444444444444444444444441
1444444444444111111111111111111111111111111111111111111111111111111111111111111111111111111111111111111111111111111111111111111111111111111111114444444444444444444444444444444444444444444444444444444441
1444444444444444111111111111111111111111111111111111111111111111111111111111111111111111111111111111111111111111111111111111111111111111111111114444444444444444444444444444444444444444444444444444444441
1444444444444444444111111111111111111111111111111111111111111111111111111111111111111111111111111111111111111111111111111111111111111111111111114444444444444444444444444444444444444444444444444444444441
1444444444444444444444444444444444411111111111111111111111111111111111111111111111111111111111111111111111111111111111111111111111111111111111114444444444444444444444444444444444444444444444444444444441
1444444444444444444444444444444444444111111111111111111111111111111111111111111111111111111111111111111111111111111111111111111111111111111111114444444444444444444444444444444444444444444444444444444441
1444444444444444444444444444444444444441111111111111111111111111111111111111111111111111111111111111111111111111111111111111111111111111111111114444444444444444444444444444444444444444444444444444444441
1444444444444444444444444444444444444444411111111111111111111111111111111111111111111111111111111111111111111111111111111111111111111111111111144444444444444444444444444444444444444444444444444444444441
1444444444444444444444444444444444444444444111111111111111111111111111111111111111111111111111111111111111111111111111111111111111111111111111144444444444444444444444444444444444444444444444444444444441
1444444444444444444444444444444444444444444411111111111111111111111111111111111111111111111111111111111111111111111111111111111111111111111111144444444444444444444444444444444444444444444444444444444441
1444444444444444444444444444444444444444444441111111111111111111111111111111111111111111111111111111111111111111111111111111111111111111111111144444444444444444444444444444444444444444444444444444444441
1444444444444444444444444444444444444444444444111111111111111111111111111111111111111111111111111111111111111111111111111111111111111111111111144444444444444444444444444444444444444444444444444444444441
1444444444444444444444444444444444444444444444411111111111111111111111111111111111111111111111111111111111111111111111111111111111111111111111144444444444444444444444444444444444444444444444444444444441
1444444444444444444444444444444444444444444444441111111111111111111111111111111111111111111111111111111111111111111111111111111111111111111111444444444444444444444444444444444444444444444444444444444441
1444444444444444444444444444444444444444444444444444444444111111111111111111111111111111111111111111111111111111111111111111111111111111111111444444444444444444444444444444444444444444444444444444444441
1444444444444444444444444444444444444444444444444444444444444444444411111111111111111111111111111111111111111111111111111111111111111111111111444444444444444444444444444444444444444444444444444444444441
1444444444444444444444444444444444444444444444444444444444444444444444444444411111111111111111111111111111111111111111111111111111111111111111444444444444444444444444444444444444444444444444444444444441
1444444444444444444444444444444444444444444444444444444444444444444444444444444444444411111111111111111111111111111111111111111111111111111111444444444444444444444444444444444444444444444444444444444441
1444444444444444444444444444444444444444444444444444444444444444444444444444444444444444444441111111111111111111111111111111111111111111111111444444444444444444444444444444444444444444444444444444444441
1111111111111111111111111111111111111111111111111111111111111111111111111111111111111111111111111111111111111111111111111111111111111111111111111111111111111111111111111111111111111111111111111111111111