1111111111111111111111111111111111111111111111111111111111111111111111111111111111111111111111111111111111111111111111111111111111111111111111111111111111111111111111111111111111111111111111111111111111
1111111111111111111111111111111111111111111111111111111111111111111111111111111111111111111111111111111111111111111111111111111111111111111111111111111111111111111111111111111111111111111111111111111111
1111111111111111111111111111111111111111111111111111111111111111111111111111111111111111111111111111111111111111111111111111111111111111111111111111111111111111111111111111111111111111111111111111111111
1111111111111111111111111111111111111111111111111111111111111111111111111111111111111111111188888888888888888888881111111111111111111111111111111111111111111111111111111111111111111111111111111111111111
1111111111111111111111111111111111111111111111111111111111111111111111111111111111111888888811111111111111111111118111111111111111111111111111111111111111111111111111111111111111111111111111111111111111
1111111111111111111111111111111111111111111111111111111111111111111111111111118888888111111111111111111111101111111888111111111111111111111111111111111111111111111111111111111111111111111111111111111111
1111111111111111111111111111111111111111111111111111111111111111111111888888881111111111111111110000000000000000001111811111111111111111111111111111111111111111111111111111111111111111111111111111111111
1111111111111111111111111111111111111111111111111111111111111188888888111000000000000000000000001111111111101111110001188811111111111111111111111111111111111111111111111111111111111111111111111111111111
1111111111111111111111111111111111111111111111111111111888888811111110000011111011111111111111111111111111011111111010001188111111111111111111111111111111111111111111111111111111111111111111111111111111
1111111111111111111111111111111111111111111111118888888111111111000001110111111101111111111111111111111111011111110111110111881111111111111111111111111111111111111111111111111111111111111111111111111111
1111111111111111111111111111111111188888888888881111111100000000111111101111111110111111111111111111111111011111110111101011118811111111111111111111111111111111111111111111111111111111111111111111111111
1111111111111111111111111111188888811111111111111111111011110111111111101111111110111111111111111111111111011111110111101101111188111111111111111111111111111111111111111111111111111111111111111111111111
1111111111111111111111118888811111111111111111111000000111101111111111011111111111011111111111111111111110111111110111011110111111881111111111111111111111111111111111111111111111111111111111111111111111
1111111111111111111118881111111111111111111111000111111111011111111110111111111111001111111111111111111110111111101110111111011111118881111111111111111111111111111111111111111111111111111111111111111111
1111111111111111111188111111111111111111111110111111111110111111111101111111111110101111111111111111111100111111101110111111100011111118811111111111111111111111111111111111111111111111111111111111111111
1111111111111111118811111111111111111111000001111111111001111111111011111111111101110111111111111111100010111111101110111111111101111111188111111111111111111111111111111111111111111111111111111111111111
1111111111111111881111111111111111111100111111111111100110111111110111111111110011111011111111111111011110111111011110111111111100011111111881111111111111111111111111111111111111111111111111111111111111
1111111111111888111111111111111111111011111111111110011111011111101111111111001111111101111111111110111110111111011110111111111101101111111118881111111111111111111111111111111111111111111111111111111111
1111111111111811111111111111111110000111111111111001111111101110011111111100111111111110111111110001111110111111011110111111111101110011111111118811111111111111111111111111111111111111111111111111111111
1111111111881111111111111111111000111111111111110111111111110101101111111011111111111111011111101111111110111111011101111111111101111101111111111188811111111111111111111111111111111111111111111111111111
1111111188111111111111111111100111011111111111101111111111100011110111110111111111111111101111011111111101111111011101111111111101111110111111111111188111111111111111111111111111111111111111111111111111
1111118811111111111111111100011111101111111111011111111111011101111011101111111111111111110110111111111101111110111101111111111011111111001111111111111811111111111111111111111111111111111111111111111111
1111181111111111111111111011111111110111111000111111111110111110111101011111111111111111111001111111111011111110111101111111111011111111110111111111111181111111111111111111111111111111111111111111111111
1118111111111111111111000111111111110111110111111111111101111111011000111111111111111111110011111111111011111110111101111111111011111111111000111111111111811111111111111111111111111111111111111111111111
1181111111111111111100110111111111111011101111111111111011111111100111011111111111111111101101111111110000001110111011111111111011111111111111000011111111181111111111111111111111111111111111111111111111
1111111111111111110011111011111111111010011111111111110111111111101111101111111111111111011110111111101011110000000011111111111011111111111111111100111111118111111111111111111111111111111111111111111111
1111111111111111101111111101111111111101111111111111001111111100011111110111111111111000111111011000011011111101111000011111111011111111111111111111011111111811111111111111111111111111111111111111111111
1111111111111111011111111101111111111010111111111110111111111011111111111011111111110111111111010111111011111011110111100000000011111111111111111111101111111181111111111111111111111111111111111111111111
1111111111111110011111111110111111110110111111111101111111110111111111111011111111101111111111001111110111111011101111101111111011111111111111111111100111111111811111111111111111111111111111111111111111
1111111111111110011111111110111111100110111111111011111111101111111111111011111111101111111110101111101111110111101111011111111011111111111111111110001011111111181111111111111111111111111111111111111111
1111111111111101011111111110111110011011011111110101111111011111111111111101111111110111110001110111101111110111011111011111111011111111111111111101101101111111118111111111111111111111111111111111111111
1111111111111011011111111111011001111011101110001110111110111111111111111101111111111011101111111011011111110111011111011111111011111111111111111011011110011111111811111111111111111111111111111111111111
1111111111110111011111111111010111111101101101111111011001111111111111111110111111111101011111111010111111101110111111011111111011111111111111110111011111100111111181111111111111111111111111111111111111
1111111111101111011111111111101111111110110011111111100111111111111111111111011111111100000000111010111111101110111111011111111011111111111100001110111111111001111111811111111111111111111111111111111111
1111111111011111011111111111101111111111001111111111001111111111111111111111011111110011111111000000000000000000000000000111111011111111111011111101111111111110011111181111111111111111111111111111111111
1111111110111110000011111111101111111111011111111110111111111111111111111111101111101111111111111111111111101111111111011000000011111111110111111101111111111111101111118111111111111111111111111111111111
1111111110111101111101111111110111111000111111111001111111111111111111111111110111011111111111111111111111011111111111011111111011111111001111111101111111111111110111111811111111111111111111111111111111
1111111111010011111110001111110111110111111111100111111111111111111111111111111000111111111111111111111111011111111111011111111011111100111111111011111111111111111001111181111111111111111111111111111111
1111111111001111111101110011111011101111111111011111111111111111111111111111111011111111111111111111111111011111111111011111111011111011111111111011111111111111111110111111811111111111111111111111111111
1111111110011111111011111101111011011111111100111111111111111111111111111111111101111111111111111111111111011111111111011111111011110111111111111011111111111111111111011111181111111111111111111111111111
1111111101101111110111111110011100111111111011111111111111111111111111111111111110111111111111111111111111011111111111011111111011101111111111111011111111111111111111101111118111111111111111111111111111
1111111011110110001111111111101010111111110111111111111111111111111111111111111111011111111111111111111111011111111111011111111011011111111111111011111111111111111111110111118111111111111111111111111111
1111110111110101111111111111110110111111101111111111111111111111111111111111111111011111111111111111111111011111111111011111110110111111111111111011111111111111111111111011111811111111111111111111111111
1111001111110011111111111111101110111111011111111111111111111111111111111111111111101111111111111111111111000000011111011111110101111111111111110111111111111111111111111101111181111111111111111111111111
1110111110001101111111111111011111011110111111111111111111111111111111111111111111101111111111111111111100101111100011011111110011111111111111101111111111111111111111111110111118111111111111111111111111
1101111101111110111111111110111111011101111111111111111111111111111111111111111111101111111111111111111011101111111100011111110111111111111111011111111111111111111111111110011111811111111111111111111111
1101111011111111011111110001111111101011111111111111111111111111111111111111111111101111111111111111110111101111111111011111000111111111111110111111111111111111111111111101111111811111111111111111111111
1110100111111100101111101111111111110111111111111111111111111111111111111111111111101111111111111111101111101111111111011110110111111111111110111111111111111111111111110011111111181111111111111111111111
1110011111111011110111011111111111101011111111111111111111111111111111111111111111101111111111111111011111101111111111011101110111111111111110111111111111100000000000001111111111118111111111111111111111
1110111111000111111000111111111110011011111111111111111111111111111111111111111111101111111111111110111111101111111111011011110111111111111110111111111111011111111111111111111111111811111111111111111111
1110111000111111000101111111110001111011111111111111111111111111111111111111111111110111111111111101111111101111111111000111110111111111111101111111111000111111111111111111111111111811111111111111111111
1110110111111100111101111111101111111101111111111111111111111111111111111111111111111011111111111011111111101111111111011111110111111111111101111111100111111111111111111111111111111118111111111111111111
1111001111111011111101111110011111111110111111111111111111111111111111111111111111111101111111110111111111101111111110111111110111111111111011111100011111111111111111111111111111111118111111111111111111
1111001111110111111110111101111111111110111111111111111111111111111111111111111111111101111111101111111111101111111101111111110111111111111011111011111111111111111111111111111111111111181111111111111111
1111110111101111111111011011111111111110111111111111111111111111111111111111111111111101111111011111111111110111111011111111110111111111111011110111111111111111111111111111111111111111181111111111111111
1111111010011111111111100111111111111111011111111111111111111111111111111111111111111101111100111111111111110110000111111111111011111111100000001111111111111111111111111111111111111111118111111111111111
1111111101111111111111101111111111111111101111111111111111111111111111111111111111111101111011111111111111110101111111111111111011000000010111111111111111111111111111111111111111111111111811111111111111
1111111101111111111111010111111111111111101111111111111111111111111111111111111111111101110111111111111111110011111111111100000000111111110111111111111111111111111111111111111111111111111811111111111111
1111111101111111111100110111111111111111101111111111111111111111111111111111111111111101101111111100000000000000000000000011111011111111110111111111111111111111111111111111111111111111111811111111111111
1111111101111111110011110111111111111111101111111111111111111111111111111111111111111101011111100011111111111111111111011111111011111111110111111111111111111111111111111111111111111111111181111111111111
1111111101111100001111111011111111111111101111111111111111111111111111111111111111111100000000011111111111111111111111011111111011111111110111111111111111111111111111111111111111111111111181111111111111
1111111101111011111111111011111111111111110111111111111111111111111111111111111111110000111111111111111111111111111111101111111011111111110111111111111111111111111111111111111111111111111118111111111111
1111111110110111111111111011111111111111111011111111111111111111111111111110000000001101111111111111111111111111111111101111111101111111111011111111111111111111111111111111111111111111111111811111111111
1111111111001111111111111011111111111111111101111111111111111111100000000001111111111101111111111111111111111111111111101111111101111111111011111111111111111111111111111111111111111111111111181111111111
1111111111011111111111111101111111111111111110111111100000000000011111111111111111111101111111111111111111111111111111101111111101111111111011111111111111111111111111111111111111111111111111181111111111
1111111111011111111111111110111111111111111110100000011011111111101111111111111111111101111111111111111111111111111111101111111101111111111011111111111111111111111111111111111111111111111111118111111111
1111111111101111111111111111011111111111000000011011111011111111101111111111111111111101111111111111111111111111111111101111111101111111111011111111111111111111111111111111111111111111111111118111111111
1111111111101111111111111111101111111100111110111011111011111111101111111111111111111101111111111111111111111111111111101111111101111111111011111111111111111111111111111111111111111111111111111811111111
1111111111101111111111111111101111110001111110111011111011111111101111111111111111111101111111111111111111111111111111101111111101111111111011111111111111111111111111111111111111111111111111111811111111
1111111111101111111111111111100000001011111110111011111011111111101111111111111111111101111111111111111111111111111111110111111101111111111011111111111111111111111111111111111111111111111111111181111111
1111111111101111111111111110011111110111111110111011111011111111101111111111111111111101111111111111111111111111111111110111111101111111111011111111111111111111111111111111111111111111111111111181111111
1111111111101111111111000001111111101111111101111011111011111111110111111111111111111101111111111111111111111111111111110111111101111111111011111111111111111111111111111111111111111111111111111118111111
1111111111101111110000111111111110011111111101111011111011111111110111111111111111111101111111111111111111111111111111110111111101111111111011111111111111111111111111111111111111111111111111111118111111
1111111111101100001111111111111101111111111100011011111011111111110111111111111111111101111111111111111111111111111111110111111101111111111011111111111111111111111111111111111111111111111111111111811111
1111111111100011111111111111111011111111111101100000000001111111110111111111111111111101111111111111111111111111111111110111111110111111111011111111111111111111111111111111111111111111111111111111811111
1111111111101111111111111111110111111111111101111011111101111111110111111111111111111101111111111111111111111111111111110111111111011111111011111111111111111111111111111111111111111111111111111111811111
1111111111101111111111111111001111111111111011111011111101111111110111111111111111111101111111111111111111111111111111110111111111011111111011111111111111111111111111111111111111111111111111111111811111
1111111111101111111111111110111111111111110111111011111101111111110111111111111111111101111111111111111111111111111111111011111111011111111011111111111111111111111111111111111111111111111111111111811111
1111111111101111111111111101111111111111110111110111111101111111110111111111111111111101111111111111111111111111111111111011111111011111111011111111111111111111111111111111111111111111111111111111811111
1111111111101111111111111011111111111111101111110111111101111111110111111111111111111101111111111111111111111111111111100011111111011111111011111111111111111111111111111111111111111111111111111111811111
1111111111101111111111110111111111111111101111110111111101111111110111111111111111111101111111111111111111111111111100011111111111011111111011111111111111111111111111111111111111111111111111111111811111
1111111111101111111111101111111111111111101111110111111101111111110111111111111111111101111111111111111111111111110011111111111111011111111011111111111111111111111111111111111111111111111111111111811111
1111111111101111111111011111111111111111101111110111111101111111110111111111111111111101111111111111111111111111101111111111111111011111111101111111111111111111111111111111111111111111111111111111811111
1111111111101111111110111111111111111111011111101111111101111111111011111111111111111110111111111111111111111111011111111111111111011111111101111111111111111111111111111111111111111111111111111111811111
1111111111101111111101111111111111111111011111011111100001111111111011111111111111111110111111111111111111111110111111111111111110000000000001111111111111111111111111111111111111111111111111111111811111
1111111111101111111011111111111111111111000000000000011110111111111011111111111111111110111111111111111111111110111111111111000001111111111101111111111111111111111111111111111111111111111111111111811111
1111111111101111110111111111111111111111111111011111111110111111111011111111111111111110111111111111111111111101111111111100111111111111111101111111111111111111111111111111111111111111111111111111811111
1111111111101111101111111111111111111111111111011111111110111111111011111111111111111110111111111111111111111011111111000011111111111111111101111111111111111111111111111111111111111111111111111111811111
1111111111101111011111111111111111111111111111011111111110111111111011111111111111111110111111111111111111111011111100111111111111111111111101111111111111111111111111111111111111111111111111111118111111
1111111111101110111111111111111111111111111111011111111110111111111011111111111111111111011111111111111111110111100011111111111111111111111101111111111111111111111111111111111111111111111111111118111111
1111111111101101111111111111111111111111111111011111111110111111111011111111111111111111100000000000000000000000011111111111111111111111111101111111111111111111111111111111111111111111111111111118111111
1111111111101011111111111111111111111111111111011111111110111111111011111111000000000000001111111111111111110111111111111111111111111111111101111111111111111111111111111111111111111111111111111181111111
1111111111100111111111111111111111111111111111011111111110111111111000000000111111111111101111111111111111110111111111111111111111111111111101111111111111111111111111111111111111111111111111111181111111
1111111111100000000000000000000000000111111111101111111110111111111011111111111111111111101111111111111111110111111111111111111111111111111101111111111111111111111111111111111111111111111111111811111111
1111111111101111111111111111111111111000000000001111111110111111111011111111111111111111101111111111111111110111111111111111111111111111111101111111111111111111111111111111111111111111111111111811111111
1111111111101111111111111111111111111111111111101111111110111111111101111111111111111111101111111111111111111011111111111111111111111111111101111111111111111111111111111411111111111111111111118111111111
1111111111110111111111111111111111111111111111101111111111011111111101111111111111111111101111111111111111111011111111111111111111111111111101111111111111111111111111114444411111111111111111181111111111
1111111111111011111111111111111111111111111111101111111111011111111101111111111111111111101111111111111111111011111111111111111111111111111101111111111111111111111111144444444441111111111111181111111111
1111111111111011111111111111111111111111111111101111111111011111111101111111111111111111101111111111111111111011111111111111111111111111111101111111111111111111111111144444444444444111111111811111111111
1111111111111011111111111111111111111111111111101111111111011111111101111111111111111111101111111111111111111101111111111111111111111111111011111111111111111111111111144444444444444444411118111111111111
1111111111111011111111111111111111111111111111101111111111011111111101111111111111111111101111111111111111111101111111111111111111111111111011111111111111111111111111144444444444444444411118111111111111
1111111111111101111111111111111111111111111111110111111111011111111101111111111111111111110111111111111111111110111111111111111111111111100011111111111111111111111111444444444444444444111181111111111111
1111111111111101111111111111111111111111111111110111111111011111111101111111111111111111111011111111111111111110111111111111111111000000010111111111111111111111111111444444444444444444111181111111111111
1111111111111101111111111111111111111111111111111011111111011111111101111111111111111111111011111111111111111110111111110000000000111111101111111111111111111111111111444444444444444444111811111111111111
1111111111111110111111111111111111111111111111111011111100011111111101111111111111111111111011111111111111111100000000001111111111111111011111111111111111111111111114444444444444444441111811111111111111
1111111111111110111111111111111111111111111111111000000011101111111101111111111111111111111010000000000000000011111111111111111111111110111111111111111111111111111114444444444444444441118111111111111111
1111111111111111011111111111111111111111111111111111111111101111111101111111111111111111111001111111111111111111111111111111111111111101111111111111111111111111111114444444444444444441181111111111111111
1111111111111111101111111111111111111111111111111111111111101111111101111111111111111111111011111111111111111111111111111111111111111011111111111111111111111111111144444444444444444411181111111111111111
1111111111111111101111111111111111111111111111111111111111101111111101111111111111111111111011111111111111111111111111111111111111110111111111111111111111111111111144444444444444444411811111111111111111
1111111111111111101111111111111111111111111111111111111111101111111101111111111111111111111101111111111111111111111111111111111111101111111111111111111111111111111144444444444444444411811111111111111111
1111111111111111110111111111111111111111111111111111111111101111111101111111111111111111111101111111111111111111111111111111111111011111111111111111111111111111111444444444444444444118111111111111111111
1111111111111111110111111111111111111111111111111111111111101111111101111111111111111111111101111111111111111111111111111111111111011111111111111111111111111111111444444444444444444118111111111111111111
1111111111111111110111111111111111111111111111111111111111101111111101111111111111111111111101111111111111111111111111111111111110111111111111111111111111111111111444444444444444444444444444444411111111
1111111111111111110111111111111111111111111111111111111111101111111101111111111111111111111101111111111111111111111111111111111101111111111111111111111111111111114444444444444444444444444444444111111111
1111111111111111111011111111111111111111111111111111111111101111111101111111111111111111111101111111111111111111111111111111111011111111111111111111111111111111114444444444444444444444444444444111111111
1111111111111111111011111111111111111111111111111111111111110111111101111111111111111111111101111111111111111111111111111111110111111111111111111111111111111111114444444444444444444444444444441111111111
1111111111111111111011111111111111111111111111111111111111110111111110111111111111111111111101111111111111111111111111111111101111111111111111111111111111111111144444444444444444444444444444441111111111
1111111111111111111011111111111111111111111111111111111111110111111110111111111111111111111101111111111111111111111111111111011111111111111111111111111111111111144444444444444444444444444444441111111111
1111111111111111111101111111111111111111111111111111111111110111111111011111111111111111111101111111111111111111111111111110111111111111111111111111111111111111144444444444444444444444444444411111111111
1111111111111111111101111111111111111111111111111111111111110111111111011111111111111111111101111111111111111111111111111101111111111111111111111111111111111111444444444444444444444444444444411111111111
1111111111111111111101111111111111111111111111111111111111110111111111011111111111111111111101111111111111111111111111111011111111111111111111111111111111111111444444444444444444444444444444111111111111
1111111111111111111110111111111111111111111111111111111111110111111111011111111111111111111101111111111111111111111111110111111111111111111111111111111111111111444444444444444444444444444444111111111111
1111111111111111111111011111111111111111111111111111111111110111111111011111111111111000000001111111111111111111111111101111111111111111111111111111111111111114444444444444444444444444444441111111111111
1111111111111111111111011111111111111111111111111111111111110000000000000000000000000111111110111111111111111111111111011111111111111111111111111111111111111114444444444444444444444444444441111111111111
1111111111111111111111011111111111111111111111111111111111111011111111111111111111111111111110111111111111111111111110111111111111111111111111111111111111111114444444444444444444444444444441111111111111
1111111111111111111111101111111111111111111111111111111111111011111111111111111111111111111110111111111111111111111101111111111111111111111111111111111111111144444444444444444444444444444411111111111111
1111111111111111111111101111111111111111111111111111111111111011111111111111111111111111111111011111111111111111111011111111111111111111111111111111111111111144444444444444444444444444444411111111111111
1111111111111111111111110111111111111111111111111111111111111011111111111111111111111111111111101111111111111111110111111111111111111111111111111111111111111144444444444444444444444444444111111111111111
1111111111111111111111110111111111111111111111111111111111111011111111111111111111111111111111101111111111111111101111111111111111111111111111111111111111111444444444444444444444444444444111111111111111
1111111111111111111111110111111111111111111111111111111111111011111111111111111111111111111111101111111111111111011111111111111111111111111111111111111111111444444444444444444444444444444111111111111111
1111111111111111111111111011111111111111111111111111111111111011111111111111111111111111111111101111111111111110111111111111111111111111111111111111111111111444444444444444444444444444441111111111111111
1111111111111111111111111011111111111111111111111111111111111011111111111111111111111111111111101111111111111101111111111111111111111111111111111111111111114444444444444444444444444444441111111111111111
1111111111111111111111111011111111111111111111111111111111111011111111111111111111111111111111101111111111111101111111111111111111111111111111111111111111114444444444444444444444444444411111111111111111
1111111111111111111111111011111111111111111111111111111111111011111111111111111111111111111111101111111111111011111111111111111111111111111111111111111111114444444444444444444444444444411111111111111111
1111111111111111111111111101111111111111111111111111111111111011111111111111111111111111111111110111111111111001111111111111111111111111111111111111111111144444444444444444444444444444111111111111111111
1111111111111111111111111101111111111111111111111111111111111011111111111111111111111111111111110111111111110110000111111111111111111111111111111111111111144444444444444444444444444444111111111111111111
1111111111111111111111111101111111111111111111111111111111111011111111111111111111111111111111110111111111101111111011111111111111111111111111111111111111144444444444444444444444444444111111111111111111
1111111111111111111111111101111111111111111111111111111111111011111111111111111111111111111111110111111111011111111101111111111111111111111111111111111111444444444444444444444444444441111111111111111111
1111111111111111111111111110111111111111111111111111111111111011111111111111111111111111111111110111111110111111111011111111111111111111111111111111111111444444444444444444444444444441111111111111111111
1111111111111111111111111110111111111111111111111111111111111011111111111111111111111111111111111011111110111111111011111111111111111111111111111111111111444444444444444444444444444411111111111111111111
1111111111111111111111111110111111111111111111111111111111111011111111111111111111111111111111111011111101111111111011111111111111111111111111111111111114444444444444444444444444444411111111111111111111
1111111111111111111111111110111111111111111111111111111111111011111111111111111111111111111111111011111011111111111011111111111111111111111111111111111114444444444444444444444444444411111111111111111111
1111111111111111111111111111011111111111111111111111111111111011111111111111111111111111111111111011110111111111110111111111111111111111111111111111111114444444444444444444444444444111111111111111111111
1111111111111111111111111111101111111111111111111111111111111011111111111111111111111111111111111011101111111111110111111111111111111111111111111111111144444444444444444444444444444111111111111111111111
1111111111111111111111111111101111111111111111111111111111111101111111111111111111111111111111111011011111111111110111111111111111111111111111111111111144444444444444444444444444441111111111111111111111
1111111111111111111111111111110111111111111111111111111111111101111111111111111111111111111111111010111111111111101111111111111111111111111111111111111144444444444444444444444444441111111111111111111111
1111111111111111111111111111110111111111111111111111111111100000000000000000111111111111111111111001111111111111011111111111111111111111111111111111111444444444444444444444444444411111111111111111111111
1111111111111111111111111111110111111111111111111111000000011111111111111111000000000000000000000001111111111111011111111111111111111111111111111111111444444444444444444444444444411111111111111111111111
1111111111111111111111111111111011111111111111111000111111111111111111111111111111111111111111110110011111111111011111111111111111111111111111111111111444444444444444444444444444411111111111111111111111
1111111111111111111111111111111101111111111111110111111111111111111111111111111111111111111111101111100001111110111111111111111111111111111111111111114444444444444444444444444444111111111111111111111111
1111000000000000000000000000111110111111111111101111111111111111111111111111111111111111111111011111111110111110111111111111111111111111111111111111114444444444444444444444444444111111111111111111111111
1111011111111111111111111111001110111110000000011111111111111111111111111111111111111111111110111111111111001101111111111111111111111111111111111111114444444444444444444444444441111111111111111111111111
1111011111111111111111111111110000000001111111111111111111111111111111111111111111111111111101111111111111110001111111111111111111111111111111111111144444444444444444444444444441111111111111111111111111
1111011111111111111111111111111111000000111111111111111111111111111111111111111111111111111011111111111111111111111111111111111111111111111111111111144444444444444444444444444441111111111111111111111111
1110111111111111111111111111111110111111011111111111111111111111111111111111111111111111110111111111111111111111111111111111111111111111111111111111144444444444444444444444444411111111111111111111111111
1110111111111111111111111111111110111111100000011111111111111111111111111111111111111111101111111111111111111111111111111111111111111111111111111111144444444444444444444444444411111111111111111111111111
1101111111111111111111111111111110111111111111100000000000000000000011111111111111111111011111111111111111111111111111111111111111111111111111111111144444444444444444444444444411111111111111111111111111
1101111111111111111111111111111110111111111111111101111111111111111100000000000011111110111111111111111111111111111111111111111111111111111111111111144444444444444444444444444411111111111111111111111111
1101111111111111111111111111111101111111111111111101111111111111111101111111111100000000001111111111111111111111111111111111111111111111111111111111144444444444444444444444444411111111111111111111111111
1101111111111111111111111111111101111111111111111101111111111111111101111111111111111101110000000011111111111111111111111111111111111111111111111111144444444444444444444444444411111111111111111111111111
1101111111111111111111111111111101111111111111111101111111111111111101111111111111111101111111111100000000000000111111111111111111111111111111111111444444444444444444444444444411111111111111111111111111
1101111111111111111111111111111101111111111111111101111111111111111101111111111111111101111111111111011111111111000111111111111111111111111111111111444444444444444444444444444411111111111111111111111111
1101111111111111111111111111111101111111111111111101111111111111111101111111111111111101111111111111011111111111111011111111111111111111111111111111444444444444444444444444444411111111111111111111111111
1101111111111111111111111111111101111111111111111011111111111111111101111111111111111011111111111111011111111111111101111111111111111111111111111111444444444444444444444444444411111111111111111111111111
1101111111111111111111111111111101111111111111111011111111111111111011111111111111111011111111111111011111111111111101111111111111111111111111111111444444444444444444444444444411111111111111111111111111
1101111111111111111111111111111101111111111111111011111111111111111011111111111111111011111111111111011111111111111101111111111111111111111111111111444444444444444444444444444441111111111111111111111111
1101111111111111111111111111111101111111111111111011111111111111111011111111111111111011111111111111011111111111111101111111111111111111111111111114444444444444444444444444444444441111111111111111111111
1100011111111111111111111111111101111111111111111011111111111111111011111111111111111011111111111111011111111111111101111111111111111111111111111114444444444444444444444444444444444441111111111111111111
1111100111111111111111111111111101111111111111111011111111111111111011111111111111110111111111111111011111111111111101111111111111111111111111111114444444444444444444444444444444444444441111111111111111
1111111000000000000000000001111011111111111111111011111111111111111011111111111111110111111111111111011111111111111011111111111111111111111111111114444444444444444444444444444444444444444441111111111111
1111111111111111111111111110000000111111111111111011111111111111111011111111111111110111111111111110111111111111111011111111111111111111111111111114444444444444444444444444444444444444444444441111111111
1111111111111111111111111111111111000111111111111011111111111111111011111111111111110111111111111110111111111111111011111111111111111111111111111114444444444444444444444444444444444444444444444441111111
1111111111111111111111111111111111111011111111111011111111111111111011111111111111110111111111111110111111111111111011111111111111111111111111111144444444444444444444444444444444444444444444444444441111
1111111111111111111111111111111111111100000000000011111111111111111011111111111111110111111111111110111111111111111011111111111111111111111111111144444444444444444444444444444444444444444444444444444441
1111111111111111111111111111111111111111111111111000000000000000111011111111111111110111111111111110111111111111110111111111111111111111111111111144444444444444444444444444444444444444444444444444444441
1111111111111111111111111111111111111111111111111111111111111111000001111111111111110111111111111110111111111111110111111111111111111111111111111144444444444444444444444444444444444444444444444444444441
1111111111111111111111111111111111111111111111111111111111111111111110000000000111101111111111111110111111111111110111111111111111111111111111111144444444444444444444444444444444444444444444444444444441
1111111111111111111111111111111111111111111111111111111111111111111111111111111000000000000000001110111111111111110111111111111111111111111111111444444444444444444444444444444444444444444444444444444441
1111111111111111111111111111111111111111111111111111111111111111111111111111111111111111111111110000111111111111110111111111111111111111111111111444444444444444444444444444444444444444444444444444444441
1441111111111111111111111111111111111111111111111111111111111111111111111111111111111111111111111110000000000001110111111111111111111111111111111444444444444444444444444444444444444444444444444444444441
1444111111111111111111111111111111111111111111111111111111111111111111111111111111111111111111111111111111111110010111111111111111111111111111111444444444444444444444444444444444444444444444444444444441
1444444111111111111111111111111111111111111111111111111111111111111111111111111111111111111111111111111111111111100111111111111111111111111111111444444444444444444444444444444444444444444444444444444441
1444444444111111111111111111111111111111111111111111111111111111111111111111111111111111111111111111111111111111111111111111111111111111111111111444444444444444444444444444444444444444444444444444444441
1444444444444111111111111111111111111111111111111111111111111111111111111111111111111111111111111111111111111111111111111111111111111111111111114444444444444444444444444444444444444444444444444444444441
1444444444444444111111111111111111111111111111111111111111111111111111111111111111111111111111111111111111111111111111111111111111111111111111114444444444444444444444444444444444444444444444444444444441
1444444444444444444111111111111111111111111111111111111111111111111111111111111111111111111111111111111111111111111111111111111111111111111111114444444444444444444444444444444444444444444444444444444441
1444444444444444444444444444444444411111111111111111111111111111111111111111111111111111111111111111111111111111111111111111111111111111111111114444444444444444444444444444444444444444444444444444444441
1444444444444444444444444444444444444111111111111111111111111111111111111111111111111111111111111111111111111111111111111111111111111111111111114444444444444444444444444444444444444444444444444444444441
1444444444444444444444444444444444444441111111111111111111111111111111111111111111111111111111111111111111111111111111111111111111111111111111114444444444444444444444444444444444444444444444444444444441
1444444444444444444444444444444444444444411111111111111111111111111111111111111111111111111111111111111111111111111111111111111111111111111111144444444444444444444444444444444444444444444444444444444441
1444444444444444444444444444444444444444444111111111111111111111111111111111111111111111111111111111111111111111111111111111111111111111111111144444444444444444444444444444444444444444444444444444444441
1444444444444444444444444444444444444444444411111111111111111111111111111111111111111111111111111111111111111111111111111111111111111111111111144444444444444444444444444444444444444444444444444444444441
1444444444444444444444444444444444444444444441111111111111111111111111111111111111111111111111111111111111111111111111111111111111111111111111144444444444444444444444444444444444444444444444444444444441
1444444444444444444444444444444444444444444444111111111111111111111111111111111111111111111111111111111111111111111111111111111111111111111111144444444444444444444444444444444444444444444444444444444441
1444444444444444444444444444444444444444444444411111111111111111111111111111111111111111111111111111111111111111111111111111111111111111111111144444444444444444444444444444444444444444444444444444444441
1444444444444444444444444444444444444444444444441111111111111111111111111111111111111111111111111111111111111111111111111111111111111111111111444444444444444444444444444444444444444444444444444444444441
1444444444444444444444444444444444444444444444444444444444111111111111111111111111111111111111111111111111111111111111111111111111111111111111444444444444444444444444444444444444444444444444444444444441
1444444444444444444444444444444444444444444444444444444444444444444411111111111111111111111111111111111111111111111111111111111111111111111111444444444444444444444444444444444444444444444444444444444441
1444444444444444444444444444444444444444444444444444444444444444444444444444411111111111111111111111111111111111111111111111111111111111111111444444444444444444444444444444444444444444444444444444444441
1444444444444444444444444444444444444444444444444444444444444444444444444444444444444411111111111111111111111111111111111111111111111111111111444444444444444444444444444444444444444444444444444444444441
1444444444444444444444444444444444444444444444444444444444444444444444444444444444444444444441111111111111111111111111111111111111111111111111444444444444444444444444444444444444444444444444444444444441
1111111111111111111111111111111111111111111111111111111111111111111111111111111111111111111111111111111111111111111111111111111111111111111111111111111111111111111111111111111111111111111111111111111111