111111111111111111111111111111111111111111111111111111111111111111111111111111111111111111111111111111
111111111111111111111111111111111118888888888888888888888888888888888888888881111111111111111111111111
111111111111111111111111118888888888888888888888888888888888888888888888888811000000000000001111111111
111111111111111111118888888888888888888888888888888888111111111111111111111100101111111111110000000011
111111111111111188888888888888888888888888888111111111111011111111111111111011101111111111111111110011
111111111111888888888888888888888888888888111111111111100101111111111111110111101111111111111111101011
111111111118888888888888888888888888888811111111111110011110111110001111101111110111111111111111011011
111111111888888888888888888888888888111111111111111101011111000001110111011111111011111111111110111011
111111188888888888888888888888881111111111111111111101101111011111111010111111111101111111111101111011
111111888888888888888888888111111111111111111111111101101111011111111101111111111101111111110011111011
111118888888888888888888811111111111111111111111110011101111101111111010000111110011111111101111111011
111118888888888888888881111111111111111111111000001011101111101111110111111000001111111111011111111011
111188888888888888888111111111111111110000000101111011101111101111000111111110101111111000111111111011
111188888888888888881111111111111111001111111101110111101111100000111011111101110000000111111111111011
111188888888888888811111111111111100111111111101110111101111101111111100111011111111011111111111111011
111888888888888881111111111111110011111111111110110111101111101111111111000111111111011111111111111011
111888888888888811111111111111100111111111111110000000000000000111111110110001111110111111111111111011
118888888888888111111111111111001011111111111110110111101111101001111101111110001101111111111111111011
118888888888811111111111111110101100111111111110110111101111101110111011111111110011111111111111111011
118888888888111111111111000001101111000000000000000000001111101111000111111111110111111111111111111011
188888888881111111111110100111101111111111111111110111101111101111011111111111101111111111111111111011
188888888811111111111001101001101111111111111111110111101111101111011111111111011111111111111111111011
188888888111111111100111101110000000000000000000110111101111101110111111111110111111111111111111111011
188888888111111111011111101111101111111111111111000000000000000000111111111101111111111111111111111011
188888888111111110111111101111101111111111111111111111111111111110011111111011111111111111111111000111
188888888111111001111111101111101111111111111111111111111111111110101111111011111111111111111110111111
188888881110000111111111101111101111111111111111111111111111111110110111110111111111111111100001111111
188888881101111111111111101111101111111111111111111111111111111110111000001111111011111110011111111111
188888881011111111111111101111011111111111111111111111111111111110111111010111111000000001111111111111
188888811011111111111111100000011111111111111111111111111111111111011100111001111010101111111111111111
188888811011111111111111101111011111111111111111111111111111111111101011111110111010101111111111111111
188888811011111111111111101111011111111111111111111111111111111111110111111111011010101111111111111111
188888811101111111111111101111011111111111111111111111111111111111101111111111101010101111111111111111
188888111101111111111111101111011111111111111111111111111111111111011111111111110010101111111111111111
188888111110111111111111100000011111111111111111111111111111111110011111111111111010101111111111111111
188888111110111111111111101111011111111111111111111111111111111110101111111111111100000001111111111111
188881111110111111111111101111011111111111111111111111111111111101110111111110000011111010011111111111
188881111111011111111111101111011111111111111111111111111111111101111011111101111111110111101111111111
188881111111011111100000001111011111111111111111111111111111111011111101000011111111101111110111111111
188881111111000000011111101111011111111111111111111111111111110111111000111111111111101111111011111111
188881111111011111111111101111011000000000001111111111111111101001110101111111111111011111111101111111
188881111111101111111111101111011011111111110000000000011111011110101101111111111111011111111110111111
188881111111101111111111101111011011111111111111011111100000011111011101111111111111011111111111011111
188881111111110111111111101111011011111111111111011111011101101110111011111111111111011111111111101111
188881111111110111111111101111011011111111111111011110111101110101111011111111111110111111111111110111
188881111111110111111111101111000000000000000000001110111011111011111011111111111110111111111111111011
188881111111111011111111101111111111111111111111010000111001110111110111111111111110111111111111111011
188881111111111011111111101111111111111111111111011110110110001111110111111111111110111111111111111011
188881111111111101111111101111111111111111111111011110110111101111101000011111111110111111111111111011
188881111111111101111111101111111111111111111110111101110111110111101111100001111110111111111111110111
188881111100000000000000000000000001111111111110001011110111110111011111111010000000111111111111110111
188881100011111101111111011111110110011111111110110011110111110111011111111011111101000111111111110111
188881011111111110111111101111110111100011111110110111110111111011011111111011111101111001111111110111
188881011111111110111111101111110111111011111110110111110111111100111111111011111101111110001111110111
188881101111111110111111101111110111111011111110110111110111111110111111111000000011111111110000001111
188881110111111110111111101111111011111000000000110111101111111111011111110111111011111111111111111111
188881111011111110111111101111111011111111111111000000101111111111100000010111111011111111111111111111
188881111011111110111111101111111010001111111111111111011111111111101111100111111011111111111111111111
188881111011111110111111101111000001101111111111111111011111111111011111110111111011111111111111111111
188881111011111110000000000000111111101111111111111111011111111110111111111011110111111111111111111111
188881111101111111111111101111111111101111111111111110111111111110111111111011101111111111111111111111
188888111101111111111111101111111111101111111111111110111111111101111111111101011111111111111111111111
188888111101111111111111101111111111101111111111111101111101111011111111111101011111111111111111111111
188888111110111111111111101111111111101111111111000011111100000111000000000000111111111111111111111111
188888811111011111111111101111111111101111111100111000111011110111011111111110111111111111111111111111
188888811111101111111111101111111111101100000011111011001011101110111111111110111111111111111111111111
188888811111101111111111101111111111100011101111111011110001011101111111111111011111111111111111111111
188888881111110111111111101111111000001111101111110111110110001011111111111111101111111111111111111111
188888881111111011111111100000000111101111110111110111110111110000000000000000001111111111111111111111
188888881111111101111111101111111111101111110000000111110111110111111101111111101111111111111111111111
188888881111111101111111101111111111101111111111110111110111101111111011111111101111111111111111111111
188888881111111101111111101111111111101111111111110111110111101111110111111111101111111111111111111111
188888888111111110111111101111111111101111111111110111110111011111110111111111011111111111111111111111
188888888111111110111111101111111111101111111111110111110111011111110111111110111111111111111111111111
188888888111111111011111101111111111101111111111110000000000000011101111111110111111111111111111111111
188888888111111111011111101111000000001111111111110111111111111100001111111101111111111111111111111111
188888888811111111011111100000111111111111111111110111111111111111111111111011111111111111111111111111
188888888811111111011111110111111111111111111111110111111111111111111111111011111111111111111111111111
188888888881111111011111110111111111111111111111110111111111111111111111111011111111111111111111111111
188888888881111111101111110111111111111100000000000001111111111111111111000011111111111111111111111111
188888888888111111110111110111111111111101101110110110000011111111111100111011111111111111111111111111
188888888888811111111011110111111111111101101110110111111100000000000011111011111111111111111111111111
188888888888881111111011110000000000111101101110110111111111111111111111111011111111111111111111111111
188888888888888111111101001110111111011101101110110111111111111111111111111011111111111111111111111111
188888888888888811111100111110000000000000000000110111111111111111111111111011111111111111111111111111
188888888888888881111110111110111111111111110000000000000000000000000111111011111111111111111111111111
188888888888888888111110111111111111000000001111111111111111111111111000000011111111111111111111111111
188888888888888888811111011111111100111111111111111111111111111111111111111111111111111111111111111111
188888888888888888881111101100000011111111111111111111111111111111111111111111111111111111111111111111
188888888888888888888111100011111111111111111111111111111111111111111111111111111111111111111111111111
188888888888888888888811111111111111111111111111111111111111111111111111111111111111111111111111111111
144444444444444444444444444444444444444444444444444444444444444444444444444444444444444444444444444441
144444444444444444444444444444444444444444444444444444444444444444444444444444444444444444444444444441
144444444444444444444444444444444444444444444444444444444444444444444444444444444444444444444444444441
144444444444444444444444444444444444444444444444444444444444444444444444444444444444444444444444444441
144444444444444444444444444444444444444444444444444444444444444444444444444444444444444444444444444441
144444444444444444444444444444444444444444444444444444444444444444444444444444444444444444444444444441
144444444444444444444444444444444444444444444444444444444444444444444444444444444444444444444444444441
144444444444444444444444444444444444444444444444444444444444444444444444444444444444444444444444444441
144444444444444444444444444444444444444444444444444444444444444444444444444444444444444444444444444441
144444444444444444444444444444444444444444444444444444444444444444444444444444444444444444444444444441
111111111111111111111111111111111111111111111111111111111111111111111111111111111111111111111111111111