111111111111111111111111111111111111111111111111111111111111111111111111111111111111111111111111111111
111111111111111111111111111111111111111111111111111111111111111111111111111181111111111111111111111111
111111111111111111111111111111111111111111111111111111888888888888888888888811000000000000000011111111
111111111111111111111111111111111111111111111888888888111111111111111111111110101111111111111100000011
111111111111111111111111111111111111111111888111111111111011111111111111111101110111111111111111110011
111111111111111111111111111111111111111188111111111111100101111111111111111011111011111111111111101011
111111111111111111111111111111111111888811111111111110011110111000001111110111111101111111111110011011
111111111111111111111111111111118888111111111111111101011111000111110111001111111101111111111101111011
111111111111111111111111111888881111111111111111111101101111011111111010111111111101111111111011111011
111111111111111111111111118111111111111111111111111011101111011111111100111111111001111111000111111011
111111111111111111111111811111111111111111111110000011101111011111111011000000110111111110111111111011
111111111111111111111181111111111111111111000001110111101111011111110111111110001111111001111111111011
111111111111111111118111111111111111100000111101110111101111100000000111111101100111110111111111111011
111111111111111111181111111111111111011111111101110111101111101111111011111011111000001111111111111011
111111111111111111811111111111111000111111111110110111101111101111111100110111111111011111111111111011
111111111111111181111111111111110111111111111110110111101111101111111111000111111110111111111111111011
111111111111111811111111111111101111111111111110000000000000001111111110011000111110111111111111111011
111111111111118111111111111000000111111111111110110111101111100001111101111111011101111111111111111011
111111111111811111111111110111101001111111111110110111101111101110010011111111100011111111111111111011
111111111118111111111111100111101110000000000000000000001111101111101111111111110111111111111111111011
111111111181111111111111001011101111111111111111110111101111101111101111111111101111111111111111111011
111111111811111111111110101101101111111111111111110111101111101111011111111111011111111111111111111011
111111118111111111111101101110000000000000000000010111101111101110111111111110111111111111111111111011
111111118111111111111011101111101111111111111111100000000000000110111111111101111111111111111111100011
111111118111111111100111101111011111111111111111111111111111111000111111111011111111111111111111011111
111111118111111110011111101111011111111111111111111111111111111110000111110111111111111110000000111111
111111181111111001111111101111011111111111111111111111111111111110111011110111111111111001111111111111
111111181111100111111111101111011111111111111111111111111111111110111100001111111001110111111111111111
111111181000011111111111101111011111111111111111111111111111111110111111010111111010001111111111111111
111111811011111111111111100000011111111111111111111111111111111111011110111011111010101111111111111111
111111811101111111111111101111011111111111111111111111111111111111101001111100111010101111111111111111
111111811110111111111111101111011111111111111111111111111111111111110111111111011010101111111111111111
111111811110111111111111101111011111111111111111111111111111111111101111111111101010101111111111111111
111118111110111111111111101111011111111111111111111111111111111111011111111111110010101111111111111111
111118111110111111111111100001011111111111111111111111111111111110011111111111111000101111111111111111
111118111110111111111111101110011111111111111111111111111111111110101111111111110000000001111111111111
111181111111011111111111101111011111111111111111111111111111111101110111111111101111111010111111111111
111181111111011111111111101111011111111111111111111111111111111011111011111111011111111011011111111111
111181111111011000000000001111011111111111111111111111111111110111111101110000111111110111101111111111
111181111111000111111111101111011111111111111111111111111111110111111110001111111111110111110111111111
111181111111011111111111101111011000000000111111111111111111101011111100111111111111101111111001111111
111181111111011111111111101111011011111111000000000001111111011101110001111111111111011111111110111111
111181111111011111111111101111011011111111111111011110000000011110001101111111111111011111111111011111
111181111111011111111111101111011011111111111111011111101101101110111101111111111111011111111111101111
111181111111011111111111101111011011111111111111011111011101110101111101111111111111011111111111110111
111181111111101111111111011111000000000000000000001110111101111011111011111111111111011111111111111011
111181111111101111111111011111111111111111111111010000111011111011111011111111111110111111111111111011
111181111111101111111111011111111111111111111110111110111000110111110111111111111101111111111111111011
111181111111110111111111011111111111111111111110111101110111001111101000000011111101111111111111110111
111181111111111011111111011111111111111111111110111101101111110111101111111100000101111111111111101111
111181111111111100000000000000000011111111111110001011101111111011101111111011111000011111111111101111
111181111110000001111111011111110100111111111110110011101111111011101111111011111101100011111111101111
111181000001111101111111011111110111000011111110111011011111111101101111111011111101111100111111101111
111181011111111101111111011111110111111011111110111011011111111110011111111011111011111111000011101111
111181101111111101111111011111110111111011111110111011011111111110111111111000000011111111111100001111
111181101111111101111111011111110111111000000000110111011111111111011111110111111011111111111111111111
111181110111111110111111011111110111111111111111000000011111111111100001110111110111111111111111111111
111181110111111110111111101111110100001111111111111111011111111111011110000111101111111111111111111111
111181111011111110111111101000000011101111111111111110111111111110111111111011101111111111111111111111
111181111011111110000000000111111111101111111111111110111111111101111111111101101111111111111111111111
111181111011111111111111101111111111101111111111111110111111111011111111111101101111111111111111111111
111118111101111111111111101111111111101111111111111101111111111011111111111101011111111111111111111111
111118111101111111111111101111111111101111111111111011111100000111111111111110111111111111111111111111
111118111101111111111111101111111111101111111111110001111011110111000000000000111111111111111111111111
111111811101111111111111101111111111101111111100000110011011110111011111111111011111111111111111111111
111111811110111111111111101111111111101111000011110111101011110110111111111111011111111111111111111111
111111811111011111111111101111111111101000101111110111110011101101111111111111011111111111111111111111
111111181111101111111111101000000000000111101111110111110100001101111111111111011111111111111111111111
111111181111110111111111100111111111101111101111110111110111110000000000000000001111111111111111111111
111111181111110111111111101111111111101111110000000111110111111011111101111111101111111111111111111111
111111181111111011111111101111111111101111111111110111110111110111111011111111011111111111111111111111
111111181111111101111111101111111111101111111111110111110111110111110111111111011111111111111111111111
111111118111111110111111101111111111101111111111110111110111110111110111111111011111111111111111111111
111111118111111110111111101111111111101111111111110111110111101111110111111111011111111111111111111111
111111118111111110111111101111111111101111111111110000000000000111101111111111011111111111111111111111
111111118111111111011111101111100000001111111111110111111111111000001111111110111111111111111111111111
111111111811111111011111100000011111111111111111110111111111111111111111111101111111111111111111111111
111111111811111111101111101111111111111111111111110111111111111111111111111101111111111111111111111111
111111111181111111101111101111111111111111111111110111111111111111111111111011111111111111111111111111
111111111181111111110111101111111111111100000000000001111111111111111111100011111111111111111111111111
111111111118111111111011101111111111111101101110110110000111110000000000011011111111111111111111111111
111111111111811111111011110111111111111101101110110111111000001111111111111011111111111111111111111111
111111111111181111111101110000000000111101101110110111111111111111111111111011111111111111111111111111
111111111111118111111101101110111110111101101110110111111111111111111111111011111111111111111111111111
111111111111111811111100011110111100000000000000110111111111111111111111111011111111111111111111111111
111111111111111181111101111110000011111111111111100000000001111111111111111011111111111111111111111111
111111111111111118111110111111111100000000000000011111111110000000000000000011111111111111111111111111
111111111111111111811110111111000011111111111111111111111111111111111111111111111111111111111111111111
111111111111111111181111011100111111111111111111111111111111111111111111111111111111111111111111111111
111111111111111111118111100011111111111111111111111111111111111111111111111111111111111111111111111111
111111111111111111111811111111111111111111111111111111111111111111111111111111111111111111111111111111
144444444444444444444444444444444444444444444444444444444444444444444444444444444444444444444444444441
144444444444444444444444444444444444444444444444444444444444444444444444444444444444444444444444444441
144444444444444444444444444444444444444444444444444444444444444444444444444444444444444444444444444441
144444444444444444444444444444444444444444444444444444444444444444444444444444444444444444444444444441
144444444444444444444444444444444444444444444444444444444444444444444444444444444444444444444444444441
144444444444444444444444444444444444444444444444444444444444444444444444444444444444444444444444444441
144444444444444444444444444444444444444444444444444444444444444444444444444444444444444444444444444441
144444444444444444444444444444444444444444444444444444444444444444444444444444444444444444444444444441
144444444444444444444444444444444444444444444444444444444444444444444444444444444444444444444444444441
144444444444444444444444444444444444444444444444444444444444444444444444444444444444444444444444444441
111111111111111111111111111111111111111111111111111111111111111111111111111111111111111111111111111111