111111111111111111111111111111111111111111111111111111111111111111111111111111111111111111111111111111
111111111111111111111111111111111111111111111111111111111111111111111111111111111111111111111111111111
111111111111111111111111111111111111111111111111111111111111111111111111111111000000000011111111111111
111111111111111111111111111111111111111111111111111111111111111111111111111110101111111100000000000011
111111111111111111111111111111111111111111111111111111100011111111111111111101101111111111111111110011
111111111111111111111111111111111111111111111111111111011101111111111111110011110111111111111111101011
111111111111111111111111111111111111111111111111111110111110111100001111101111110111111111111111011011
111111111111111111111111111111111111111111111111111110111111000011110111011111111011111111111110111011
111111111111111111111111111111111111111111111111111101011111011111111010111111111101111111111101111011
111111111111111111111111111111111111111111111111111101101111011111111100011111111101111111110011111011
111111111111111111111111111111111111111111111111000011101111011111111011100111111011111111101111111011
111111111111111111111111111111111111111111000000111011101111011111110111111000000111111000011111111011
111111111111111111111111111111111111111000111101111011101111011110000111111101110111110111111111111011
111111111111111111111111111111111111110111111101111011101111100001111011111011111000001111111111111011
111111111111111111111111111111111111001111111110110111101111101111111101110111111111101111111111111011
111111111111111111111111111111111100111111111110110111101111101111111110001111111111011111111111111011
111111111111111111111111111111000011111111111110000000000000001111111110010111111110111111111111111011
111111111111111111111111111000101100111111111110110111101111100111111101111001111101111111111111111011
111111111111111111111111110111101111001111111110110111101111101000010011111110000011111111111111111011
111111111111111111111111100011101111110000000000000000001111101111101111111111110111111111111111111011
111111111111111111111111001100101111111111111111110111101111101111101111111111101111111111111111111011
111111111111111111111110101111001111111111111111110111101111101111101111111111011111111111111111111011
111111111111111111111101101111100000000000000000110111101111101111011111111110111111111111111111111011
111111111111111111111011101111101111111111111111000000000000000000111111111101111111111111111111100011
111111111111111111000111101111101111111111111111111111111111111110000111111011111111111111111100011111
111111111111100000111111101111101111111111111111111111111111111110111011110111111111111111111011111111
111111111111011111111111101111101111111111111111111111111111111110111100010111111111111110000111111111
111111111100111111111111101111011111111111111111111111111111111110111111001111111001111001111111111111
111111111011111111111111101111011111111111111111111111111111111110111110110111111010000111111111111111
111111111011111111111111100000011111111111111111111111111111111111011101111011111010101111111111111111
111111111101111111111111101111011111111111111111111111111111111111101011111101111010101111111111111111
111111111101111111111111101111011111111111111111111111111111111111110111111110111010101111111111111111
111111111101111111111111101111011111111111111111111111111111111111101111111111011010101111111111111111
111111111101111111111111101111011111111111111111111111111111111111011111111111100010101111111111111111
111111111101111111111111100111011111111111111111111111111111111110111111111111111010101111111111111111
111111111110111111111111101000011111111111111111111111111111111101011111111111111100000001111111111111
111111111110111111111111101111011111111111111111111111111111111011101111111111111101111100111111111111
111111111111011111111111101111011111111111111111111111111111111011110111111100000011111101011111111111
111111111111011111000000001111011111111111111111111111111111110111111001110011111111111101101111111111
111111111111000000111111101111011111111111111111111111111111110111111110001111111111111011110111111111
111111111111011111111111101111011000000011111111111111111111101011111100111111111111110111111011111111
111111111111011111111111101111011011111100000000011111111111011100111010111111111111110111111101111111
111111111111101111111111101111011011111111111111000000000000011111000101111111111111110111111110111111
111111111111110111111111101111011011111111111111011111011110101110111101111111111111101111111111001111
111111111111110111111111101111011011111111111111011111011101110101111101111111111111101111111111110111
111111111111110111111111101111000000000000000000000110111011111011111011111111111111101111111111111011
111111111111110111111111101111111111111111111111011000111011111011110111111111111111101111111111111011
111111111111111011111111011111111111111111111111011110110101110111110111111111111111011111111111111011
111111111111111011111111011111111111111111111110111101110110001111110000011111111110111111111111111011
111111111111111011111111011111111111111111111110111011110111101111110111100000011101111111111111111011
111111111111100000000000000000000011111111111110001011101111101111101111111101100000000001111111111011
111111110000011101111111011111110100111111111110110011101111110111011111111101111101111110001111111011
111111001111111101111111011111110111000011111110111011101111111010111111111101111101111111110111111011
111111011111111101111111011111110111111011111110111011101111111100111111111011111101111111111011110111
111111101111111101111111011111110111111011111110110111101111111110111111111000000011111111111100001111
111111101111111101111111011111110111111000000000010111101111111111011111111011110111111111111111111111
111111110111111101111111011111110111111111111111100011101111111111100000010111110111111111111111111111
111111111011111101111111101111110110001111111111111100011111111111011111100111110111111111111111111111
111111111011111101111111101111100001101111111111111111011111111111011111110111101111111111111111111111
111111111101111110000000000000011111101111111111111110111111111110111111111011101111111111111111111111
111111111110111111111111101111111111101111111111111110111111111101111111111101011111111111111111111111
111111111111011111111111101111111111101111111111111110111111111011111111111101011111111111111111111111
111111111111011111111111101111111111101111111111111101111100010111111111111110111111111111111111111111
111111111111101111111111101111111111101111111111100011111011100111000000000000111111111111111111111111
111111111111101111111111101111111111101111111110011001110111101110111111111110111111111111111111111111
111111111111101111111111101111111111101111000001111010110111101110111111111111011111111111111111111111
111111111111110111111111101111111111101110011111111011000011011101111111111111011111111111111111111111
111111111111111011111111100000000000000001101111110111110100001011111111111111101111111111111111111111
111111111111111011111111101111111111101111101111110111110111110000000000000000001111111111111111111111
111111111111111011111111101111111111101111110000000111110111111011111101111111101111111111111111111111
111111111111111101111111101111111111101111111111110111110111110111111011111111101111111111111111111111
111111111111111101111111101111111111101111111111110111110111101111111011111111101111111111111111111111
111111111111111101111111101111111111101111111111110111110111101111110111111111101111111111111111111111
111111111111111101111111101111111111101111111111110111110111101111110111111111101111111111111111111111
111111111111111110111111101111111111101111111111110000000000011111101111111111101111111111111111111111
111111111111111110111111101111111111001111111111110111111111100000001111111111101111111111111111111111
111111111111111111011111100000000000111111111111110111111111111111111111111111011111111111111111111111
111111111111111111101111101111111111111111111111110111111111111111111111111110111111111111111111111111
111111111111111111101111101111111111111111111111110111111111111111111111111101111111111111111111111111
111111111111111111110111110111111111111100000000000000011111111111110000000011111111111111111111111111
111111111111111111111011110111111111111101101110110111100000110000001111111011111111111111111111111111
111111111111111111111011110111111111111101101110110111111111001111111111111011111111111111111111111111
111111111111111111111011110000000000111101101110110111111111111111111111111011111111111111111111111111
111111111111111111111010001110111111011101101110110111111111111111111111111011111111111111111111111111
111111111111111111111101111110111110000000000000110111111111111111111111111011111111111111111111111111
111111111111111111111110111110000001111111111000000000000000000000000000011011111111111111111111111111
111111111111111111111111011111111111000000000111111111111111111111111111100011111111111111111111111111
111111111111111111111111011111111110111111111111111111111111111111111111111111111111111111111111111111
111111111111111111111111010000000001111111111111111111111111111111111111111111111111111111111111111111
111111111111111111111111101111111111111111111111111111111111111111111111111111111111111111111111111111
111111111111111111111111111111111111111111111111111111111111111111111111111111111111111111111111111111
144444444444444444444444444444444444444444444444444444444444444444444444444444444444444444444444444441
144444444444444444444444444444444444444444444444444444444444444444444444444444444444444444444444444441
144444444444444444444444444444444444444444444444444444444444444444444444444444444444444444444444444441
144444444444444444444444444444444444444444444444444444444444444444444444444444444444444444444444444441
144444444444444444444444444444444444444444444444444444444444444444444444444444444444444444444444444441
144444444444444444444444444444444444444444444444444444444444444444444444444444444444444444444444444441
144444444444444444444444444444444444444444444444444444444444444444444444444444444444444444444444444441
144444444444444444444444444444444444444444444444444444444444444444444444444444444444444444444444444441
144444444444444444444444444444444444444444444444444444444444444444444444444444444444444444444444444441
144444444444444444444444444444444444444444444444444444444444444444444444444444444444444444444444444441
111111111111111111111111111111111111111111111111111111111111111111111111111111111111111111111111111111