111111111111111111111111111111111111111111111111111111111111111111111111111111111111111111111111111111
111111111111111111111111111111111111111111111111111111111111111111111111111181111111111111111111111111
111111111111111111111111111111111111111111111111111111888888888888888888888811000000000001111111111111
111111111111111111111111111111111111111111111888888888111111111111111111111110011111111110000000000011
111111111111111111111111111111111111111111888111111111110011111111111111111101101111111111111111100011
111111111111111111111111111111111111111188111111111111101101111111111111110011101111111111111111011011
111111111111111111111111111111111111888811111111111110011110100000001111101111101111111111111110111011
111111111111111111111111111111118888111111111111111110011111011111110111011111110111111111111101111011
111111111111111111111111111888881111111111111111111110011111011111111010111111111011111111111011111011
111111111111111111111111118111111111111111111111111101101111011111111100111111111101111111000111111011
111111111111111111111111811111111111111111111110000011101111011111111011011111111011111110111111111011
111111111111111111111181111111111111111110000001111011101111101111110111100000000111111101111111111011
111111111111111111118111111111111111000001111110110111101111101100000111111100110011110011111111111011
111111111111111111181111111111111110111111111110110111101111100011111001111011111100001111111111111011
111111111111111111811111111111111101111111111110110111101111101111111110110111111111101111111111111011
111111111111111181111111111111111011111111111110110111101111101111111111000111111111011111111111111011
111111111111111811111111111111000111111111111110000000000000000011111110111000111110111111111111111011
111111111111118111111111111100100011111111111110110111101111101101111001111111011101111111111111111011
111111111111811111111111111011101100111111111110110111101111101110010111111111100011111111111111111011
111111111118111111111111000111101111000000000000000000001111101111101111111111110111111111111111111011
111111111181111111111110101000101111111111111111110111101111101111011111111111101111111111111111111011
111111111811111111111101101111001111111111111111110111101111101110111111111111011111111111111111111011
111111118111111111100011101111100000000011111111110111101111101110111111111110111111111111111111111011
111111118111111111011111101111101111111100000000000000000000000110111111111101111111111111111111110011
111111118111111110111111101111101111111111111111111111111111111000111111111011111111111111111100001111
111111118111111101111111101111101111111111111111111111111111111110000111110111111111111110000011111111
111111181110000011111111101111101111111111111111111111111111111110111001110111111111111001111111111111
111111181101111111111111101111101111111111111111111111111111111110111110001111111001110111111111111111
111111181011111111111111101111011111111111111111111111111111111110111111010011111010001111111111111111
111111811101111111111111101111011111111111111111111111111111111111011110111101111010101111111111111111
111111811101111111111111100000011111111111111111111111111111111111101101111110111010101111111111111111
111111811101111111111111101111011111111111111111111111111111111111110011111111011010101111111111111111
111111811110111111111111101111011111111111111111111111111111111111101111111111101010101111111111111111
111118111110111111111111101111011111111111111111111111111111111111011111111111110010101111111111111111
111118111110111111111111100001011111111111111111111111111111111110111111111111111000101111111111111111
111118111110111111111111101110011111111111111111111111111111111101011111111111000000000000111111111111
111181111110111111111111101111011111111111111111111111111111111011101111111000111111111011011111111111
111181111110111111111111101111011111111111111111111111111111110111110111110111111111111011101111111111
111181111111011111111111001111011111111111111111111111111111110111111011101111111111110111110111111111
111181111111000000000000101111011111111111111111111111111111110111111100011111111111101111111011111111
111181111111101111111111101111011000000000000001111111111111101011111101111111111111101111111101111111
111181111111101111111111011111011011111111111110000001111111011101111011111111111111101111111110111111
111181111111101111111111011111011011111111111111011110000000111110000011111111111111101111111111011111
111181111111110111111111011111011011111111111111011111101110001110111011111111111111101111111111101111
111181111111110111111111011111011011111111111111011111011101110101110111111111111111011111111111110111
111181111111110111111111011111000000000000000000000011011011111011110111111111111111011111111111111011
111181111111111011111111011111111111111111111111011100111001111011110111111111111111011111111111110111
111181111111111011111111011111111111111111111111011101111010010111110001111111111110111111111111101111
111181111111111011111111011111111111111111111111011101111011101111110110011111111110111111111111101111
111181111111111011111111011111111111111111111110111101111011110111101111100000111110111111111111101111
111181111111111000000000000000000001111111111110111011111011110111101111111101000000000111111111101111
111181110000000101111111011111110110001111111110000011111011111011101111111101111101111001111111101111
111181001111111101111111011111111011110011111110111011110111111011101111111011111101111110000111101111
111181011111111101111111101111111011111011111110111011110111111101011111111011111011111111111001101111
111181011111111101111111101111111011111011111110111011110111111110111111111000000011111111111110001111
111181011111111101111111101111111011111000000000001011101111111111011111110111110111111111111111111111
111181011111111101111111101111111011111111111111110001101111111111100111110111101111111111111111111111
111181101111111110111111101111111011101111111111111110011111111111101000000111101111111111111111111111
111181101111111110111111101100000000001111111111111110111111111111011111111011011111111111111111111111
111181110111111110000000000011111111101111111111111110111111111110111111111101011111111111111111111111
111181110111111111111111101111111111101111111111111110111111111101111111111110011111111111111111111111
111118111011111111111111101111111111101111111111111101111111111101111111111110011111111111111111111111
111118111101111111111111101111111111101111111111111011111100111011111111111110011111111111111111111111
111118111101111111111111101111111111101111111111000011111101000111000000000000111111111111111111111111
111111811101111111111111101111111111101111111100110101111011101110111111111110111111111111111111111111
111111811101111111111111101111111111101111000011110110000111011101111111111110111111111111111111111111
111111811110111111111111101111111111101000101111110111110001011101111111111111011111111111111111111111
111111181111011111111111101111100000000111110111110111110110001101111111111111011111111111111111111111
111111181111011111111111100000011111101111110111110111110111110000000000000000001111111111111111111111
111111181111101111111111101111111111101111110000000111110111111011111011111111011111111111111111111111
111111181111110111111111101111111111101111111111110111110111111011111011111111011111111111111111111111
111111181111111011111111101111111111101111111111110111110111111011111011111111011111111111111111111111
111111118111111011111111101111111111101111111111110111110111110111110111111111011111111111111111111111
111111118111111011111111101111111111101111111111110111110111101111110111111110111111111111111111111111
111111118111111101111111101111111111101111111111110000000000000000110111111110111111111111111111111111
111111118111111101111111101111100000001111111111110111111111111111001111111101111111111111111111111111
111111111811111101111111100000011111111111111111110111111111111111111111111101111111111111111111111111
111111111811111110111111101111111111111111111111110111111111111111111111111011111111111111111111111111
111111111181111111011111101111111111111111111111110111111111111111111111111011111111111111111111111111
111111111181111111101111101111111111111100000000000111111111111111111100000011111111111111111111111111
111111111118111111110111101111111111111101101110110000000001111000000011111011111111111111111111111111
111111111111811111110111110111111111111101101110110111111110000111111111111011111111111111111111111111
111111111111181111111011110000000000111101101110110111111111111111111111111011111111111111111111111111
111111111111118111111101101110111111011101101110110111111111111111111111111011111111111111111111111111
111111111111111811111100011110111000000000000000110111111111111111111111111011111111111111111111111111
111111111111111181111101111110000111111111111110000000000000000000001111111011111111111111111111111111
111111111111111118111110111111111111100000000001111111111111111111110000000011111111111111111111111111
111111111111111111811111011111111100011111111111111111111111111111111111111111111111111111111111111111
111111111111111111181111011111110011111111111111111111111111111111111111111111111111111111111111111111
111111111111111111118111100000001111111111111111111111111111111111111111111111111111111111111111111111
111111111111111111111811111111111111111111111111111111111111111111111111111111111111111111111111111111
144444444444444444444444444444444444444444444444444444444444444444444444444444444444444444444444444441
144444444444444444444444444444444444444444444444444444444444444444444444444444444444444444444444444441
144444444444444444444444444444444444444444444444444444444444444444444444444444444444444444444444444441
144444444444444444444444444444444444444444444444444444444444444444444444444444444444444444444444444441
144444444444444444444444444444444444444444444444444444444444444444444444444444444444444444444444444441
144444444444444444444444444444444444444444444444444444444444444444444444444444444444444444444444444441
144444444444444444444444444444444444444444444444444444444444444444444444444444444444444444444444444441
144444444444444444444444444444444444444444444444444444444444444444444444444444444444444444444444444441
144444444444444444444444444444444444444444444444444444444444444444444444444444444444444444444444444441
144444444444444444444444444444444444444444444444444444444444444444444444444444444444444444444444444441
111111111111111111111111111111111111111111111111111111111111111111111111111111111111111111111111111111