111111111111111111111111111111111111111111111111111111111111111111111111111111111111111111111111111111
111111111111111111111111111111111111111111111111111111111111111111111111111181111111111111111111111111
111111111111111111111111111111111111111111111111111111888888888888888888888810000000000000000011111111
111111111111111111111111111111111111111111111888888888111111111111111111111101101111111111111100000011
111111111111111111111111111111111111111111888111111111100011111111111111111011101111111111111111101011
111111111111111111111111111111111111111188111111111111011101111111111111110111110111111111111111011011
111111111111111111111111111111111111888811111111111110111110111110001111101111111011111111111110111011
111111111111111111111111111111118888111111111111111110011111000001110111011111111011111111111101111011
111111111111111111111111111888881111111111111111111101101111101111111010111111111011111111111011111011
111111111111111111111111118111111111111111111111111101101111101111111100001111111001111111110111111011
111111111111111111111111811111111111111111111111100011101111101111111011110000110111111111101111111011
111111111111111111111181111111111111111111110000011011101111101111110111111110000011111000011111111011
111111111111111111118111111111111111100000001101111011101111101111101111111101111101110111111111111011
111111111111111111181111111111111111011111111101111011101111100000010011111011111110001111111111111011
111111111111111111811111111111111110111111111101111011101111101111111100110111111111011111111111111011
111111111111111181111111111111111101111111111101111011101111101111111111001111111110111111111111111011
111111111111111811111111111111000011111111111110000000000000000111111110110001111110111111111111111011
111111111111118111111111111100100000111111111110110111101111101011111101111110001101111111111111111011
111111111111811111111111110011101111011111111110110111101111101100010011111111110011111111111111111011
111111111118111111111111101111101111100000000000000000001111101111101111111111110111111111111111111011
111111111181111111111100000111101111111111111111110111101111101111101111111111101111111111111111111011
111111111811111111111011101000001111111111111111110111101111101111101111111111011111111111111111111011
111111118111111111110111101111100000001111111111110111101111101111011111111110111111111111111111111011
111111118111111111101111101111101111110000000000000000000000000001011111111101111111111111111111110011
111111118111111000011111101111101111111111111111111111111111111110001111111101111111111111111100001111
111111118111100111111111101111011111111111111111111111111111111110110011111011111111111111100011111111
111111181111011111111111101111011111111111111111111111111111111110111101110111111111111111011111111111
111111181100111111111111101111011111111111111111111111111111111110111110001111111001111110111111111111
111111181011111111111111101111011111111111111111111111111111111110111111010111111010000001111111111111
111111811011111111111111100000011111111111111111111111111111111111011100111011111010101111111111111111
111111811011111111111111101111011111111111111111111111111111111111101011111101111010101111111111111111
111111811101111111111111101111011111111111111111111111111111111111110111111110011010101111111111111111
111111811101111111111111101111011111111111111111111111111111111111101111111111101010101111111111111111
111118111101111111111111101111011111111111111111111111111111111111011111111111110010101111111111111111
111118111101111111111111100011011111111111111111111111111111111110111111111111111010101111111111111111
111118111101111111111111101100011111111111111111111111111111111101011111111111111100000001111111111111
111181111110111111111111101111011111111111111111111111111111111011101111111111110011111100111111111111
111181111110111111111111101111011111111111111111111111111111110111110011111111101111111011011111111111
111181111111011111111110001111011111111111111111111111111111110111111101000000011111110111101111111111
111181111111000000000001101111011111111111111111111111111111110111111110111111111111110111110111111111
111181111111011111111111011111011000000000011111111111111111101001111000111111111111110111111001111111
111181111111011111111111011111011011111111100000011111111111011110100110111111111111101111111110111111
111181111111011111111111011111011011111111111111000000000000111111011101111111111111101111111111011111
111181111111101111111111011111011011111111111111011111101101011110111011111111111111101111111111101111
111181111111101111111111011111011011111111111111011111011101100101111011111111111111101111111111110111
111181111111101111111111011111000000000000000000000110111011111011111011111111111111011111111111111011
111181111111110111111111011111111111111111111111011000111001111011111011111111111110111111111111111011
111181111111110111111111011111111111111111111111011101111010110111110111111111111101111111111111111011
111181111111110111111111011111111111111111111111011011110111001111110000011111111101111111111111111011
111181111111111011111111011111111111111111111110111011110111110111110111100000000001111111111111111011
111181111111110000000000000000000011111111111110011011110111111011110111111101111101111111111111110111
111181111000001101111111011111110100111111111110100011101111111101101111111101111010000111111111101111
111181000111111101111111011111110111000011111110111011101111111101011111111101111011111011111111101111
111181101111111101111111101111110111111011111110111011101111111110011111111101111011111100000001101111
111181101111111101111111101111110111111011111110111011101111111110111111111000000011111111111110001111
111181110111111101111111101111110111111000000000111011011111111111011111111011110111111111111111111111
111181110111111101111111101111110111111111111111000000011111111111100011111011101111111111111111111111
111181110111111101111111101111110110001111111111111111011111111111101100000111101111111111111111111111
111181110111111101111111101110000001101111111111111111011111111111011111110111101111111111111111111111
111181110111111110000000000001111111101111111111111110111111111110111111111011101111111111111111111111
111181111011111111111111101111111111101111111111111110111111111101111111111011101111111111111111111111
111118111011111111111111101111111111101111111111111110111111111101111111111101011111111111111111111111
111118111101111111111111101111111111101111111111111101111100111011111111111100111111111111111111111111
111118111110111111111111101111111111101111111100000011111101000111000000000000111111111111111111111111
111111811111011111111111101111111111101111100011111001111011110111011111111110111111111111111111111111
111111811111011111111111101111111111101110011111111010010111110110111111111111011111111111111111111111
111111811111101111111111101111111111100001011111111011100000101101111111111111101111111111111111111111
111111181111110111111111101000000000001111101111111011110111001011111111111111101111111111111111111111
111111181111111011111111100111111111101111110111110111110111110000000000000000001111111111111111111111
111111181111111011111111101111111111101111110000000111110111110111111011111111101111111111111111111111
111111181111111011111111101111111111101111111111110111110111101111111011111111011111111111111111111111
111111181111111011111111101111111111101111111111110111110111101111111011111111011111111111111111111111
111111118111111101111111101111111111101111111111110111110111101111111011111110111111111111111111111111
111111118111111110111111101111111111101111111111110111110111011111110111111101111111111111111111111111
111111118111111110111111101111111111101111111111110000000000000001110111111101111111111111111111111111
111111118111111110111111101111111000001111111111110111111111111110001111111101111111111111111111111111
111111111811111110111111100000000111111111111111110111111111111111111111111011111111111111111111111111
111111111811111110111111101111111111111111111111110111111111111111111111111011111111111111111111111111
111111111181111111011111101111111111111111111111110111111111111111111111111011111111111111111111111111
111111111181111111011111101111111111111100000000000000000011111000000000000011111111111111111111111111
111111111118111111101111101111111111111101101110110111111101110111111111111011111111111111111111111111
111111111111811111101111110111111111111101101110110111111110001111111111111011111111111111111111111111
111111111111181111110111110000000000111101101110110111111111111111111111111011111111111111111111111111
111111111111118111111010001110111110111101101110110111111111111111111111111011111111111111111111111111
111111111111111811111101111110111111000000000000110111111111111111111111111011111111111111111111111111
111111111111111181111110111110000000111111111110000000000000000000000001111011111111111111111111111111
111111111111111118111111011111000000000000000001111111111111111111111110000011111111111111111111111111
111111111111111111811111101000111111111111111111111111111111111111111111111111111111111111111111111111
111111111111111111181111100111111111111111111111111111111111111111111111111111111111111111111111111111
111111111111111111118111101111111111111111111111111111111111111111111111111111111111111111111111111111
111111111111111111111811111111111111111111111111111111111111111111111111111111111111111111111111111111
144444444444444444444444444444444444444444444444444444444444444444444444444444444444444444444444444441
144444444444444444444444444444444444444444444444444444444444444444444444444444444444444444444444444441
144444444444444444444444444444444444444444444444444444444444444444444444444444444444444444444444444441
144444444444444444444444444444444444444444444444444444444444444444444444444444444444444444444444444441
144444444444444444444444444444444444444444444444444444444444444444444444444444444444444444444444444441
144444444444444444444444444444444444444444444444444444444444444444444444444444444444444444444444444441
144444444444444444444444444444444444444444444444444444444444444444444444444444444444444444444444444441
144444444444444444444444444444444444444444444444444444444444444444444444444444444444444444444444444441
144444444444444444444444444444444444444444444444444444444444444444444444444444444444444444444444444441
144444444444444444444444444444444444444444444444444444444444444444444444444444444444444444444444444441
111111111111111111111111111111111111111111111111111111111111111111111111111111111111111111111111111111