111111111111111111111111111111111111111111111111111111111111111111111111111111111111111111111111111111
111111111111111111111111111111111118888888888888888888888888888888888888888881111111111111111111111111
111111111111111111111111118888888888888888888888888888888888888888888888888811000000000000001111111111
111111111111111111118888888888888888888888888888888888111111111111111111111110011111111111110000000011
111111111111111188888888888888888888888888888111111111111011111111111111111101101111111111111111110011
111111111111888888888888888888888888888888111111111111110101111111111111111011101111111111111111001011
111111111118888888888888888888888888888811111111111110001110111111101111110111110111111111111110111011
111111111888888888888888888888888888111111111111111110011111000000010111001111110111111111111101111011
111111188888888888888888888888881111111111111111111101101111101111111010111111111011111111111011111011
111111888888888888888888888111111111111111111111111101101111101111111101111111111101111111110111111011
111118888888888888888888811111111111111111111111110011101111101111111010001111111011111100001111111011
111118888888888888888881111111111111111111000000001011101111101111110111110000000111111011111111111011
111188888888888888888111111111111111110000111101110111101111100000001111111101111001110111111111111011
111188888888888888881111111111111111101111111101110111101111101111110011111011111110001111111111111011
111188888888888888811111111111111110011111111101110111101111101111111100110111111111101111111111111011
111888888888888881111111111111111001111111111101110111101111101111111111000000011111011111111111111011
111888888888888811111111111110000011111111111110000000000000001111111110111111101110111111111111111011
118888888888888111111111111101101100011111111110110111101111100011111101111111110101111111111111111011
118888888888811111111111110011101111101111111110110111101111101100011011111111111011111111111111111011
118888888888111111111110000011101111110000000000000000001111101111100111111111110111111111111111111011
188888888881111111111101101101101111111111111111110111101111101111011111111111101111111111111111111011
188888888811111111111011101110101111111111111111110111101111101111011111111111011111111111111111111011
188888888111111111110111101111000000000001111111110111101111101111011111111110111111111111111111111011
188888888111111111101111101111101111111110000000000000000000000000111111111101111111111111111100000011
188888888111111111011111101111101111111111111111111111111111111110011111111011111111111111111011111111
188888888111110000111111101111101111111111111111111111111111111110101111110111111111111111100111111111
188888881111101111111111101111011111111111111111111111111111111110110011110111111111111110011111111111
188888881111011111111111101111011111111111111111111111111111111110111100001111111001111001111111111111
188888881000111111111111101111011111111111111111111111111111111110111110110111111010000111111111111111
188888811011111111111111100111011111111111111111111111111111111111011101111011111010101111111111111111
188888811101111111111111101000011111111111111111111111111111111111101011111101111010101111111111111111
188888811101111111111111101111011111111111111111111111111111111111110111111110111010101111111111111111
188888811110111111111111101111011111111111111111111111111111111111101111111111011010101111111111111111
188888111110111111111111101111011111111111111111111111111111111111011111111111100010101111111111111111
188888111110111111111111100001011111111111111111111111111111111110111111111111111000101111111111111111
188888111110111111111111101110011111111111111111111111111111111101011111111111111110000001111111111111
188881111110111111111111101111011111111111111111111111111111111011101111111110000001111010111111111111
188881111110111111111111101111011111111111111111111111111111110111110111110001111111111011011111111111
188881111111000000000000001111011111111111111111111111111111110111111001001111111111111011101111111111
188881111111011111111111101111011111111111111111111111111111110111111100111111111111111011110111111111
188881111111011111111111101111011011111111111111111111111111101001110010111111111111110111111001111111
188881111111101111111111101111011000000000000000000000011111011110101110111111111111110111111110111111
188881111111101111111111101111011011111111111111011111100000111111011110111111111111101111111111011111
188881111111101111111111101111011011111111111111011111011101011110111110111111111111101111111111101111
188881111111101111111111101111011011111111111111011111011101100101111101111111111111101111111111110111
188881111111110111111111101111000000000000000000000011011101111011111101111111111111101111111111111011
188881111111111011111111101111111111111111111111011100111001110111111011111111111111011111111111111011
188881111111111011111111101111111111111111111111011110111010010111110111111111111110111111111111111011
188881111111111101111111011111111111111111111111011101110111101111101000111111111101111111111111111011
188881111111111101111111011111111111111111111111011101110111110111101111000000000101111111111111110111
188881111100000000000000000000000111111111111110111011110111111011011111111101111000000001111111101111
188881110011111101111111011111110000111111111110000011101111111010111111111011111011111110000111101111
188881001111111101111111011111111011000011111110111011101111111100111111111011111011111111111011101111
188881101111111101111111011111111011111011111110111011101111111100111111111011111011111111111100001111
188881101111111101111111101111111011111011111110110111101111111110111111111000000011111111111111101111
188881110111111101111111101111111011111000000000110111011111111111011111110111111011111111111111111111
188881111011111101111111101111111011111111111111000011011111111111100001110111110111111111111111111111
188881111011111101111111101111111011101111111111111100011111111111011110000111110111111111111111111111
188881111101111110111111101100000000001111111111111111011111111111011111110111101111111111111111111111
188881111101111110000000000011111111101111111111111111011111111110111111111011101111111111111111111111
188881111110111111111111101111111111101111111111111110111111111110111111111011011111111111111111111111
188888111110111111111111101111111111101111111111111110111111111101111111111010111111111111111111111111
188888111111011111111111101111111111101111111111111101111100011011111111111100111111111111111111111111
188888111111101111111111101111111111101111111111111011111101100111000000000000111111111111111111111111
188888811111101111111111101111111111101111111110000101111011101111011111111110111111111111111111111111
188888811111101111111111101111111111101111000001110110011011011110111111111110111111111111111111111111
188888811111110111111111101111111111101000011111110111100011011110111111111111011111111111111111111111
188888881111110111111111101111111100000111101111110111110100001101111111111111101111111111111111111111
188888881111110111111111100000000011101111110111110111110111110000000000000000001111111111111111111111
188888881111111011111111101111111111101111110000000111110111110111111011111111101111111111111111111111
188888881111111011111111101111111111101111111111110111110111110111110111111111101111111111111111111111
188888881111111011111111101111111111101111111111110111110111110111110111111111011111111111111111111111
188888888111111011111111101111111111101111111111110111110111110111110111111111011111111111111111111111
188888888111111011111111101111111111101111111111110111110111101111101111111111011111111111111111111111
188888888111111011111111101111111111101111111111110000000000011111101111111111011111111111111111111111
188888888111111101111111101111100000001111111111110111111111100000001111111111011111111111111111111111
188888888811111110111111100000011111111111111111110111111111111111111111111110111111111111111111111111
188888888811111110111111101111111111111111111111110111111111111111111111111101111111111111111111111111
188888888881111111011111101111111111111111111111110111111111111111111111111101111111111111111111111111
188888888881111111101111110111111111111100000000000011111111111111111111000011111111111111111111111111
188888888888111111101111110111111111111101101110110100011111111111100000111011111111111111111111111111
188888888888811111110111110111111111111101101110110111100000000000011111111011111111111111111111111111
188888888888881111111011110000000000111101101110110111111111111111111111111011111111111111111111111111
188888888888888111111101001110111111011101101110110111111111111111111111111011111111111111111111111111
188888888888888811111100111110000000000000000000110111111111111111111111111011111111111111111111111111
188888888888888881111110111110111111111111111110000000000000111111111111111011111111111111111111111111
188888888888888888111110111111111111111000000001111111111111000000000000000011111111111111111111111111
188888888888888888811111011111110000000111111111111111111111111111111111111111111111111111111111111111
188888888888888888881111011111001111111111111111111111111111111111111111111111111111111111111111111111
188888888888888888888111100000111111111111111111111111111111111111111111111111111111111111111111111111
188888888888888888888811111111111111111111111111111111111111111111111111111111111111111111111111111111
144444444444444444444444444444444444444444444444444444444444444444444444444444444444444444444444444441
144444444444444444444444444444444444444444444444444444444444444444444444444444444444444444444444444441
144444444444444444444444444444444444444444444444444444444444444444444444444444444444444444444444444441
144444444444444444444444444444444444444444444444444444444444444444444444444444444444444444444444444441
144444444444444444444444444444444444444444444444444444444444444444444444444444444444444444444444444441
144444444444444444444444444444444444444444444444444444444444444444444444444444444444444444444444444441
144444444444444444444444444444444444444444444444444444444444444444444444444444444444444444444444444441
144444444444444444444444444444444444444444444444444444444444444444444444444444444444444444444444444441
144444444444444444444444444444444444444444444444444444444444444444444444444444444444444444444444444441
144444444444444444444444444444444444444444444444444444444444444444444444444444444444444444444444444441
111111111111111111111111111111111111111111111111111111111111111111111111111111111111111111111111111111