111111111111111111111111111111111111111111111111111111111111111111111111111111111111111111111111111111
111111111111111111111111111111111111111111111111111111111111111111111111111181111111111111111111111111
111111111111111111111111111111111111111111111111111111888888888888888888888810000001111111111111111111
111111111111111111111111111111111111111111111888888888111111111111111111111101011110000000000000000011
111111111111111111111111111111111111111111888111111111100011111111111111111011101111111111111111110011
111111111111111111111111111111111111111188111111111111011101111111111111110111110111111111111111101011
111111111111111111111111111111111111888811111111111110111110111000001111101111111011111111111111011011
111111111111111111111111111111118888111111111111111101011111000111110111011111111011111111111110111011
111111111111111111111111111888881111111111111111111101101111011111111010111111111011111111111001111011
111111111111111111111111118111111111111111111111111011101111011111111100011111110001111111000111111011
111111111111111111111111811111111111111111111111100011101111101111111011100000101111111110111111111011
111111111111111111111181111111111111111111110000011011101111101111110111111110001111111101111111111011
111111111111111111118111111111111111111000001101110111101111101111001111111101110111110011111111111011
111111111111111111181111111111111111000111111110110111101111100000110001111011111000001111111111111011
111111111111111111811111111111111110111111111110110111101111101111111110010111111111101111111111111011
111111111111111181111111111111111101111111111110110111101111101111111111101111111111011111111111111011
111111111111111811111111111111000011111111111110000000000000000111111111010000111110111111111111111011
111111111111118111111111111000100000111111111110110111101111101001111100111111011101111111111111111011
111111111111811111111111110111101111001111111110110111101111101110110011111111100011111111111111111011
111111111118111111111111001111101111110000000000000000001111101111001111111111110111111111111111111011
111111111181111111111110100001101111111111111111110111101111101111101111111111101111111111111111111011
111111111811111111111101101110001111111111111111110111101111101111101111111111011111111111111111111011
111111118111111111100011101111100000000000111111110111101111101111101111111110111111111111111111111011
111111118111111111011111101111011111111111000000000000000000000001011111111101111111111111111111111011
111111118111111110111111101111011111111111111111111111111111111110001111111011111111111111111111100111
111111118111110001111111101111011111111111111111111111111111111110110011110111111111111111111110011111
111111181111101111111111101111011111111111111111111111111111111110111100101111111111111111111101111111
111111181100011111111111101111011111111111111111111111111111111110111111001111111011111111000011111111
111111181011111111111111101111011111111111111111111111111111111110111111010111111000000000111111111111
111111811011111111111111101111011111111111111111111111111111111111011110111001111010101111111111111111
111111811011111111111111100000011111111111111111111111111111111111101001111110111010101111111111111111
111111811011111111111111101111011111111111111111111111111111111111110111111111011010101111111111111111
111111811101111111111111101111011111111111111111111111111111111111101111111111101010101111111111111111
111118111110111111111111101111011111111111111111111111111111111111011111111111110010101111111111111111
111118111110111111111111100011011111111111111111111111111111111110111111111111111010101111111111111111
111118111110111111111111101100011111111111111111111111111111111110011111111111110000000001111111111111
111181111110111111111111101111011111111111111111111111111111111101101111111111001111111010011111111111
111181111111011111111111101111011111111111111111111111111111111011110011111110111111111011101111111111
111181111111011111111111101111011111111111111111111111111111111011111101110001111111110111110111111111
111181111111000000000000001111011111111111111111111111111111110111111110001111111111110111111011111111
111181111111011111111111101111011000000000011111111111111111101011111100111111111111110111111101111111
111181111111011111111111101111011011111111100000001111111111011100100010111111111111110111111110111111
111181111111101111111111101111011011111111111111010000000000111111011110111111111111101111111111011111
111181111111101111111111101111011011111111111111011111011110001110111110111111111111101111111111101111
111181111111110111111111101111011011111111111111011111011101110101111101111111111111101111111111110111
111181111111111011111111101111000000000000000000000000111101111011111011111111111111101111111111111011
111181111111111011111111101111111111111111111110111110111011110111110111111111111111011111111111111011
111181111111111101111111101111111111111111111110111101111000110111110000001111111110111111111111110111
111181111111111101111111011111111111111111111110111101111011001111101111110011111101111111111111110111
111181111111111101111111011111111111111111111110111101111011101111101111111100111101111111111111110111
111181111111000000000000000000000001111111111110011011110111110111101111111101000000011111111111101111
111181110000111101111111011111110110001111111110100011110111110111011111111011111011101111111111101111
111181001111111101111111101111110111110011111110111011110111111010111111111011111011110111111111101111
111181101111111101111111101111110111111011111110110111101111111100111111111011111011111000000000001111
111181110111111101111111101111110111111011111110110111011111111110111111111000000011111111111111101111
111181110111111110111111101111110111111000000000110111011111111111011111110111111011111111111111111111
111181111011111110111111101111110111111111111111000111011111111111100000110111111011111111111111111111
111181111011111110111111101111110100001111111111111000011111111111011111000111110111111111111111111111
111181111101111110111111101111000011101111111111111111011111111110111111111011101111111111111111111111
111181111101111110000000000000111111101111111111111111011111111101111111111011101111111111111111111111
111181111110111111111111101111111111101111111111111111011111111101111111111011011111111111111111111111
111118111110111111111111101111111111101111111111111110111111111011111111111100111111111111111111111111
111118111111011111111111101111111111101111111111111101111100000111111111111100111111111111111111111111
111118111111011111111111101111111111101111111110000000111101110111000000000000111111111111111111111111
111111811111011111111111101111111111101111111001111011011011101110111111111110111111111111111111111111
111111811111011111111111101111111111101000000111111011101011101101111111111110111111111111111111111111
111111811111011111111111101111111111100111101111111011110111101101111111111110111111111111111111111111
111111181111011111111111101111111000001111110111111011110000011101111111111111011111111111111111111111
111111181111101111111111100000000111101111110111111011110111100000000000000000001111111111111111111111
111111181111110111111111101111111111101111110000000111110111110111111101111111011111111111111111111111
111111181111111011111111101111111111101111111111110111110111110111111011111110111111111111111111111111
111111181111111011111111101111111111101111111111110111110111110111111011111101111111111111111111111111
111111118111111011111111101111111111101111111111110111110111110111110111111101111111111111111111111111
111111118111111101111111101111111111101111111111110111110111101111101111111101111111111111111111111111
111111118111111101111111101111111111101111111111110000000000000001101111111011111111111111111111111111
111111118111111101111111101100000000001111111111110111111111111110001111111011111111111111111111111111
111111111811111101111111100011111111111111111111110111111111111111111111111011111111111111111111111111
111111111811111110111111101111111111111111111111110111111111111111111111111011111111111111111111111111
111111111181111111011111110111111111111111111111110111111111111111111111111011111111111111111111111111
111111111181111111101111110111111111111100000000000111111111111111111111111011111111111111111111111111
111111111118111111101111110111111111111101101110110000011111111000000000000011111111111111111111111111
111111111111811111110111110111111111111101101110110111100000000111111111111011111111111111111111111111
111111111111181111111011110000000000111101101110110111111111111111111111111011111111111111111111111111
111111111111118111111101001110111110111101101110110111111111111111111111111011111111111111111111111111
111111111111111811111100111110111110000000000000110111111111111111111111111011111111111111111111111111
111111111111111181111110111110000001111111111000000000000001111111111111111011111111111111111111111111
111111111111111118111110111111111111111000000111111111111110000000000000000011111111111111111111111111
111111111111111111811111011110000000000111111111111111111111111111111111111111111111111111111111111111
111111111111111111181111100001111111111111111111111111111111111111111111111111111111111111111111111111
111111111111111111118111101111111111111111111111111111111111111111111111111111111111111111111111111111
111111111111111111111811111111111111111111111111111111111111111111111111111111111111111111111111111111
144444444444444444444444444444444444444444444444444444444444444444444444444444444444444444444444444441
144444444444444444444444444444444444444444444444444444444444444444444444444444444444444444444444444441
144444444444444444444444444444444444444444444444444444444444444444444444444444444444444444444444444441
144444444444444444444444444444444444444444444444444444444444444444444444444444444444444444444444444441
144444444444444444444444444444444444444444444444444444444444444444444444444444444444444444444444444441
144444444444444444444444444444444444444444444444444444444444444444444444444444444444444444444444444441
144444444444444444444444444444444444444444444444444444444444444444444444444444444444444444444444444441
144444444444444444444444444444444444444444444444444444444444444444444444444444444444444444444444444441
144444444444444444444444444444444444444444444444444444444444444444444444444444444444444444444444444441
144444444444444444444444444444444444444444444444444444444444444444444444444444444444444444444444444441
111111111111111111111111111111111111111111111111111111111111111111111111111111111111111111111111111111