1111111111111111111111111111111111111111111111111111111111111111111111111111111111111111111111111111111111111111111111111111111111111111111111111111111111111111111111111111111111111111111111111111111111
1111111111111111111111111111111111111111111111111111111111111111111111111111111111111111111111111111111111111111111111111111111111111111111111111111111111111111111111111111111111111111111111111111111111
1111111111111111111111111111111111111111111111111111111111111111111111111111111111111111111111111111111111111111111111111111111111111111111111111111111111111111111111111111111111111111111111111111111111
1111111111111111111111111111111111111111111111111111111111111111111111111111111111111111111188888888888888888888881111111111111111111111111111111111111111111111111111111111111111111111111111111111111111
1111111111111111111111111111111111111111111111111111111111111111111111111111111111111888888811111111111111111111118111111111111111111111111111111111111111111111111111111111111111111111111111111111111111
1111111111111111111111111111111111111111111111111111111111111111111111111111118888888111111111111111111111100000011888111111111111111111111111111111111111111111111111111111111111111111111111111111111111
1111111111111111111111111111111111111111111111111111111111111111111111888888881111111111110000000000000000001111100111811111111111111111111111111111111111111111111111111111111111111111111111111111111111
1111111111111111111111111111111111111111111111111111111111111188888888111000000000000000001111111111111111101111111000188811111111111111111111111111111111111111111111111111111111111111111111111111111111
1111111111111111111111111111111111111111111111111111111888888811110000000011111101111111111111111111111111011111110111011188111111111111111111111111111111111111111111111111111111111111111111111111111111
1111111111111111111111111111111111111111111111118888888111111111001111110111111110111111111111111111111111011111101111100111881111111111111111111111111111111111111111111111111111111111111111111111111111
1111111111111111111111111111111111188888888888881111111111111000111111110111111110111111111111111111111111011111101111110001118811111111111111111111111111111111111111111111111111111111111111111111111111
1111111111111111111111111111188888811111111111111111111111110111111111101111111111011111111111111111111111011111101111101110111188111111111111111111111111111111111111111111111111111111111111111111111111
1111111111111111111111118888811111111111111111111111111110001111111111011111111111011111111111111111111110111111101111011111001111881111111111111111111111111111111111111111111111111111111111111111111111
1111111111111111111118881111111111111111111000000000000001011111111110111111111111101111111111111111111110111111011111011111110111118881111111111111111111111111111111111111111111111111111111111111111111
1111111111111111111188111111111111111111110111111111111110111111111101111111111110010111111111111111111110111111011111011111111011111118811111111111111111111111111111111111111111111111111111111111111111
1111111111111111118811111111111111111110001111111111111101111111111011111111111001111011111111111111111100111111011110111111111101111111188111111111111111111111111111111111111111111111111111111111111111
1111111111111111881111111111111111110001111111111111110010111111110111111111110111111101111111111111000010111111011110111111111100011111111881111111111111111111111111111111111111111111111111111111111111
1111111111111888111111111111111111001111111111111111001111011111101111111111101111111110111111111100111110111111011110111111111101101111111118881111111111111111111111111111111111111111111111111111111111
1111111111111811111111111111111110111111111111111110111111101110011111111110011111111111011111110011111101111111011110111111111101110111111111118811111111111111111111111111111111111111111111111111111111
1111111111881111111111111111110001011111111111111101111111110101101111111001111111111111011111101111111101111111011110111111111101111000001111111188811111111111111111111111111111111111111111111111111111
1111111188111111111111111111101111011111111111110011111111111011110111110111111111111111101110011111111101111111011110111111111101111111110011111111188111111111111111111111111111111111111111111111111111
1111118811111111111111111111011111101111111110001111111111100101111011101111111111111111110101111111111101111111011110111111111101111111111101111111111811111111111111111111111111111111111111111111111111
1111181111111111111111111100111111110111111001111111111111011110111101011111111111111111111011111111111011111111011110111111111101111111111110111111111181111111111111111111111111111111111111111111111111
1118111111111111111111100011111111110111110111111111111110111111011110111111111111111111110101111111111011111110111101111111111101111111111111011111111111811111111111111111111111111111111111111111111111
1181111111111111111111001111111111111011101111111111111101111111010001011111111111111111101110111111110000111110111011111111111101111111111111101111111111181111111111111111111111111111111111111111111111
1111111111111111110000101111111111111101011111111111111011111111001111101111111111111110011110111111100111000000000000111111111101111111111111110011111111118111111111111111111111111111111111111111111111
1111111111111111101111101111111111111100111111111111000111111100111111110111111111111101111110110000001111111110111011011111111101111111111111111100011111111811111111111111111111111111111111111111111111
1111111111111111011111101111111111111010111111111110111111111011111111111011111111110011111110101111011111111101110111100000000011111111111111111111101111111181111111111111111111111111111111111111111111
1111111111111110011111110111111111100110111111111101111111110111111111111011111111101111111111011111011111111101110111101111111011111111111111111111110111111111811111111111111111111111111111111111111111
1111111111111101011111111011111111011011011111111011111111101111111111111101111111101111111110101110111111111101101111101111111011111111111111111111101011111111181111111111111111111111111111111111111111
1111111111111011011111111101111110111101101111100101111111011111111111111110111111110111111101110110111111111101011111101111111011111111111111111110001101111111118111111111111111111111111111111111111111
1111111111110111011111111110111101111101101111011110111100111111111111111110111111111011110011110110111111111011011111101111111011111111111111111101011110111111111811111111111111111111111111111111111111
1111111111101111011111111111010011111110110110111111011011111111111111111111011111111101001111111010111111110111011111101111111011111111111111111011011111001111111181111111111111111111111111111111111111
1111111111101111011111111111101111111110110001111111100111111111111111111111011111111110111111111100111111110110111111011111111011111111111111110111011111110111111111811111111111111111111111111111111111
1111111111011111011111111111101111111111001111111111101111111111111111111111101111111101000000000000000000000000000000000000111011111111111000001110111111111001111111181111111111111111111111111111111111
1111111110111110001111111111101111111111011111111111011111111111111111111111101111100011111111111111111111101111111111011111000011111111110111111110111111111110111111118111111111111111111111111111111111
1111111111010001110111111111110111111110111111111110111111111111111111111111110110011111111111111111111111101111111111011111111011111111001111111110111111111111011111111811111111111111111111111111111111
1111111111001111111000001111111011111101111111111101111111111111111111111111111001111111111111111111111111101111111111011111111011111110111111111101111111111111101111111181111111111111111111111111111111
1111111111011111111110110011111011110011111111110011111111111111111111111111111101111111111111111111111111101111111111011111110111111101111111111101111111111111110111111111811111111111111111111111111111
1111111100101111111001111101111101101111111110001111111111111111111111111111111110111111111111111111111111011111111111011111110111110011111111111101111111111111111011111111181111111111111111111111111111
1111111011110111110111111110011100011111111101111111111111111111111111111111111110111111111111111111111111011111111111011111110111101111111111111101111111111111111101111111118111111111111111111111111111
1111110111110110001111111111101001111111111011111111111111111111111111111111111110111111111111111111111111011111111111011111110111011111111111111011111111111111111110001111118111111111111111111111111111
1111101111111001111111111111110110111111110111111111111111111111111111111111111110111111111111111111111111011111111111011111110110111111111111111011111111111111111111110111111811111111111111111111111111
1111011111110011111111111111101110111111101111111111111111111111111111111111111110111111111111111111111111000000000011011111110101111111111111111011111111111111111111111011111181111111111111111111111111
1110111111001101111111111110011111011111011111111111111111111111111111111111111111011111111111111111111110101111111100011111110011111111111111110111111111111111111111111101111118111111111111111111111111
1101111110111110111111111101111111101100111111111111111111111111111111111111111111101111111111111111111101101111111111011111110111111111111111101111111111111111111111111110011111811111111111111111111111
1101111001111111011111100011111111101011111111111111111111111111111111111111111111101111111111111111111011101111111111011111100111111111111111011111111111111111111111110001111111811111111111111111111111
1110110111111110101111011111111111100111111111111111111111111111111111111111111111101111111111111111110111101111111111011111010111111111111111011111111111111111100000001111111111181111111111111111111111
1110001111111101110100111111111111011011111111111111111111111111111111111111111111110111111111111111101111101111111111011110110111111111111110111111111111111110011111111111111111118111111111111111111111
1110111111111011111011111111111110111011111111111111111111111111111111111111111111110111111111111110011111101111111111011101110111111111111110111111111111000001111111111111111111111811111111111111111111
1110111111110111100011111111111101111011111111111111111111111111111111111111111111110111111111111101111111101111111111000011110111111111111110111111110000111111111111111111111111111811111111111111111111
1111011100001110011011111111111011111011111111111111111111111111111111111111111111110111111111111011111111110111111111011111110111111111111101111111001111111111111111111111111111111118111111111111111111
1111000011111101111011111111100111111101111111111111111111111111111111111111111111111011111111110111111111110111111100111111110111111111111011111100111111111111111111111111111111111118111111111111111111
1111011111110011111101111111011111111110111111111111111111111111111111111111111111111101111111101111111111110111110011111111110111111111110111100011111111111111111111111111111111111111181111111111111111
1111100111001111111110111100111111111110111111111111111111111111111111111111111111111101111111011111111111110111101111111111110111111111110000011111111111111111111111111111111111111111181111111111111111
1111111010111111111111010011111111111111011111111111111111111111111111111111111111111101111110111111111111110110011111111111111011111111100111111111111111111111111111111111111111111111118111111111111111
1111111101111111111111001111111111111111011111111111111111111111111111111111111111111101111101111111111111110101111111111111111011111110010111111111111111111111111111111111111111111111111811111111111111
1111111101111111111110110111111111111111011111111111111111111111111111111111111111111101111011111111111111110011111111111111110000000001110111111111111111111111111111111111111111111111111811111111111111
1111111101111111111101111011111111111111101111111111111111111111111111111111111111111101110111111111111111100000000000000000001011111111111011111111111111111111111111111111111111111111111811111111111111
1111111101111111111011111011111111111111101111111111111111111111111111111111111111111101101111000000000000011111111111011111111011111111111011111111111111111111111111111111111111111111111181111111111111
1111111101111111110111111011111111111111110111111111111111111111111111111111111111111100000000111111111111111111111111011111111011111111111011111111111111111111111111111111111111111111111181111111111111
1111111101111100001111111011111111111111110111111111111111111111111111111111111111111000011111111111111111111111111111011111111101111111111011111111111111111111111111111111111111111111111118111111111111
1111111110111011111111111011111111111111111011111111111111111111111111111000000000000101111111111111111111111111111111011111111101111111111011111111111111111111111111111111111111111111111111811111111111
1111111110110111111111111101111111111111111101111111111111111111111100000111111111111101111111111111111111111111111111011111111101111111111011111111111111111111111111111111111111111111111111181111111111
1111111111001111111111111101111111111111111101111111000000000000000011111111111111111101111111111111111111111111111111011111111101111111111011111111111111111111111111111111111111111111111111181111111111
1111111111011111111111111110111111111111111101100000110111111111011111111111111111111101111111111111111111111111111111011111111101111111111011111111111111111111111111111111111111111111111111118111111111
1111111111101111111111111111011111111110000000011011111011111111101111111111111111111101111111111111111111111111111111011111111101111111111011111111111111111111111111111111111111111111111111118111111111
1111111111101111111111111111101111111000111101111011111011111111101111111111111111111101111111111111111111111111111111011111111110111111111011111111111111111111111111111111111111111111111111111811111111
1111111111101111111111111111101111000101111101111011111011111111101111111111111111111110111111111111111111111111111111011111111110111111111011111111111111111111111111111111111111111111111111111811111111
1111111111101111111111111111110000111011111101111011111101111111101111111111111111111110111111111111111111111111111111011111111110111111111011111111111111111111111111111111111111111111111111111181111111
1111111111101111111111111111101111110111111101111011111101111111101111111111111111111110111111111111111111111111111111101111111110111111111101111111111111111111111111111111111111111111111111111181111111
1111111111101111111111111111011111101111111101111011111101111111101111111111111111111110111111111111111111111111111111101111111110111111111101111111111111111111111111111111111111111111111111111118111111
1111111111101111111111100000111111011111111100001011111101111111101111111111111111111110111111111111111111111111111111101111111110111111111101111111111111111111111111111111111111111111111111111118111111
1111111111101110000000011111111110111111111101110011111101111111101111111111111111111110111111111111111111111111111111101111111110111111111101111111111111111111111111111111111111111111111111111111811111
1111111111101001111111111111111101111111111011111000000001111111101111111111111111111110111111111111111111111111111111110111111110111111111101111111111111111111111111111111111111111111111111111111811111
1111111111100111111111111111111011111111110111110111111101111111101111111111111111111110111111111111111111111111111111110111111110111111111101111111111111111111111111111111111111111111111111111111811111
1111111111101111111111111111110111111111110111110111111101111111101111111111111111111110111111111111111111111111111111110111111110111111111101111111111111111111111111111111111111111111111111111111811111
1111111111101111111111111111001111111111110111110111111101111111101111111111111111111111011111111111111111111111111111111011111110111111111101111111111111111111111111111111111111111111111111111111811111
1111111111101111111111111110111111111111101111110111111101111111101111111111111111111111011111111111111111111111111111111011111110111111111101111111111111111111111111111111111111111111111111111111811111
1111111111101111111111111101111111111111011111110111111101111111101111111111111111111111011111111111111111111111111110000011111110111111111101111111111111111111111111111111111111111111111111111111811111
1111111111101111111111111011111111111111011111110111111101111111101111111111111111111111011111111111111111111111111101111111111110111111111101111111111111111111111111111111111111111111111111111111811111
1111111111101111111111110111111111111111011111101111111101111111101111111111111111111111011111111111111111111111110011111111111110111111111101111111111111111111111111111111111111111111111111111111811111
1111111111101111111111101111111111111111011111101111111101111111110111111111111111111111011111111111111111111111101111111111111110111111111101111111111111111111111111111111111111111111111111111111811111
1111111111101111111111011111111111111111011111011111111101111111110111111111111111111111011111111111111111111111101111111111111110111111111101111111111111111111111111111111111111111111111111111111811111
1111111111101111111100111111111111111111011111011111100001111111110111111111111111111111011111111111111111111111011111111111111110000000000001111111111111111111111111111111111111111111111111111111811111
1111111111101111111011111111111111111111000000000000011101111111111011111111111111111111011111111111111111111110111111111111111101111111111101111111111111111111111111111111111111111111111111111111811111
1111111111101111110111111111111111111111111111101111111101111111111011111111111111111111101111111111111111111101111111111111111011111111111101111111111111111111111111111111111111111111111111111111811111
1111111111101111101111111111111111111111111111101111111101111111111011111111111111111111101111111111111111111101111111111110000111111111111101111111111111111111111111111111111111111111111111111111811111
1111111111101111011111111111111111111111111111101111111101111111111011111111111111111111101111111111111111111011111111111001111111111111111101111111111111111111111111111111111111111111111111111118111111
1111111111101110111111111111111111111111111111101111111110111111111011111111111111111111101111111111111111111000000000000111111111111111111101111111111111111111111111111111111111111111111111111118111111
1111111111101101111111111111111111111111111111101111111110111111111011111111111111111111101111111000000000000011111111111111111111111111111101111111111111111111111111111111111111111111111111111118111111
1111111111101011111111111111111111111111111111101111111110111111111011111110000000000000000000000111111111110111111111111111111111111111111101111111111111111111111111111111111111111111111111111181111111
1111111111100111111111111111111111111111111111101111111110111111111000000001111111111111101111111111111111111011111111111111111111111111111101111111111111111111111111111111111111111111111111111181111111
1111111111100000000001111111111111111111111111101111111110111111111011111111111111111111101111111111111111111011111111111111111111111111111101111111111111111111111111111111111111111111111111111811111111
1111111111101111111110000000000000000000000000001111111110111111111011111111111111111111101111111111111111111101111111111111111111111111111101111111111111111111111111111111111111111111111111111811111111
1111111111110111111111111111111111111111111111101111111110111111111101111111111111111111101111111111111111111101111111111111111111111111111011111111111111111111111111111411111111111111111111118111111111
1111111111111011111111111111111111111111111111110111111110111111111101111111111111111111101111111111111111111101111111111111111111111111111011111111111111111111111111114444411111111111111111181111111111
1111111111111101111111111111111111111111111111110111111110111111111101111111111111111111110111111111111111111101111111111111111111111111111011111111111111111111111111144444444441111111111111181111111111
1111111111111101111111111111111111111111111111110111111110111111111101111111111111111111110111111111111111111101111111111111111111111111111011111111111111111111111111144444444444444111111111811111111111
1111111111111110111111111111111111111111111111110111111110111111111101111111111111111111110111111111111111111101111111111111111111111111111011111111111111111111111111144444444444444444411118111111111111
1111111111111111011111111111111111111111111111110111111110111111111101111111111111111111110111111111111111111101111111111111111111111111111011111111111111111111111111144444444444444444411118111111111111
1111111111111111011111111111111111111111111111110111111110111111111101111111111111111111111011111111111111111101111111111111111111100000000011111111111111111111111111444444444444444444111181111111111111
1111111111111111011111111111111111111111111111110111111111011111111101111111111111111111111011111111111111111101111111111111100000011111110111111111111111111111111111444444444444444444111181111111111111
1111111111111111101111111111111111111111111111111011000000011111111101111111111111111111111011111111111111111101111111100000011111111111101111111111111111111111111111444444444444444444111811111111111111
1111111111111111110111111111111111111111111111111010111111011111111101111111111111111111111011111111100000000000000000011111111111111111011111111111111111111111111114444444444444444441111811111111111111
1111111111111111110111111111111111111111111111111001111111011111111110111111111111111111111010000000011111111111111111111111111111111110111111111111111111111111111114444444444444444441118111111111111111
1111111111111111111011111111111111111111111111111111111111011111111110111111111111111111111001111111111111111111111111111111111111111101111111111111111111111111111114444444444444444441181111111111111111
1111111111111111111011111111111111111111111111111111111111011111111110111111111111111111111011111111111111111111111111111111111111111011111111111111111111111111111144444444444444444411181111111111111111
1111111111111111111011111111111111111111111111111111111111011111111110111111111111111111111011111111111111111111111111111111111111110111111111111111111111111111111144444444444444444411811111111111111111
1111111111111111111011111111111111111111111111111111111111011111111110111111111111111111111011111111111111111111111111111111111111101111111111111111111111111111111144444444444444444411811111111111111111
1111111111111111111011111111111111111111111111111111111111011111111110111111111111111111111011111111111111111111111111111111111111011111111111111111111111111111111444444444444444444118111111111111111111
1111111111111111111101111111111111111111111111111111111111011111111110111111111111111111111011111111111111111111111111111111111110111111111111111111111111111111111444444444444444444118111111111111111111
1111111111111111111101111111111111111111111111111111111111011111111110111111111111111111111011111111111111111111111111111111111110111111111111111111111111111111111444444444444444444444444444444411111111
1111111111111111111101111111111111111111111111111111111111011111111110111111111111111111111011111111111111111111111111111111111101111111111111111111111111111111114444444444444444444444444444444111111111
1111111111111111111101111111111111111111111111111111111111101111111110111111111111111111111011111111111111111111111111111111111011111111111111111111111111111111114444444444444444444444444444444111111111
1111111111111111111101111111111111111111111111111111111111101111111110111111111111111111111011111111111111111111111111111111110111111111111111111111111111111111114444444444444444444444444444441111111111
1111111111111111111101111111111111111111111111111111111111101111111110111111111111111111111011111111111111111111111111111111101111111111111111111111111111111111144444444444444444444444444444441111111111
1111111111111111111101111111111111111111111111111111111111101111111111011111111111111111111011111111111111111111111111111111011111111111111111111111111111111111144444444444444444444444444444441111111111
1111111111111111111101111111111111111111111111111111111111101111111111011111111111111111111011111111111111111111111111111110111111111111111111111111111111111111144444444444444444444444444444411111111111
1111111111111111111101111111111111111111111111111111111111101111111111011111111111111111111011111111111111111111111111111101111111111111111111111111111111111111444444444444444444444444444444411111111111
1111111111111111111110111111111111111111111111111111111111101111111111011111111111111111111101111111111111111111111111111011111111111111111111111111111111111111444444444444444444444444444444111111111111
1111111111111111111111011111111111111111111111111111111111101111111111011111111111111111111101111111111111111111111111110111111111111111111111111111111111111111444444444444444444444444444444111111111111
1111111111111111111111011111111111111111111111111111111111110111111111011111111000000000000001111111111111111111111111101111111111111111111111111111111111111114444444444444444444444444444441111111111111
1111111111111111111111101111111111111111111111111111111111110000000000000000000111111111111101111111111111111111111111101111111111111111111111111111111111111114444444444444444444444444444441111111111111
1111111111111111111111101111111111111111111111111111111111110111111111111111111111111111111110111111111111111111111111011111111111111111111111111111111111111114444444444444444444444444444441111111111111
1111111111111111111111101111111111111111111111111111111111110111111111111111111111111111111110111111111111111111111110111111111111111111111111111111111111111144444444444444444444444444444411111111111111
1111111111111111111111110111111111111111111111111111111111110111111111111111111111111111111110111111111111111111111101111111111111111111111111111111111111111144444444444444444444444444444411111111111111
1111111111111111111111111011111111111111111111111111111111110111111111111111111111111111111110111111111111111111111011111111111111111111111111111111111111111144444444444444444444444444444111111111111111
1111111111111111111111111011111111111111111111111111111111110111111111111111111111111111111110111111111111111111110111111111111111111111111111111111111111111444444444444444444444444444444111111111111111
1111111111111111111111111011111111111111111111111111111111110111111111111111111111111111111110111111111111111111101111111111111111111111111111111111111111111444444444444444444444444444444111111111111111
1111111111111111111111111011111111111111111111111111111111110111111111111111111111111111111111011111111111111111011111111111111111111111111111111111111111111444444444444444444444444444441111111111111111
1111111111111111111111111101111111111111111111111111111111110111111111111111111111111111111111011111111111111110111111111111111111111111111111111111111111114444444444444444444444444444441111111111111111
1111111111111111111111111101111111111111111111111111111111110111111111111111111111111111111111011111111111111101111111111111111111111111111111111111111111114444444444444444444444444444411111111111111111
1111111111111111111111111101111111111111111111111111111111110111111111111111111111111111111111101111111111111011111111111111111111111111111111111111111111114444444444444444444444444444411111111111111111
1111111111111111111111111101111111111111111111111111111111110111111111111111111111111111111111101111111111110101111111111111111111111111111111111111111111144444444444444444444444444444111111111111111111
1111111111111111111111111101111111111111111111111111111111110111111111111111111111111111111111101111111111101110111111111111111111111111111111111111111111144444444444444444444444444444111111111111111111
1111111111111111111111111110111111111111111111111111111111110111111111111111111111111111111111101111111111011111000011111111111111111111111111111111111111144444444444444444444444444444111111111111111111
1111111111111111111111111110111111111111111111111111111111110111111111111111111111111111111111110111111110111111111101111111111111111111111111111111111111444444444444444444444444444441111111111111111111
1111111111111111111111111110111111111111111111111111111111110111111111111111111111111111111111110111111110111111111011111111111111111111111111111111111111444444444444444444444444444441111111111111111111
1111111111111111111111111110111111111111111111111111111111111011111111111111111111111111111111110111111101111111111011111111111111111111111111111111111111444444444444444444444444444411111111111111111111
1111111111111111111111111111011111111111111111111111111111111011111111111111111111111111111111110111111011111111110111111111111111111111111111111111111114444444444444444444444444444411111111111111111111
1111111111111111111111111111101111111111111111111111111111111101111111111111111111111111111111111011110111111111110111111111111111111111111111111111111114444444444444444444444444444411111111111111111111
1111111111111111111111111111101111111111111111111111111111111101111111111111111111111111111111111011101111111111101111111111111111111111111111111111111114444444444444444444444444444111111111111111111111
1111111111111111111111111111101111111111111111111111111111111101111111111111111111111111111111111011011111111111101111111111111111111111111111111111111144444444444444444444444444444111111111111111111111
1111111111111111111111111111101111111111111111111111111111111101111111111111111111111111111111111011011111111111101111111111111111111111111111111111111144444444444444444444444444441111111111111111111111
1111111111111111111111111111101111111111111111111111111111111101111111111111111111111111111111111010111111111111101111111111111111111111111111111111111144444444444444444444444444441111111111111111111111
1111111111111111111111111111101111111111111111111111111111111100000000000000000000000000000001111001111111111111011111111111111111111111111111111111111444444444444444444444444444411111111111111111111111
1111111111111111111111111111110111111111111111111111111100000011111111111111111111111111111110000000111111111110111111111111111111111111111111111111111444444444444444444444444444411111111111111111111111
1111111111111111111111111111110111111111111111000000000011111111111111111111111111111111111111110111000011111101111111111111111111111111111111111111111444444444444444444444444444411111111111111111111111
1111111111111111111111111111110111111111111110111111111111111111111111111111111111111111111111101111111100111101111111111111111111111111111111111111114444444444444444444444444444111111111111111111111111
1111000000001111111111111111111011111111100001111111111111111111111111111111111111111111111111011111111111011101111111111111111111111111111111111111114444444444444444444444444444111111111111111111111111
1111011111110000000000111111111101111100011111111111111111111111111111111111111111111111111110111111111111100001111111111111111111111111111111111111114444444444444444444444444441111111111111111111111111
1110111111111111111111000000011110110011111111111111111111111111111111111111111111111111111101111111111111111101111111111111111111111111111111111111144444444444444444444444444441111111111111111111111111
1110111111111111111111111111100000000000000111111111111111111111111111111111111111111111111011111111111111111111111111111111111111111111111111111111144444444444444444444444444441111111111111111111111111
1110111111111111111111111111111111011111111000111111111111111111111111111111111111111111110111111111111111111111111111111111111111111111111111111111144444444444444444444444444411111111111111111111111111
1110111111111111111111111111111110111111111111001111111111111111111111111111111111111111101111111111111111111111111111111111111111111111111111111111144444444444444444444444444411111111111111111111111111
1110111111111111111111111111111101111111111111110000000000011111111111111111111111111111011111111111111111111111111111111111111111111111111111111111144444444444444444444444444411111111111111111111111111
1110111111111111111111111111111101111111111111111101111111100000000000000000000000111110111111111111111111111111111111111111111111111111111111111111144444444444444444444444444411111111111111111111111111
1101111111111111111111111111111101111111111111111101111111111111111101111111111111000000000111111111111111111111111111111111111111111111111111111111144444444444444444444444444411111111111111111111111111
1101111111111111111111111111111101111111111111111101111111111111111101111111111111111101111000000000111111111111111111111111111111111111111111111111144444444444444444444444444411111111111111111111111111
1101111111111111111111111111111101111111111111111101111111111111111101111111111111111101111111111111001111111111111111111111111111111111111111111111444444444444444444444444444411111111111111111111111111
1101111111111111111111111111111011111111111111111101111111111111111101111111111111111011111111111111010111111111111111111111111111111111111111111111444444444444444444444444444411111111111111111111111111
1101111111111111111111111111111011111111111111111101111111111111111011111111111111111011111111111111011000000000001111111111111111111111111111111111444444444444444444444444444411111111111111111111111111
1101111111111111111111111111111011111111111111111101111111111111111011111111111111111011111111111111011111111111110001111111111111111111111111111111444444444444444444444444444411111111111111111111111111
1101111111111111111111111111111011111111111111111101111111111111111011111111111111111011111111111111011111111111111101111111111111111111111111111111444444444444444444444444444411111111111111111111111111
1101111111111111111111111111111011111111111111111101111111111111111011111111111111111011111111111111011111111111111101111111111111111111111111111111444444444444444444444444444441111111111111111111111111
1101111111111111111111111111111011111111111111111101111111111111111011111111111111111011111111111111011111111111111101111111111111111111111111111114444444444444444444444444444444441111111111111111111111
1100000000111111111111111111111011111111111111111101111111111111111011111111111111111011111111111111011111111111111101111111111111111111111111111114444444444444444444444444444444444441111111111111111111
1111111111011111111111111111111011111111111111111011111111111111111011111111111111111011111111111110111111111111111101111111111111111111111111111114444444444444444444444444444444444444441111111111111111
1111111111101111111111111111111011111111111111111011111111111111111011111111111111111011111111111110111111111111111101111111111111111111111111111114444444444444444444444444444444444444444441111111111111
1111111111110000000000000000000001111111111111111011111111111111111011111111111111110111111111111110111111111111111101111111111111111111111111111114444444444444444444444444444444444444444444441111111111
1111111111111111111111111111111110000111111111111011111111111111111011111111111111110111111111111110111111111111111101111111111111111111111111111114444444444444444444444444444444444444444444444441111111
1111111111111111111111111111111111111000111111111011111111111111111011111111111111110111111111111110111111111111111011111111111111111111111111111144444444444444444444444444444444444444444444444444441111
1111111111111111111111111111111111111111000000001011111111111111111011111111111111110111111111111110111111111111111011111111111111111111111111111144444444444444444444444444444444444444444444444444444441
1111111111111111111111111111111111111111111111110000111111111111111011111111111111101111111111111110111111111111110111111111111111111111111111111144444444444444444444444444444444444444444444444444444441
1111111111111111111111111111111111111111111111111111000000000000000000111111111111101111111111111110111111111111110111111111111111111111111111111144444444444444444444444444444444444444444444444444444441
1111111111111111111111111111111111111111111111111111111111111111111111000000000001101111111111111110111111111111110111111111111111111111111111111144444444444444444444444444444444444444444444444444444441
1111111111111111111111111111111111111111111111111111111111111111111111111111111110000000111111111110111111111111110111111111111111111111111111111444444444444444444444444444444444444444444444444444444441
1111111111111111111111111111111111111111111111111111111111111111111111111111111111111111001111111110111111111111110111111111111111111111111111111444444444444444444444444444444444444444444444444444444441
1441111111111111111111111111111111111111111111111111111111111111111111111111111111111111110000000000001111111111110111111111111111111111111111111444444444444444444444444444444444444444444444444444444441
1444111111111111111111111111111111111111111111111111111111111111111111111111111111111111111111111111110000001111110111111111111111111111111111111444444444444444444444444444444444444444444444444444444441
1444444111111111111111111111111111111111111111111111111111111111111111111111111111111111111111111111111111110000000111111111111111111111111111111444444444444444444444444444444444444444444444444444444441
1444444444111111111111111111111111111111111111111111111111111111111111111111111111111111111111111111111111111111111111111111111111111111111111111444444444444444444444444444444444444444444444444444444441
1444444444444111111111111111111111111111111111111111111111111111111111111111111111111111111111111111111111111111111111111111111111111111111111114444444444444444444444444444444444444444444444444444444441
1444444444444444111111111111111111111111111111111111111111111111111111111111111111111111111111111111111111111111111111111111111111111111111111114444444444444444444444444444444444444444444444444444444441
1444444444444444444111111111111111111111111111111111111111111111111111111111111111111111111111111111111111111111111111111111111111111111111111114444444444444444444444444444444444444444444444444444444441
1444444444444444444444444444444444411111111111111111111111111111111111111111111111111111111111111111111111111111111111111111111111111111111111114444444444444444444444444444444444444444444444444444444441
1444444444444444444444444444444444444111111111111111111111111111111111111111111111111111111111111111111111111111111111111111111111111111111111114444444444444444444444444444444444444444444444444444444441
1444444444444444444444444444444444444441111111111111111111111111111111111111111111111111111111111111111111111111111111111111111111111111111111114444444444444444444444444444444444444444444444444444444441
1444444444444444444444444444444444444444411111111111111111111111111111111111111111111111111111111111111111111111111111111111111111111111111111144444444444444444444444444444444444444444444444444444444441
1444444444444444444444444444444444444444444111111111111111111111111111111111111111111111111111111111111111111111111111111111111111111111111111144444444444444444444444444444444444444444444444444444444441
1444444444444444444444444444444444444444444411111111111111111111111111111111111111111111111111111111111111111111111111111111111111111111111111144444444444444444444444444444444444444444444444444444444441
1444444444444444444444444444444444444444444441111111111111111111111111111111111111111111111111111111111111111111111111111111111111111111111111144444444444444444444444444444444444444444444444444444444441
1444444444444444444444444444444444444444444444111111111111111111111111111111111111111111111111111111111111111111111111111111111111111111111111144444444444444444444444444444444444444444444444444444444441
1444444444444444444444444444444444444444444444411111111111111111111111111111111111111111111111111111111111111111111111111111111111111111111111144444444444444444444444444444444444444444444444444444444441
1444444444444444444444444444444444444444444444441111111111111111111111111111111111111111111111111111111111111111111111111111111111111111111111444444444444444444444444444444444444444444444444444444444441
1444444444444444444444444444444444444444444444444444444444111111111111111111111111111111111111111111111111111111111111111111111111111111111111444444444444444444444444444444444444444444444444444444444441
1444444444444444444444444444444444444444444444444444444444444444444411111111111111111111111111111111111111111111111111111111111111111111111111444444444444444444444444444444444444444444444444444444444441
1444444444444444444444444444444444444444444444444444444444444444444444444444411111111111111111111111111111111111111111111111111111111111111111444444444444444444444444444444444444444444444444444444444441
1444444444444444444444444444444444444444444444444444444444444444444444444444444444444411111111111111111111111111111111111111111111111111111111444444444444444444444444444444444444444444444444444444444441
1444444444444444444444444444444444444444444444444444444444444444444444444444444444444444444441111111111111111111111111111111111111111111111111444444444444444444444444444444444444444444444444444444444441
1111111111111111111111111111111111111111111111111111111111111111111111111111111111111111111111111111111111111111111111111111111111111111111111111111111111111111111111111111111111111111111111111111111111