111111111111111111111111111111111111111111111111111111111111111111111111111111111111111111111111111111
111111111111111111111111111111111111111111111111111111111111111111111111111111111111111111111111111111
111111111111111111111111111111111111111111111111111111111111111111111111111111000000000000001111111111
111111111111111111111111111111111111111111111111111111111111111111111111111110101111111111110000000011
111111111111111111111111111111111111111111111111111111100011111111111111111101110111111111111111110011
111111111111111111111111111111111111111111111111111111011101111111111111111011110111111111111111101011
111111111111111111111111111111111111111111111111111110111110111111001111110111111011111111111111011011
111111111111111111111111111111111111111111111111111101011111000000110111101111111011111111111110111011
111111111111111111111111111111111111111111111111111011101111011111111010011111111101111111111101111011
111111111111111111111111111111111111111111111111111011101111011111111101111111111101111111100011111011
111111111111111111111111111111111111111111111111000011101111011111111010000000100011111111011111111011
111111111111111111111111111111111111111111111000111011101111101111110111111111001111111110111111111011
111111111111111111111111111111111111100000000101111011101111101111101111111110110001111101111111111011
111111111111111111111111111111111111011111111101111011101111100000010000111101111110000011111111111011
111111111111111111111111111111111110111111111101111011101111101111111111011011111111011111111111111011
111111111111111111111111111111111101111111111110110111101111101111111111100111111110111111111111111011
111111111111111111111111111111000011111111111110000000000000001111111110011011111110111111111111111011
111111111111111111111111111110101101111111111110110111101111100001111001111100000101111111111111111011
111111111111111111111111111101101110111111111110110111101111101110110111111111111011111111111111111011
111111111111111111111111100011101111000000000000000000001111101111001111111111110111111111111111111011
111111111111111111111111000011101111111111111111110111101111101111011111111111101111111111111111111011
111111111111111111111000101100101111111111111111110111101111101111011111111111011111111111111111111011
111111111111111111110111101111001111111111111111110111101111101111011111111110111111111111111111111011
111111111111111111001111101111100000000000000000000000000000000110111111111101111111111111111111111011
111111111111111110111111101111101111111111111111111111111111111000011111111011111111111111111111000111
111111111111111001111111101111011111111111111111111111111111111110100111111011111111111111000000111111
111111111111000111111111101111011111111111111111111111111111111110111001110111111111111110111111111111
111111111110111111111111101111011111111111111111111111111111111110111110001111111011110001111111111111
111111111001111111111111101111011111111111111111111111111111111110111111010011111000001111111111111111
111111111101111111111111100000011111111111111111111111111111111111011110111101111010101111111111111111
111111111101111111111111101111011111111111111111111111111111111111101101111110111010101111111111111111
111111111110111111111111101111011111111111111111111111111111111111110011111111011010101111111111111111
111111111110111111111111101111011111111111111111111111111111111111101111111111101010101111111111111111
111111111111011111111111101111011111111111111111111111111111111111011111111111110010101111111111111111
111111111111011111111111100011011111111111111111111111111111111110011111111111111000101111111111111111
111111111111011111111111101100011111111111111111111111111111111110101111111111111110000001111111111111
111111111111011111111111101111011111111111111111111111111111111101110111111111111101111100111111111111
111111111111011111111111101111011111111111111111111111111111111011111011111111100011111011011111111111
111111111111011110000000001111011111111111111111111111111111110111111101111110011111111011101111111111
111111111111000001111111101111011111111111111111111111111111110111111000000001111111111011110111111111
111111111111101111111111101111011000000000000001111111111111101011110101111111111111110111111011111111
111111111111101111111111101111011011111111111110000111111111011100101101111111111111110111111101111111
111111111111101111111111101111011011111111111111011000000000111111011011111111111111110111111110111111
111111111111101111111111101111011011111111111111011111101101011110111011111111111111101111111111001111
111111111111101111111111011111011011111111111111011111011011100101111011111111111111101111111111110111
111111111111110111111111011111000000000000000000000110111011111011110111111111111111101111111111111011
111111111111111011111111011111111111111111111110111000111001111011110111111111111111101111111111111011
111111111111111011111111011111111111111111111110111110110110110111110011111111111111101111111111110111
111111111111111011111111011111111111111111111110111110101111001111101100000111111111011111111111110111
111111111111111011111111011111111111111111111110111101101111110111101111111000011110111111111111110111
111111111111111100000000000000000001111111111110011011011111111011101111111101100001111111111111110111
111111111111000001111111011111110110001111111110100011011111111011011111111101111100111111111111110111
111111000000111101111111011111110111110011111110111011011111111100111111111101111101000000000111101111
111111101111111101111111101111110111111011111110111011011111111110111111111101111011111111111001101111
111111110111111101111111101111110111111011111110111011011111111110111111111000000011111111111110001111
111111111011111110111111101111110111111000000000001011011111111111011111110111110111111111111111111111
111111111011111110111111101111111011111111111111110111011111111111100011110111110111111111111111111111
111111111011111110111111101111111000001111111111111000011111111111011100000111110111111111111111111111
111111111011111110111111101111000011101111111111111111011111111111011111111011101111111111111111111111
111111111011111110000000000000111111101111111111111110111111111110111111111011101111111111111111111111
111111111101111111111111101111111111101111111111111101111111111110111111111011101111111111111111111111
111111111110111111111111101111111111101111111111111101111111111101111111111101011111111111111111111111
111111111111011111111111101111111111101111111111111011111100011011111111111100111111111111111111111111
111111111111011111111111101111111111101111111111110000111101100111000000000000111111111111111111111111
111111111111011111111111101111111111101111110000000111011011110111011111111110111111111111111111111111
111111111111011111111111101111111111101111001111110111101011101110111111111110111111111111111111111111
111111111111101111111111101111111111101110101111110111110001011101111111111110111111111111111111111111
111111111111110111111111101111111100000001110111110111110110011101111111111111011111111111111111111111
111111111111110111111111100000000011101111110111110111110111100000000000000000001111111111111111111111
111111111111110111111111101111111111101111110000000111110111110111111011111111101111111111111111111111
111111111111111011111111101111111111101111111111110111110111101111111011111111101111111111111111111111
111111111111111011111111101111111111101111111111110111110111101111111011111111011111111111111111111111
111111111111111011111111101111111111101111111111110111110111101111110111111110111111111111111111111111
111111111111111011111111101111111111101111111111110111110111101111110111111110111111111111111111111111
111111111111111011111111101111111111101111111111110000000000000011101111111110111111111111111111111111
111111111111111101111111101111111100001111111111110111111111111100001111111101111111111111111111111111
111111111111111110111111100000000011111111111111110111111111111111111111111101111111111111111111111111
111111111111111111011111101111111111111111111111110111111111111111111111111011111111111111111111111111
111111111111111111011111101111111111111111111111110111111111111111111111111011111111111111111111111111
111111111111111111101111110111111111111100000000000011111111111111111000000011111111111111111111111111
111111111111111111110111110111111111111101101110110100000011111111100111111011111111111111111111111111
111111111111111111110111110111111111111101101110110111111100000000011111111011111111111111111111111111
111111111111111111110111100000000000111101101110110111111111111111111111111011111111111111111111111111
111111111111111111111011011110111110111101101110110111111111111111111111111011111111111111111111111111
111111111111111111111100111110111100000000000000110111111111111111111111111011111111111111111111111111
111111111111111111111101111110000011111111111100000000000000000000000000011011111111111111111111111111
111111111111111111111110111111111111111000000011111111111111111111111111100011111111111111111111111111
111111111111111111111111011111111000000111111111111111111111111111111111111111111111111111111111111111
111111111111111111111111100000000111111111111111111111111111111111111111111111111111111111111111111111
111111111111111111111111101111111111111111111111111111111111111111111111111111111111111111111111111111
111111111111111111111111111111111111111111111111111111111111111111111111111111111111111111111111111111
144444444444444444444444444444444444444444444444444444444444444444444444444444444444444444444444444441
144444444444444444444444444444444444444444444444444444444444444444444444444444444444444444444444444441
144444444444444444444444444444444444444444444444444444444444444444444444444444444444444444444444444441
144444444444444444444444444444444444444444444444444444444444444444444444444444444444444444444444444441
144444444444444444444444444444444444444444444444444444444444444444444444444444444444444444444444444441
144444444444444444444444444444444444444444444444444444444444444444444444444444444444444444444444444441
144444444444444444444444444444444444444444444444444444444444444444444444444444444444444444444444444441
144444444444444444444444444444444444444444444444444444444444444444444444444444444444444444444444444441
144444444444444444444444444444444444444444444444444444444444444444444444444444444444444444444444444441
144444444444444444444444444444444444444444444444444444444444444444444444444444444444444444444444444441
111111111111111111111111111111111111111111111111111111111111111111111111111111111111111111111111111111