111111111111111111111111111111111111111111111111111111111111111111111111111111111111111111111111111111
111111111111111111111111111111111111111111111111111111111111111111111111111181111111111111111111111111
111111111111111111111111111111111111111111111111111111888888888888888888888811000000000011111111111111
111111111111111111111111111111111111111111111888888888111111111111111111111110101111111100000000000011
111111111111111111111111111111111111111111888111111111110011111111111111111101101111111111111111100011
111111111111111111111111111111111111111188111111111111001101111111111111111011110111111111111111011011
111111111111111111111111111111111111888811111111111110111110111110001111100111110111111111111110111011
111111111111111111111111111111118888111111111111111101011111000001110111011111111011111111111101111011
111111111111111111111111111888881111111111111111111101101111101111111010111111111011111111111011111011
111111111111111111111111118111111111111111111111111011101111101111111100000111111101111111110111111011
111111111111111111111111811111111111111111111111110011101111101111111011111001111011111111101111111011
111111111111111111111181111111111111111100000000001011101111101111110111111110000111111100011111111011
111111111111111111118111111111111111111011111101111011101111101110000111111101110000110011111111111011
111111111111111111181111111111111111000111111110110111101111100001111011111011111111001111111111111011
111111111111111111811111111111111100111111111110110111101111101111111100110111111111011111111111111011
111111111111111181111111111111110011111111111110110111101111101111111111000000111110111111111111111011
111111111111111811111111111111100111111111111110000000000000001111111100111111011110111111111111111011
111111111111118111111111111111001001111111111110110111101111100001111011111111101101111111111111111011
111111111111811111111111110000101110011111111110110111101111101110110111111111110011111111111111111011
111111111118111111111000001111101111100000000000000000001111101111001111111111110111111111111111111011
111111111181111111110111100111101111111111111111110111101111101111011111111111101111111111111111111011
111111111811111111101111101000101111111111111111110111101111101111011111111111011111111111111111111011
111111118111111111011111101111000000000011111111110111101111101110111111111110111111111111111111111011
111111118111111110111111101111101111111100000000000000000000000110111111111101111111111111111111110011
111111118111111101111111101111101111111111111111111111111111111000011111111101111111111111111111101111
111111118111100011111111101111011111111111111111111111111111111110101111111011111111111111110000011111
111111181111011111111111101111011111111111111111111111111111111110110000010111111111111100001111111111
111111181100111111111111101111011111111111111111111111111111111110111111100111111011111011111111111111
111111181011111111111111101111011111111111111111111111111111111110111110011011111000000111111111111111
111111811011111111111111100011011111111111111111111111111111111111011101111101111010101111111111111111
111111811101111111111111101100011111111111111111111111111111111111101011111110111010101111111111111111
111111811110111111111111101111011111111111111111111111111111111111110111111111011010101111111111111111
111111811111011111111111101111011111111111111111111111111111111111101111111111101010101111111111111111
111118111111011111111111101111011111111111111111111111111111111111011111111111110010101111111111111111
111118111111011111111111100000011111111111111111111111111111111110111111111111111000101111111111111111
111118111111011111111111101111011111111111111111111111111111111101011111111111111100000001111111111111
111181111111011111111111101111011111111111111111111111111111111101100111111111000011111100011111111111
111181111111011111111111101111011111111111111111111111111111111011111011111110111111111101101111111111
111181111111010000000000001111011111111111111111111111111111111011111101111001111111111101110111111111
111181111111001111111111101111011111111111111111111111111111110111111110000111111111111011111011111111
111181111111011111111111101111011000001111111111111111111111101001111000111111111111110111111101111111
111181111111101111111111101111011011110000000000000011111111011110110110111111111111110111111110111111
111181111111101111111111101111011011111111111111011100000000111111001110111111111111110111111111011111
111181111111101111111111101111011011111111111111011111101101011110111101111111111111101111111111101111
111181111111101111111111101111011011111111111111011111011101100101111011111111111111011111111111110111
111181111111110111111111011111000000000000000000001110111011111011111011111111111111011111111111111011
111181111111111011111111011111111111111111111110110000111011111011110111111111111111011111111111110111
111181111111111011111111011111111111111111111110111110110101110111110001111111111111011111111111101111
111181111111111101111111011111111111111111111110111101110110001111110110000111111111011111111111101111
111181111111111101111111011111111111111111111110111101110111101111110111111000000010111111111111101111
111181111000000000000000000000000011111111111110011011110111110111110111111101111100000000011111101111
111181100111111110111111011111110101111111111110100011110111111011101111111011111101111111101111101111
111181011111111110111111101111110110000011111110111011110111111101011111111011111101111111110011101111
111181011111111110111111101111110111111011111110110111101111111101011111111011111011111111111100101111
111181101111111110111111101111110111111011111110110111011111111110111111111000000011111111111111001111
111181110111111110111111101111110111111000000000110111011111111111011111111011110111111111111111111111
111181110111111110111111101111110111111111111111000011011111111111101111110111110111111111111111111111
111181111011111110111111101111111000001111111111111100011111111111010000000111101111111111111111111111
111181111011111110111111101100000011101111111111111110111111111110111111111011101111111111111111111111
111181111101111110000000000011111111101111111111111101111111111110111111111101101111111111111111111111
111181111110111111111111101111111111101111111111111101111111111101111111111110101111111111111111111111
111118111110111111111111101111111111101111111111111101111111111101111111111110011111111111111111111111
111118111111011111111111101111111111101111111111111101111100011011111111111110111111111111111111111111
111118111111011111111111101111111111101111111110000011111011100111000000000000111111111111111111111111
111111811111101111111111101111111111101111111101110100011011101110111111111110111111111111111111111111
111111811111110111111111101111111111101000000011110111101011101110111111111110111111111111111111111111
111111811111111011111111101111111111100111101111110111110001011101111111111110111111111111111111111111
111111181111111101111111101110000000001111101111110111110110001101111111111111011111111111111111111111
111111181111111101111111100001111111101111101111110111110111110000000000000000001111111111111111111111
111111181111111101111111101111111111101111110000000111110111110111111101111111011111111111111111111111
111111181111111101111111101111111111101111111111110111110111101111111101111111011111111111111111111111
111111181111111110111111101111111111101111111111110111110111101111111101111111011111111111111111111111
111111118111111111011111101111111111101111111111110111110111101111111011111110111111111111111111111111
111111118111111111101111101111111111101111111111110111110111101111111011111110111111111111111111111111
111111118111111111101111101111111111101111111111110000000000000111110111111110111111111111111111111111
111111118111111111101111101111111000001111111111110111111111111000001111111110111111111111111111111111
111111111811111111101111100000000111111111111111110111111111111111111111111110111111111111111111111111
111111111811111111110111101111111111111111111111110111111111111111111111111101111111111111111111111111
111111111181111111110111101111111111111111111111110111111111111111111111111011111111111111111111111111
111111111181111111110111101111111111111100000000000000000111111111111111110011111111111111111111111111
111111111118111111110111101111111111111101101110110111111011110000000000001011111111111111111111111111
111111111111811111111011101111111111111101101110110111111100001111111111111011111111111111111111111111
111111111111181111111011000000000000111101101110110111111111111111111111111011111111111111111111111111
111111111111118111111100111110111110111101101110110111111111111111111111111011111111111111111111111111
111111111111111811111101111110111100000000000000110111111111111111111111111011111111111111111111111111
111111111111111181111110111110000011111111111000000000000000000000001111111011111111111111111111111111
111111111111111118111110111111111111000000000111111111111111111111110000000011111111111111111111111111
111111111111111111811111011111111110111111111111111111111111111111111111111111111111111111111111111111
111111111111111111181111101111000001111111111111111111111111111111111111111111111111111111111111111111
111111111111111111118111100000111111111111111111111111111111111111111111111111111111111111111111111111
111111111111111111111811111111111111111111111111111111111111111111111111111111111111111111111111111111
144444444444444444444444444444444444444444444444444444444444444444444444444444444444444444444444444441
144444444444444444444444444444444444444444444444444444444444444444444444444444444444444444444444444441
144444444444444444444444444444444444444444444444444444444444444444444444444444444444444444444444444441
144444444444444444444444444444444444444444444444444444444444444444444444444444444444444444444444444441
144444444444444444444444444444444444444444444444444444444444444444444444444444444444444444444444444441
144444444444444444444444444444444444444444444444444444444444444444444444444444444444444444444444444441
144444444444444444444444444444444444444444444444444444444444444444444444444444444444444444444444444441
144444444444444444444444444444444444444444444444444444444444444444444444444444444444444444444444444441
144444444444444444444444444444444444444444444444444444444444444444444444444444444444444444444444444441
144444444444444444444444444444444444444444444444444444444444444444444444444444444444444444444444444441
111111111111111111111111111111111111111111111111111111111111111111111111111111111111111111111111111111