111111111111111111111111111111111111111111111111111111111111111111111111111111111111111111111111111111
111111111111111111111111111111111111111111111111111111111111111111111111111111111111111111111111111111
111111111111111111111111111111111111111111111111111111111111111111111111111111000001111111111111111111
111111111111111111111111111111111111111111111111111111111111111111111111111110101110000000000000000011
111111111111111111111111111111111111111111111111111111111011111111111111111101101111111111111111110011
111111111111111111111111111111111111111111111111111111000101111111111111111011101111111111111111001011
111111111111111111111111111111111111111111111111111110111110111100001111100111101111111111111110111011
111111111111111111111111111111111111111111111111111101011111000011110111011111110111111111111101111011
111111111111111111111111111111111111111111111111111101011111011111111010111111111011111111111011111011
111111111111111111111111111111111111111111111111111101101111011111111100001111111101111111110111111011
111111111111111111111111111111111111111111111111000011101111101111111011110001100011111111101111111011
111111111111111111111111111111111111111100000000111011101111101111110111111110000111111111011111111011
111111111111111111111111111111111111111011111101111011101111101110000111111110111001111100111111111011
111111111111111111111111111111111100000111111101111011101111100001111011111101111110000011111111111011
111111111111111111111111111111111011111111111110111011101111101111111100111011111111011111111111111011
111111111111111111111111111111110111111111111110110111101111101111111111000111111110111111111111111011
111111111111111111111111111110000011111111111110000000000000001111111110110111111101111111111111111011
111111111111111111111111111101101100111111111110110111101111100011111101111011111101111111111111111011
111111111111111111111111110011101111001111111110110111101111101101111011111100000011111111111111111011
111111111111111111111111100111101111110000000000000000001111101110000111111111110111111111111111111011
111111111111111111111111001011101111111111111111110111101111101111101111111111101111111111111111111011
111111111111111111111100101100001111111111111111110111101111101111011111111111011111111111111111111011
111111111111111111110011101111100000000000000001110111101111101111011111111110111111111111111111111011
111111111111111111101111101111101111111111111110000000000000000111011111111101111111111111111111110011
111111111111111110011111101111011111111111111111111111111111111000111111111011111111111111111111001111
111111111111100001111111101111011111111111111111111111111111111110000111111011111111111111111110111111
111111111110011111111111101111011111111111111111111111111111111110111001110111111111111100000001111111
111111111101111111111111101111011111111111111111111111111111111110111110001111111011111011111111111111
111111111011111111111111101111011111111111111111111111111111111110111111010111111000000111111111111111
111111111011111111111111100001011111111111111111111111111111111111011100111011111010101111111111111111
111111111101111111111111101110011111111111111111111111111111111111101011111101111010101111111111111111
111111111101111111111111101111011111111111111111111111111111111111110111111110111010101111111111111111
111111111110111111111111101111011111111111111111111111111111111111101111111111001010101111111111111111
111111111110111111111111101111011111111111111111111111111111111111011111111111110010101111111111111111
111111111110111111111111100011011111111111111111111111111111111110111111111111111000101111111111111111
111111111110111111111111101100011111111111111111111111111111111110011111111111111110000001111111111111
111111111110111111111111101111011111111111111111111111111111111110101111111111111001111010111111111111
111111111110111111111111101111011111111111111111111111111111111101110111110000000111110111011111111111
111111111110111111110000001111011111111111111111111111111111111011111011101111111111110111101111111111
111111111111000000001111101111011111111111111111111111111111110111111100011111111111110111110111111111
111111111111101111111111101111011000000011111111111111111111101011111101111111111111101111111001111111
111111111111101111111111101111011011111100000000000000011111011101100001111111111111011111111110111111
111111111111110111111111101111011011111111111111011111100000111110011101111111111111011111111111011111
111111111111110111111111101111011011111111111111011111011110011110111101111111111110111111111111101111
111111111111111011111111011111011011111111111111011111011101101101111011111111111110111111111111110111
111111111111111011111111011111000000000000000000011111011101110011111011111111111110111111111111111011
111111111111111011111111011111111111111111111111000000111000110111111011111111111110111111111111111011
111111111111111011111111011111111111111111111111011110111011001111110111111111111110111111111111111011
111111111111111011111111011111111111111111111110111110110111101111101001111111111110111111111111111011
111111111111111011111111011111111111111111111110111110110111101111011110000000111101111111111111110111
111111111111111100000000000000000011111111111110000101110111101111011111111011000000001111111111110111
111111111111111001111111011111110100111111111110111011110111110111011111111011111101110011111111110111
111111000000000101111111011111110111000011111110111011101111111011011111111011111011111100000000110111
111111011111111101111111011111111011111011111110111011101111111101011111111011111011111111111111001111
111111011111111110111111101111111011111011111110110111101111111110111111111000000011111111111111101111
111111011111111110111111101111111011111000000000000111101111111111011111111011111011111111111111111111
111111101111111110111111101111111011111111111111110001011111111111100000001011110111111111111111111111
111111101111111110111111101111111000001111111111111110011111111111101111110111110111111111111111111111
111111110111111110111111101111100011101111111111111110111111111111101111111011110111111111111111111111
111111111011111110000000000000011111101111111111111110111111111111011111111101101111111111111111111111
111111111101111111111111101111111111101111111111111101111111111110111111111101011111111111111111111111
111111111110111111111111101111111111101111111111111011111111111101111111111110111111111111111111111111
111111111111011111111111101111111111101111111111111011111100011011111111111110111111111111111111111111
111111111111101111111111101111111111101111111110000001111011100111000000000000111111111111111111111111
111111111111101111111111101111111111101111111001111010011011110111011111111111011111111111111111111111
111111111111110111111111101111111111101110000111110111100111101110111111111111011111111111111111111111
111111111111110111111111101111111111101101011111110111110001011101111111111111101111111111111111111111
111111111111110111111111101111111000000011101111110111110110001011111111111111101111111111111111111111
111111111111110111111111100000000111101111101111110111110111110000000000000000001111111111111111111111
111111111111110111111111101111111111101111110000000111110111110111111011111111011111111111111111111111
111111111111111011111111101111111111101111111111110111110111101111111011111110111111111111111111111111
111111111111111011111111101111111111101111111111110111110111101111111011111110111111111111111111111111
111111111111111011111111101111111111101111111111110111110111101111110111111110111111111111111111111111
111111111111111011111111101111111111101111111111110111110111101111101111111110111111111111111111111111
111111111111111011111111101111111111101111111111110000000000000111101111111110111111111111111111111111
111111111111111101111111101111111111001111111111110111111111111000001111111101111111111111111111111111
111111111111111110111111100000000000111111111111110111111111111111111111111101111111111111111111111111
111111111111111110111111110111111111111111111111110111111111111111111111111101111111111111111111111111
111111111111111110111111110111111111111111111111110111111111111111111111111101111111111111111111111111
111111111111111111011111110111111111111100000000000000000111111111111111000011111111111111111111111111
111111111111111111101111110111111111111101101110110111111011100000000000111011111111111111111111111111
111111111111111111110111110111111111111101101110110111111100011111111111111011111111111111111111111111
111111111111111111110111110000000000111101101110110111111111111111111111111011111111111111111111111111
111111111111111111111011001110111111011101101110110111111111111111111111111011111111111111111111111111
111111111111111111111100111110110000000000000000110111111111111111111111111011111111111111111111111111
111111111111111111111110111110001111111111110000000000011111111111111111111011111111111111111111111111
111111111111111111111110111111111111110000001111111111100000000000000000000011111111111111111111111111
111111111111111111111111011111111111101111111111111111111111111111111111111111111111111111111111111111
111111111111111111111111011111100000011111111111111111111111111111111111111111111111111111111111111111
111111111111111111111111100000011111111111111111111111111111111111111111111111111111111111111111111111
111111111111111111111111111111111111111111111111111111111111111111111111111111111111111111111111111111
144444444444444444444444444444444444444444444444444444444444444444444444444444444444444444444444444441
144444444444444444444444444444444444444444444444444444444444444444444444444444444444444444444444444441
144444444444444444444444444444444444444444444444444444444444444444444444444444444444444444444444444441
144444444444444444444444444444444444444444444444444444444444444444444444444444444444444444444444444441
144444444444444444444444444444444444444444444444444444444444444444444444444444444444444444444444444441
144444444444444444444444444444444444444444444444444444444444444444444444444444444444444444444444444441
144444444444444444444444444444444444444444444444444444444444444444444444444444444444444444444444444441
144444444444444444444444444444444444444444444444444444444444444444444444444444444444444444444444444441
144444444444444444444444444444444444444444444444444444444444444444444444444444444444444444444444444441
144444444444444444444444444444444444444444444444444444444444444444444444444444444444444444444444444441
111111111111111111111111111111111111111111111111111111111111111111111111111111111111111111111111111111