111111111111111111111111111111111111111111111111111111111111111111111111111111111111111111111111111111
111111111111111111111111111111111118888888888888888888888888888888888888888881111111111111111111111111
111111111111111111111111118888888888888888888888888888888888888888888888888811000000000111111111111111
111111111111111111118888888888888888888888888888888888111111111111111111111110011111111000000000000011
111111111111111188888888888888888888888888888111111111111011111111111111111101011111111111111111110011
111111111111888888888888888888888888888888111111111111100101111111111111111011101111111111111111001011
111111111118888888888888888888888888888811111111111110011110111111001111110111110111111111111110111011
111111111888888888888888888888888888111111111111111100111111000000110111001111111011111111111101111011
111111188888888888888888888888881111111111111111111101011111011111111010111111111101111111111011111011
111111888888888888888888888111111111111111111111111101101111011111111100011111111001111111110111111011
111118888888888888888888811111111111111111111111100011101111101111111011100000110111111111101111111011
111118888888888888888881111111111111111111110000011011101111101111110111111111001111111100011111111011
111188888888888888888111111111111111100000001101111011101111101000001111111110100011111011111111111011
111188888888888888881111111111111110011111111101110111101111100111110111111101111100000111111111111011
111188888888888888811111111111111101111111111101110111101111101111111001110011111111011111111111111011
111888888888888881111111111111111011111111111110110111101111101111111110000111111110111111111111111011
111888888888888811111111111111100111111111111110000000000000000111111110011000011101111111111111111011
118888888888888111111111111100000111111111111110110111101111101011111101111111101101111111111111111011
118888888888811111111111110011101001111111111110110111101111101100010011111111110011111111111111111011
118888888888111111111111101111101110000000000000000000001111101111101111111111110111111111111111111011
188888888881111111111111000000101111111111111111110111101111101111011111111111101111111111111111111011
188888888811111111111100101111001111111111111111110111101111101110111111111111011111111111111111111011
188888888111111111111011101111100000000000000011110111101111101110111111111110111111111111111111111011
188888888111111111110111101111101111111111111100000000000000000110111111111101111111111111111111111011
188888888111111111001111101111101111111111111111111111111111111000000011111011111111111111111111110111
188888888111111110111111101111101111111111111111111111111111111110111101110111111111111111111111101111
188888881111111001111111101111101111111111111111111111111111111110111110101111111111111111110000011111
188888881111000111111111101111101111111111111111111111111111111110111111001111111011111111001111111111
188888881000111111111111101111101111111111111111111111111111111110111110010111111000000000111111111111
188888811011111111111111100111011111111111111111111111111111111111011101111011111010101111111111111111
188888811101111111111111101000011111111111111111111111111111111111101011111101111010101111111111111111
188888811110111111111111101111011111111111111111111111111111111111110111111110111010101111111111111111
188888811110111111111111101111011111111111111111111111111111111111101111111111011010101111111111111111
188888111110111111111111101111011111111111111111111111111111111111011111111111100010101111111111111111
188888111110111111111111100111011111111111111111111111111111111110111111111111111010101111111111111111
188888111110111111111111101000011111111111111111111111111111111101011111111111110000000001111111111111
188881111110111111111111101111011111111111111111111111111111111011101111111000001111111010011111111111
188881111111011111111111101111011111111111111111111111111111111011110011110111111111110111101111111111
188881111111011111110000001111011111111111111111111111111111111011111101101111111111110111110111111111
188881111111000000001111101111011111111111111111111111111111110111111110011111111111101111111011111111
188881111111011111111111101111011000001111111111111111111111101011111000111111111111101111111101111111
188881111111101111111111101111011011110000000000000011111111011100110110111111111111101111111110111111
188881111111101111111111101111011011111111111111011100000000011111001110111111111111011111111111011111
188881111111110111111111011111011011111111111111011111101110101110111110111111111111011111111111101111
188881111111111011111111011111011011111111111111011111101101110101111101111111111111011111111111110111
188881111111111011111111011111000000000000000000001111011011111011111011111111111110111111111111111011
188881111111111011111111011111111111111111111110110000111011110111110111111111111110111111111111111011
188881111111111011111111011111111111111111111110111110111000101111110000000111111101111111111111111011
188881111111111011111111011111111111111111111110111110110111001111101111111011111101111111111111110111
188881111111111101111111011111111111111111111110111101110111110111011111111100000001111111111111101111
188881111111110000000000000000000000001111111110001101110111111011011111111101111101111111111111101111
188881111100001110111111011111110111110111111110110011110111111011011111111101111100000000011111101111
188881000011111110111111101111110111111011111110111011110111111011011111111101111101111111100111101111
188881011111111110111111101111111011111011111110111011110111111100111111111101111101111111111011101111
188881101111111110111111101111111011111011111110110111101111111110111111111000000011111111111100001111
188881110111111110111111101111111011111000000000000111011111111111011111110111111011111111111111111111
188881111011111110111111101111111011111111111111110111011111111111100000010111111011111111111111111111
188881111011111110111111101111111000001111111111111000011111111111011111100111110111111111111111111111
188881111101111110111111101111000011101111111111111111011111111110111111110111101111111111111111111111
188881111101111110000000000000111111101111111111111111011111111110111111111011101111111111111111111111
188881111110111111111111101111111111101111111111111110111111111101111111111011101111111111111111111111
188888111111011111111111101111111111101111111111111101111111111101111111111101011111111111111111111111
188888111111101111111111101111111111101111111111111101111101111011111111111110111111111111111111111111
188888111111101111111111101111111111101111111100000011111010000111000000000000111111111111111111111111
188888811111101111111111101111111111101111111011111001111011101110111111111111011111111111111111111111
188888811111110111111111101111111111101111000111110110111011011110111111111111011111111111111111111111
188888811111110111111111101111111111101000101111110111000111011110111111111111011111111111111111111111
188888881111110111111111101111100000000111101111110111110000001101111111111111011111111111111111111111
188888881111111011111111100000011111101111101111110111110111110000000000000000001111111111111111111111
188888881111111101111111101111111111101111110000000111110111111011111011111111011111111111111111111111
188888881111111110111111101111111111101111111111110111110111110111110111111111011111111111111111111111
188888881111111110111111101111111111101111111111110111110111101111110111111111011111111111111111111111
188888888111111111011111101111111111101111111111110111110111011111110111111111011111111111111111111111
188888888111111111011111101111111111101111111111110111110111011111101111111111011111111111111111111111
188888888111111111011111101111111111101111111111110000000000000001101111111111011111111111111111111111
188888888111111111011111101110000000001111111111110111111111111110001111111111011111111111111111111111
188888888811111111011111100001111111111111111111110111111111111111111111111111011111111111111111111111
188888888811111111011111101111111111111111111111110111111111111111111111111110111111111111111111111111
188888888881111111011111110111111111111111111111110111111111111111111111111101111111111111111111111111
188888888881111111101111110111111111111100000000000001111111111111111111110011111111111111111111111111
188888888888111111110111110111111111111101101110110110000000111111110000001011111111111111111111111111
188888888888811111110111110111111111111101101110110111111111000000001111111011111111111111111111111111
188888888888881111111011110000000000111101101110110111111111111111111111111011111111111111111111111111
188888888888888111111010001110111110111101101110110111111111111111111111111011111111111111111111111111
188888888888888811111101111110111110000000000000110111111111111111111111111011111111111111111111111111
188888888888888881111101111110000001111110000000000000000000000000000111111011111111111111111111111111
188888888888888888111101111111111111111001111111111111111111111111111000000011111111111111111111111111
188888888888888888811110111111111111110111111111111111111111111111111111111111111111111111111111111111
188888888888888888881111011111100000001111111111111111111111111111111111111111111111111111111111111111
188888888888888888888111100000011111111111111111111111111111111111111111111111111111111111111111111111
188888888888888888888811111111111111111111111111111111111111111111111111111111111111111111111111111111
144444444444444444444444444444444444444444444444444444444444444444444444444444444444444444444444444441
144444444444444444444444444444444444444444444444444444444444444444444444444444444444444444444444444441
144444444444444444444444444444444444444444444444444444444444444444444444444444444444444444444444444441
144444444444444444444444444444444444444444444444444444444444444444444444444444444444444444444444444441
144444444444444444444444444444444444444444444444444444444444444444444444444444444444444444444444444441
144444444444444444444444444444444444444444444444444444444444444444444444444444444444444444444444444441
144444444444444444444444444444444444444444444444444444444444444444444444444444444444444444444444444441
144444444444444444444444444444444444444444444444444444444444444444444444444444444444444444444444444441
144444444444444444444444444444444444444444444444444444444444444444444444444444444444444444444444444441
144444444444444444444444444444444444444444444444444444444444444444444444444444444444444444444444444441
111111111111111111111111111111111111111111111111111111111111111111111111111111111111111111111111111111