111111111111111111111111111111111111111111111111111111111111111111111111111111111111111111111111111111
111111111111111111111111111111111111111111111111111111111111111111111111111181111111111111111111111111
111111111111111111111111111111111111111111111111111111888888888888888888888811000000000000000001111111
111111111111111111111111111111111111111111111888888888111111111111111111111110011111111111111110000011
111111111111111111111111111111111111111111888111111111111011111111111111111101101111111111111111110011
111111111111111111111111111111111111111188111111111111000101111111111111111011110111111111111111101011
111111111111111111111111111111111111888811111111111110111110111100001111110111110111111111111111011011
111111111111111111111111111111118888111111111111111110011111000011110111001111111011111111111110111011
111111111111111111111111111888881111111111111111111110101111101111111010111111111101111111111001111011
111111111111111111111111118111111111111111111111111101101111101111111100111111110001111111100111111011
111111111111111111111111811111111111111111111111000011101111101111111011000000101111111110011111111011
111111111111111111111181111111111111111111100000111011101111101111110111111111011111111101111111111011
111111111111111111118111111111111111111000011101111011101111101100001111111100100011111011111111111011
111111111111111111181111111111111111110111111101111011101111100011110111111011111100000111111111111011
111111111111111111811111111111111111001111111101111011101111101111111011110111111111011111111111111011
111111111111111181111111111111111110111111111101111011101111101111111100001111111111011111111111111011
111111111111111811111111111111100001111111111110000000000000000011111111010111111110111111111111111011
111111111111118111111111111111001001111111111110110111101111101100111110111000000101111111111111111011
111111111111811111111111111000101110111111111110110111101111101111011001111111111011111111111111111011
111111111118111111111111100111101111000000000000000000001111101111100111111111110111111111111111111011
111111111181111111111111000011101111111111111111110111101111101111011111111111101111111111111111111011
111111111811111111111100101100101111111111111111110111101111101111011111111111011111111111111111111011
111111118111111111110011101111001111111111111111110111101111101111011111111110111111111111111111111011
111111118111111111001111101111100000000000000000000000000000000001011111111101111111111111111111000011
111111118111111110111111101111101111111111111111111111111111111110111111111011111111111111111000111111
111111118111111001111111101111101111111111111111111111111111111110000001110111111111111111110111111111
111111181111000111111111101111101111111111111111111111111111111110111110010111111111111111101111111111
111111181110111111111111101111101111111111111111111111111111111110111111101111111011111100011111111111
111111181001111111111111101111101111111111111111111111111111111110111111010011111000000011111111111111
111111811011111111111111101111011111111111111111111111111111111111011110111101111010101111111111111111
111111811011111111111111100000011111111111111111111111111111111111101101111110111010101111111111111111
111111811101111111111111101111011111111111111111111111111111111111110011111111011010101111111111111111
111111811110111111111111101111011111111111111111111111111111111111101111111111101010101111111111111111
111118111110111111111111101111011111111111111111111111111111111111011111111111110010101111111111111111
111118111110111111111111101111011111111111111111111111111111111110111111111111111010101111111111111111
111118111110111111111111100000011111111111111111111111111111111101011111111111111100000001111111111111
111181111110111111111111101111011111111111111111111111111111111011101111111111111001111100111111111111
111181111110111111111111101111011111111111111111111111111111111011110111111111110111111101001111111111
111181111110111111100000001111011111111111111111111111111111111011111001111100001111111011110111111111
111181111111000000011111101111011111111111111111111111111111110011111110000011111111111011111011111111
111181111111011111111111101111011000000011111111111111111111101101111001111111111111111011111101111111
111181111111011111111111101111011011111100000000001111111111011110100011111111111111111011111110111111
111181111111011111111111101111011011111111111111010000000000111111011011111111111111111011111111011111
111181111111011111111111101111011011111111111111011111101101011110111011111111111111111011111111101111
111181111111101111111111101111011011111111111111011111011101100101111011111111111111111011111111110111
111181111111101111111111101111000000000000000000000001011101111011111011111111111111110111111111111011
111181111111101111111111101111111111111111111111011110111011111011111011111111111111101111111111111011
111181111111110111111111101111111111111111111111011110111000110111110111111111111111011111111111111011
111181111111110111111111011111111111111111111111011110111011001111101000011111111111011111111111111011
111181111111111011111111011111111111111111111110111101110111101111101111100001111110111111111111110111
111181111111111000000000000000000011111111111110001101110111110111101111111010000000000111111111110111
111181111110000101111111011111110100001111111110110011101111111011101111111011111101111000011111101111
111181000001111101111111011111110111110011111110111011101111111101011111111011111101111111101111101111
111181011111111110111111011111110111111011111110110111101111111100111111111011111011111111110000101111
111181011111111110111111011111110111111011111110110111011111111110111111111000000011111111111111001111
111181101111111110111111011111110111111000000000110111011111111111011111111011111011111111111111111111
111181110111111110111111011111110111111111111111000000011111111111101111110111110111111111111111111111
111181110111111110111111101111111000001111111111111111011111111111010000000111110111111111111111111111
111181110111111110111111101000000011101111111111111111011111111110111111111011101111111111111111111111
111181110111111110000000000111111111101111111111111110111111111101111111111101101111111111111111111111
111181110111111111111111101111111111101111111111111110111111111011111111111101101111111111111111111111
111118111011111111111111101111111111101111111111111101111111111011111111111101101111111111111111111111
111118111101111111111111101111111111101111111111111101111100010111111111111101011111111111111111111111
111118111101111111111111101111111111101111111111000011111101100111000000000000111111111111111111111111
111111811110111111111111101111111111101111111110111000111011101111011111111110111111111111111111111111
111111811111011111111111101111111111101000000001111011010111101110111111111111011111111111111111111111
111111811111101111111111101111111111100111011111111011100000101110111111111111011111111111111111111111
111111181111101111111111101111000000001111011111110111110111001101111111111111011111111111111111111111
111111181111101111111111100000111111101111101111110111110111110000000000000000001111111111111111111111
111111181111110111111111101111111111101111110000000111110111111011111011111111011111111111111111111111
111111181111110111111111101111111111101111111111110111110111110111110111111111011111111111111111111111
111111181111111011111111101111111111101111111111110111110111110111110111111110111111111111111111111111
111111118111111101111111101111111111101111111111110111110111110111110111111110111111111111111111111111
111111118111111110111111101111111111101111111111110111110111101111110111111110111111111111111111111111
111111118111111111011111101111111111101111111111110000000000000011101111111101111111111111111111111111
111111118111111111101111101111100000001111111111110111111111111100001111111101111111111111111111111111
111111111811111111101111100000011111111111111111110111111111111111111111111101111111111111111111111111
111111111811111111110111101111111111111111111111110111111111111111111111111101111111111111111111111111
111111111181111111110111101111111111111111111111110111111111111111111111111011111111111111111111111111
111111111181111111110111101111111111111100000000000011111111111111111111110011111111111111111111111111
111111111118111111110111101111111111111101101110110100000111111111111110001011111111111111111111111111
111111111111811111111011101111111111111101101110110111111000000000000001111011111111111111111111111111
111111111111181111111101000000000000111101101110110111111111111111111111111011111111111111111111111111
111111111111118111111100111110111110111101101110110111111111111111111111111011111111111111111111111111
111111111111111811111101111110100000000000000000110111111111111111111111111011111111111111111111111111
111111111111111181111110111110011111111111111111100000000000011111111111111011111111111111111111111111
111111111111111118111110111111111111111000000000011111111111100000000000000011111111111111111111111111
111111111111111111811110111111111111110111111111111111111111111111111111111111111111111111111111111111
111111111111111111181111011111000000001111111111111111111111111111111111111111111111111111111111111111
111111111111111111118111100000111111111111111111111111111111111111111111111111111111111111111111111111
111111111111111111111811111111111111111111111111111111111111111111111111111111111111111111111111111111
144444444444444444444444444444444444444444444444444444444444444444444444444444444444444444444444444441
144444444444444444444444444444444444444444444444444444444444444444444444444444444444444444444444444441
144444444444444444444444444444444444444444444444444444444444444444444444444444444444444444444444444441
144444444444444444444444444444444444444444444444444444444444444444444444444444444444444444444444444441
144444444444444444444444444444444444444444444444444444444444444444444444444444444444444444444444444441
144444444444444444444444444444444444444444444444444444444444444444444444444444444444444444444444444441
144444444444444444444444444444444444444444444444444444444444444444444444444444444444444444444444444441
144444444444444444444444444444444444444444444444444444444444444444444444444444444444444444444444444441
144444444444444444444444444444444444444444444444444444444444444444444444444444444444444444444444444441
144444444444444444444444444444444444444444444444444444444444444444444444444444444444444444444444444441
111111111111111111111111111111111111111111111111111111111111111111111111111111111111111111111111111111