111111111111111111111111111111111111111111111111111111111111111111111111111111111111111111111111111111
111111111111111111111111111111111111111111111111111111111111111111111111111181111111111111111111111111
111111111111111111111111111111111111111111111111111111888888888888888888888811000001111111111111111111
111111111111111111111111111111111111111111111888888888111111111111111111111110101110000000000000000011
111111111111111111111111111111111111111111888111111111110011111111111111111101110111111111111111110011
111111111111111111111111111111111111111188111111111111001101111111111111110011110111111111111111101011
111111111111111111111111111111111111888811111111111110111110110000001111101111110111111111111111011011
111111111111111111111111111111118888111111111111111110011111001111110111011111111011111111111110111011
111111111111111111111111111888881111111111111111111101101111011111111010111111111011111111111101111011
111111111111111111111111118111111111111111111111111101101111011111111100011111110001111111110011111011
111111111111111111111111811111111111111111111110000011101111011111111011100011101111111111101111111011
111111111111111111111181111111111111111100000001111011101111011111110111111100001111111110011111111011
111111111111111111118111111111111111111011111101111011101111101000000111111101110111111001111111111011
111111111111111111181111111111111111110111111101111011101111100111111011111011111000000111111111111011
111111111111111111811111111111111110001111111101111011101111101111111100110111111111011111111111111011
111111111111111181111111111111111101111111111110110111101111101111111111000011111110111111111111111011
111111111111111811111111111110000011111111111110000000000000001111111100011101111101111111111111111011
111111111111118111111111111001101101111111111110110111101111100111111011111110001011111111111111111011
111111111111811111111111110111101110011111111110110111101111101000110111111111110011111111111111111011
111111111118111111111111101111101111100000000000000000001111101111001111111111110111111111111111111011
111111111181111111111100000111101111111111111111110111101111101111011111111111101111111111111111111011
111111111811111111111011101001101111111111111111110111101111101111011111111111011111111111111111111011
111111118111111111110111101110000000000000000000000111101111101111011111111110111111111111111111111011
111111118111111111101111101111101111111111111111110000000000000001011111111101111111111111111111000011
111111118111111111011111101111101111111111111111111111111111111110000011111011111111111111111000111111
111111118111111110111111101111101111111111111111111111111111111110111100110111111111111111000111111111
111111181111110001111111101111101111111111111111111111111111111110111111001111111111111110111111111111
111111181111101111111111101111101111111111111111111111111111111110111111101111111001111001111111111111
111111181000011111111111101111101111111111111111111111111111111110111111010111111010000111111111111111
111111811011111111111111100001011111111111111111111111111111111111011110111001111010101111111111111111
111111811011111111111111101110011111111111111111111111111111111111101001111110111010101111111111111111
111111811101111111111111101111011111111111111111111111111111111111110111111111011010101111111111111111
111111811110111111111111101111011111111111111111111111111111111111101111111111101010101111111111111111
111118111111011111111111101111011111111111111111111111111111111111011111111111110010101111111111111111
111118111111011111111111100111011111111111111111111111111111111110011111111111111000101111111111111111
111118111111011111111111101000011111111111111111111111111111111110101111111111111110000001111111111111
111181111111011111111111101111011111111111111111111111111111111110110111111111111101111010111111111111
111181111111011111111111101111011111111111111111111111111111111101111011111111000011111011011111111111
111181111111011111110000001111011111111111111111111111111111111011111101111100111111111011101111111111
111181111111000000001111101111011111111111111111111111111111110011111100000011111111110111110111111111
111181111111011111111111101111011000000000000001111111111111101101110010111111111111110111111011111111
111181111111011111111111101111011011111111111110011111111111011110101101111111111111110111111101111111
111181111111011111111111101111011011111111111111000000000000111111011011111111111111101111111110111111
111181111111011111111111101111011011111111111111011111011110001110111011111111111111011111111111001111
111181111111011111111111101111011011111111111111011110111101110101110111111111111110111111111111110111
111181111111101111111111101111000000000000000000000000111101111011110111111111111110111111111111111011
111181111111110111111111101111111111111111111111011110111011111011110111111111111110111111111111111011
111181111111110111111111101111111111111111111111011110111000110111110011111111111101111111111111110111
111181111111111011111111101111111111111111111111011110111011001111110100001111111101111111111111110111
111181111111111011111111011111111111111111111111011101111011101111101111110000000001111111111111110111
111181111111111000000000000000000111111111111110111101111011110111101111111101111100111111111111101111
111181111111000101111111101111110000001111111110000011111011111011011111111011111101000000000001101111
111181000000111110111111101111111011110011111110111011111011111010111111111011111101111111111110101111
111181101111111110111111101111111011111011111110111011111011111100111111111011111101111111111111001111
111181101111111110111111101111111011111011111110111011110111111110111111111000000011111111111111101111
111181110111111110111111101111111011111000000000001011101111111111011111111011110111111111111111111111
111181111011111110111111101111111011111111111111110011011111111111100000011011101111111111111111111111
111181111101111110111111101111111010001111111111111100011111111111101111100111101111111111111111111111
111181111101111110111111101110000001101111111111111110111111111111011111110111101111111111111111111111
111181111101111110000000000001111111101111111111111101111111111110111111110111101111111111111111111111
111181111110111111111111101111111111101111111111111011111111111101111111111011011111111111111111111111
111118111110111111111111101111111111101111111111111011111111111101111111111100111111111111111111111111
111118111110111111111111101111111111101111111111111011111100111011111111111110111111111111111111111111
111118111111011111111111101111111111101111111111100001111011000111000000000000111111111111111111111111
111111811111011111111111101111111111101111111000011010011011110110111111111111011111111111111111111111
111111811111011111111111101111111111101000000111111011100111101101111111111111011111111111111111111111
111111811111011111111111101111111111100111101111111011110001011101111111111111011111111111111111111111
111111181111101111111111101111100000001111101111111011110110001101111111111111101111111111111111111111
111111181111110111111111100000011111101111110111110111110111110000000000000000001111111111111111111111
111111181111111011111111101111111111101111110000000111110111111011111101111111101111111111111111111111
111111181111111101111111101111111111101111111111110111110111110111111011111111101111111111111111111111
111111181111111110111111101111111111101111111111110111110111101111110111111111101111111111111111111111
111111118111111111011111101111111111101111111111110111110111011111101111111111101111111111111111111111
111111118111111111101111101111111111101111111111110111110111011111101111111111011111111111111111111111
111111118111111111101111101111111111101111111111110000000000000000001111111111011111111111111111111111
111111118111111111110111101100000000001111111111110111111111111111101111111111011111111111111111111111
111111111811111111110111100011111111111111111111110111111111111111111111111110111111111111111111111111
111111111811111111110111101111111111111111111111110111111111111111111111111101111111111111111111111111
111111111181111111111011101111111111111111111111110111111111111111111111111101111111111111111111111111
111111111181111111111101101111111111111100000000000000111111111111110000000011111111111111111111111111
111111111118111111111101101111111111111101101110110111000000111111101111111011111111111111111111111111
111111111111811111111101101111111111111101101110110111111111000000011111111011111111111111111111111111
111111111111181111111101110000000000111101101110110111111111111111111111111011111111111111111111111111
111111111111118111111100001110111110111101101110110111111111111111111111111011111111111111111111111111
111111111111111811111101111110111100000000000000110111111111111111111111111011111111111111111111111111
111111111111111181111101111110000011111111111111110011111111111111111111111011111111111111111111111111
111111111111111118111101111111111110000000000000001100000000000000000000000011111111111111111111111111
111111111111111111811110111111111001111111111111111111111111111111111111111111111111111111111111111111
111111111111111111181111011111000111111111111111111111111111111111111111111111111111111111111111111111
111111111111111111118111100000111111111111111111111111111111111111111111111111111111111111111111111111
111111111111111111111811111111111111111111111111111111111111111111111111111111111111111111111111111111
144444444444444444444444444444444444444444444444444444444444444444444444444444444444444444444444444441
144444444444444444444444444444444444444444444444444444444444444444444444444444444444444444444444444441
144444444444444444444444444444444444444444444444444444444444444444444444444444444444444444444444444441
144444444444444444444444444444444444444444444444444444444444444444444444444444444444444444444444444441
144444444444444444444444444444444444444444444444444444444444444444444444444444444444444444444444444441
144444444444444444444444444444444444444444444444444444444444444444444444444444444444444444444444444441
144444444444444444444444444444444444444444444444444444444444444444444444444444444444444444444444444441
144444444444444444444444444444444444444444444444444444444444444444444444444444444444444444444444444441
144444444444444444444444444444444444444444444444444444444444444444444444444444444444444444444444444441
144444444444444444444444444444444444444444444444444444444444444444444444444444444444444444444444444441
111111111111111111111111111111111111111111111111111111111111111111111111111111111111111111111111111111