111111111111111111111111111111111111111111111111111111111111111111111111111111111111111111111111111111
111111111111111111111111111111111118888888888888888888888888888888888888888881111111111111111111111111
111111111111111111111111118888888888888888888888888888888888888888888888888810000000000000001111111111
111111111111111111118888888888888888888888888888888888111111111111111111111101011111111111110000000011
111111111111111188888888888888888888888888888111111111110011111111111111111011101111111111111111110011
111111111111888888888888888888888888888888111111111111001101111111111111110111110111111111111111101011
111111111118888888888888888888888888888811111111111110111110111111001111101111111011111111111111011011
111111111888888888888888888888888888111111111111111100111111000000110111011111111011111111111100111011
111111188888888888888888888888881111111111111111111101011111011111111010111111111101111111111011111011
111111888888888888888888888111111111111111111111111101101111101111111100111111110001111111110111111011
111118888888888888888888811111111111111111111111110011101111101111111011001111101111111111101111111011
111118888888888888888881111111111111111111111100001011101111101111110111110000011111111111011111111011
111188888888888888888111111111111111111000000001111011101111101110000011111110100000110000111111111011
111188888888888888881111111111111111110111111110110111101111100001111100111001111111001111111111111011
111188888888888888811111111111111111001111111110110111101111101111111111010111111111101111111111111011
111888888888888881111111111111111110111111111110110111101111101111111111000111111111011111111111111011
111888888888888811111111111110000001111111111110000000000000000011111110111000111110111111111111111011
118888888888888111111111111101100001111111111110110111101111101101111101111111001101111111111111111011
118888888888811111111111111011101110011111111110110111101111101110011011111111110011111111111111111011
118888888888111111111110000111101111100000000000000000001111101111100111111111110111111111111111111011
188888888881111111111101101000101111111111111111110111101111101111011111111111101111111111111111111011
188888888811111111110011101111001111111111111111110111101111101111011111111111011111111111111111111011
188888888111111111001111101111100000000000000111110111101111101110111111111110111111111111111111111011
188888888111111110111111101111101111111111111000000000000000000010111111111101111111111111111111110011
188888888111111101111111101111101111111111111111111111111111111100111111111011111111111111111000001111
188888888111110011111111101111101111111111111111111111111111111110001111110111111111111111100111111111
188888881111101111111111101111101111111111111111111111111111111110110000110111111111111111011111111111
188888881100011111111111101111101111111111111111111111111111111110111111001111111011111000111111111111
188888881011111111111111101111101111111111111111111111111111111110111111010111111000000111111111111111
188888811101111111111111100111011111111111111111111111111111111111011100111001111010101111111111111111
188888811101111111111111101000011111111111111111111111111111111111101011111110111010101111111111111111
188888811101111111111111101111011111111111111111111111111111111111110111111111011010101111111111111111
188888811110111111111111101111011111111111111111111111111111111111101111111111101010101111111111111111
188888111111011111111111101111011111111111111111111111111111111111011111111111110010101111111111111111
188888111111011111111111100001011111111111111111111111111111111110011111111111111010101111111111111111
188888111111011111111111101110011111111111111111111111111111111101101111111111111100000001111111111111
188881111111011111111111101111011111111111111111111111111111111011110111111111111011111100111111111111
188881111111011111111111101111011111111111111111111111111111111011111011111111100111111011011111111111
188881111111011111110000001111011111111111111111111111111111110111111101000000011111111011101111111111
188881111111000000001111101111011111111111111111111111111111110111111100111111111111110111110111111111
188881111111011111111111101111011000000000000000111111111111101011111001111111111111110111111011111111
188881111111011111111111101111011011111111111111000000011111011101110101111111111111110111111100111111
188881111111101111111111101111011011111111111111011111100000011110001101111111111111110111111111011111
188881111111101111111111101111011011111111111111011111011101101110111101111111111111110111111111101111
188881111111101111111111101111011011111111111111011111011101110101111011111111111111110111111111110111
188881111111110111111111101111000000000000000000001110111101111011111011111111111111110111111111111011
188881111111110111111111101111111111111111111111010000111011110111110111111111111111101111111111111011
188881111111111011111111011111111111111111111111011110111000010111110111111111111111011111111111111011
188881111111111101111111011111111111111111111110111101111011101111101000011111111110111111111111110111
188881111111111101111111011111111111111111111110111101111011110111101111100000000101111111111111110111
188881111111111000000000000000000111111111111110000101110111111011011111111101111000011111111111110111
188881111100000101111111011111110000000111111110111011110111111011011111111011111011100111111111110111
188881000011111101111111011111110111111011111110110111101111111010111111111011111011111011111111110111
188881011111111101111111011111110111111011111110110111101111111100111111111011111011111100000001110111
188881011111111101111111011111110111111011111110110111101111111110111111111000000011111111111110001111
188881101111111101111111011111110111111000000000000111101111111111011111110111110111111111111111111111
188881101111111101111111101111111011111111111111110011101111111111100011110111101111111111111111111111
188881101111111110111111101111111011101111111111111100011111111111011100000111101111111111111111111111
188881110111111110111111101111100000001111111111111111011111111110111111110111101111111111111111111111
188881110111111110000000000000011111101111111111111110111111111101111111110111101111111111111111111111
188881111011111111111111101111111111101111111111111101111111111011111111111011011111111111111111111111
188888111011111111111111101111111111101111111111111011111111110111111111111100111111111111111111111111
188888111101111111111111101111111111101111111111111011111101110111111111111100111111111111111111111111
188888111101111111111111101111111111101111111111111011111100000111000000000000111111111111111111111111
188888811101111111111111101111111111101111111111000000111101101110111111111110111111111111111111111111
188888811101111111111111101111111111101111000000111011001011101101111111111110111111111111111111111111
188888811110111111111111101111111111101000011111111011110001011101111111111111011111111111111111111111
188888881111011111111111101111111000000111101111110111110110001101111111111111101111111111111111111111
188888881111101111111111100000000111101111110111110111110111110000000000000000001111111111111111111111
188888881111110111111111101111111111101111110000000111110111111011111011111111101111111111111111111111
188888881111111011111111101111111111101111111111110111110111111011111011111111011111111111111111111111
188888881111111011111111101111111111101111111111110111110111111011110111111111011111111111111111111111
188888888111111011111111101111111111101111111111110111110111110111101111111111011111111111111111111111
188888888111111101111111101111111111101111111111110111110111101111101111111111011111111111111111111111
188888888111111101111111101111111111101111111111110000000000001111101111111110111111111111111111111111
188888888111111101111111101111111110001111111111110111111111110000001111111110111111111111111111111111
188888888811111110111111100000000001111111111111110111111111111111111111111110111111111111111111111111
188888888811111111011111101111111111111111111111110111111111111111111111111101111111111111111111111111
188888888881111111101111101111111111111111111111110111111111111111111111111011111111111111111111111111
188888888881111111110111101111111111111100000000000111111111111111111111111011111111111111111111111111
188888888888111111111011101111111111111101101110110000000000111111000000000011111111111111111111111111
188888888888811111111101110111111111111101101110110111111111000000111111111011111111111111111111111111
188888888888881111111101110000000000111101101110110111111111111111111111111011111111111111111111111111
188888888888888111111101001110111111011101101110110111111111111111111111111011111111111111111111111111
188888888888888811111100111110110000000000000000110111111111111111111111111011111111111111111111111111
188888888888888881111110111110001111111100000000000000000000000000000000000011111111111111111111111111
188888888888888888111111011111110000000011111111111111111111111111111111111011111111111111111111111111
188888888888888888811111011000001111111111111111111111111111111111111111111111111111111111111111111111
188888888888888888881111010111111111111111111111111111111111111111111111111111111111111111111111111111
188888888888888888888111101111111111111111111111111111111111111111111111111111111111111111111111111111
188888888888888888888811111111111111111111111111111111111111111111111111111111111111111111111111111111
144444444444444444444444444444444444444444444444444444444444444444444444444444444444444444444444444441
144444444444444444444444444444444444444444444444444444444444444444444444444444444444444444444444444441
144444444444444444444444444444444444444444444444444444444444444444444444444444444444444444444444444441
144444444444444444444444444444444444444444444444444444444444444444444444444444444444444444444444444441
144444444444444444444444444444444444444444444444444444444444444444444444444444444444444444444444444441
144444444444444444444444444444444444444444444444444444444444444444444444444444444444444444444444444441
144444444444444444444444444444444444444444444444444444444444444444444444444444444444444444444444444441
144444444444444444444444444444444444444444444444444444444444444444444444444444444444444444444444444441
144444444444444444444444444444444444444444444444444444444444444444444444444444444444444444444444444441
144444444444444444444444444444444444444444444444444444444444444444444444444444444444444444444444444441
111111111111111111111111111111111111111111111111111111111111111111111111111111111111111111111111111111