111111111111111111111111111111111111111111111111111111111111111111111111111111111111111111111111111111
111111111111111111111111111111111111111111111111111111111111111111111111111181111111111111111111111111
111111111111111111111111111111111111111111111111111111888888888888888888888811000001111111111111111111
111111111111111111111111111111111111111111111888888888111111111111111111111110011110000000000000000011
111111111111111111111111111111111111111111888111111111110011111111111111111001011111111111111111101011
111111111111111111111111111111111111111188111111111111101101111111111111110111101111111111111111011011
111111111111111111111111111111111111888811111111111110011110111100001111101111110111111111111110111011
111111111111111111111111111111118888111111111111111101011111000011110111011111111011111111111101111011
111111111111111111111111111888881111111111111111111101101111011111111010111111111011111111111011111011
111111111111111111111111118111111111111111111111111101101111011111111100000011111101111111110111111011
111111111111111111111111811111111111111111111111100011101111011111111011111101110011111111101111111011
111111111111111111111181111111111111111111111000011011101111101111110111111110001111111111011111111011
111111111111111111118111111111111111111000000101111011101111101110000001111100110000010000111111111011
111111111111111111181111111111111111000111111101110111101111100001111110111011111111101111111111111011
111111111111111111811111111111111110111111111110110111101111101111111111010111111111011111111111111011
111111111111111181111111111111110001111111111110110111101111101111111111100111111110111111111111111011
111111111111111811111111111110000011111111111110000000000000000111111111011000001101111111111111111011
111111111111118111111111111101101100111111111110110111101111101001111100111111110101111111111111111011
111111111111811111111111111011101111001111111110110111101111101110010011111111111011111111111111111011
111111111118111111111111100111101111110000000000000000001111101111101111111111110111111111111111111011
111111111181111111111110000111101111111111111111110111101111101111011111111111101111111111111111111011
111111111811111111111101101000101111111111111111110111101111101111011111111111011111111111111111111011
111111118111111111111011101111000011111111111111110111101111101111011111111110111111111111111111111011
111111118111111111100111101111101100000000000000000000000000000011011111111101111111111111111111110011
111111118111111110011111101111011111111111111111111111111111111100111111111101111111111111111111101111
111111118111110001111111101111011111111111111111111111111111111110000111111011111111111111111110011111
111111181111101111111111101111011111111111111111111111111111111110111011110111111111111111111001111111
111111181110011111111111101111011111111111111111111111111111111110111100001111111001111111000111111111
111111181001111111111111101111011111111111111111111111111111111110111111010111111010000000111111111111
111111811101111111111111100001011111111111111111111111111111111111011110111011111010101111111111111111
111111811101111111111111101110011111111111111111111111111111111111101101111100111010101111111111111111
111111811110111111111111101111011111111111111111111111111111111111110011111111011010101111111111111111
111111811110111111111111101111011111111111111111111111111111111111101111111111101010101111111111111111
111118111110111111111111101111011111111111111111111111111111111111011111111111110010101111111111111111
111118111110111111111111101111011111111111111111111111111111111110111111111111111000101111111111111111
111118111110111111111111100000011111111111111111111111111111111101001111111111111100000001111111111111
111181111110111111111111101111011111111111111111111111111111111101110111111111110011111010111111111111
111181111110111111111111101111011111111111111111111111111111111011111011111111001111110111011111111111
111181111110111111111000001111011111111111111111111111111111111011111101000000111111110111101111111111
111181111111000000000111101111011111111111111111111111111111110011111100111111111111101111110111111111
111181111111011111111111101111011000000000000011111111111111101101111001111111111111011111111011111111
111181111111101111111111011111011011111111111100001111111111011110110101111111111111011111111101111111
111181111111101111111111011111011011111111111111010000000000011111001101111111111111011111111110111111
111181111111110111111111011111011011111111111111011111011110101110111101111111111111011111111111011111
111181111111110111111111011111011011111111111111011111011101110101111101111111111111011111111111101111
111181111111110111111111011111000000000000000000000010111101111011111101111111111111011111111111110011
111181111111110111111111011111111111111111111110111100111011111011111011111111111111011111111111111011
111181111111110111111111011111111111111111111110111110111000010111110001111111111111011111111111111011
111181111111110111111111011111111111111111111110111101111011101111110110000011111110111111111111111011
111181111111111011111111011111111111111111111110111011111011110111101111111100000010111111111111111011
111181111111111000000000000000000000011111111110000011111011111011101111111101111100111111111111111011
111181111111110101111111011111110111100111111110111011111011111101101111111101111101011111111111110111
111181000000001101111111011111111011111011111110111011110111111110011111111011111101100111111111101111
111181011111111110111111011111111011111011111110111011110111111110111111111011111101111000000000001111
111181011111111110111111101111111011111011111110111011110111111110111111111000000011111111111111101111
111181011111111110111111101111111011111000000000010111101111111111011111110111111011111111111111111111
111181101111111110111111101111111011111111111111100011101111111111100111110111110111111111111111111111
111181101111111110111111101111111010001111111111111100011111111111011000000111110111111111111111111111
111181110111111110111111101110000001101111111111111111011111111111011111111011110111111111111111111111
111181110111111110000000000001111111101111111111111111011111111110111111111011101111111111111111111111
111181110111111111111111101111111111101111111111111111011111111101111111111101011111111111111111111111
111118110111111111111111101111111111101111111111111110111111111011111111111110111111111111111111111111
111118111011111111111111101111111111101111111111111101111100111011111111111110111111111111111111111111
111118111101111111111111101111111111101111111110000011111101000111000000000000111111111111111111111111
111111811110111111111111101111111111101111100001111001111101110111011111111111011111111111111111111111
111111811111011111111111101111111111101111011111111010001011101110111111111111011111111111111111111111
111111811111011111111111101111111111101110101111110111110000011101111111111111011111111111111111111111
111111181111101111111111101000000000000001101111110111110111011011111111111111011111111111111111111111
111111181111101111111111100111111111101111101111110111110111100000000000000000001111111111111111111111
111111181111101111111111101111111111101111110000000111110111110111111011111111101111111111111111111111
111111181111110111111111101111111111101111111111110111110111101111110111111111101111111111111111111111
111111181111111011111111101111111111101111111111110111110111011111101111111111101111111111111111111111
111111118111111101111111101111111111101111111111110111110111011111101111111111011111111111111111111111
111111118111111110111111101111111111101111111111110111110111011111101111111111011111111111111111111111
111111118111111110111111101111111111101111111111110000000000000001101111111110111111111111111111111111
111111118111111111011111101111100000001111111111110111111111111110001111111110111111111111111111111111
111111111811111111101111100000011111111111111111110111111111111111111111111110111111111111111111111111
111111111811111111101111110111111111111111111111110111111111111111111111111110111111111111111111111111
111111111181111111101111110111111111111111111111110111111111111111111111111101111111111111111111111111
111111111181111111110111110111111111111100000000000000111111111111111110000011111111111111111111111111
111111111118111111110111110111111111111101101110110111000001111110000001111011111111111111111111111111
111111111111811111111011110111111111111101101110110111111110000001111111111011111111111111111111111111
111111111111181111111011110000000000111101101110110111111111111111111111111011111111111111111111111111
111111111111118111111100001110111111011101101110110111111111111111111111111011111111111111111111111111
111111111111111811111101111110111100000000000000110111111111111111111111111011111111111111111111111111
111111111111111181111110111110000011111111110000000000000000000011111111111011111111111111111111111111
111111111111111118111110111111111111100000001111111111111111111100000000000011111111111111111111111111
111111111111111111811111011110000000011111111111111111111111111111111111111111111111111111111111111111
111111111111111111181111101001111111111111111111111111111111111111111111111111111111111111111111111111
111111111111111111118111100111111111111111111111111111111111111111111111111111111111111111111111111111
111111111111111111111811111111111111111111111111111111111111111111111111111111111111111111111111111111
144444444444444444444444444444444444444444444444444444444444444444444444444444444444444444444444444441
144444444444444444444444444444444444444444444444444444444444444444444444444444444444444444444444444441
144444444444444444444444444444444444444444444444444444444444444444444444444444444444444444444444444441
144444444444444444444444444444444444444444444444444444444444444444444444444444444444444444444444444441
144444444444444444444444444444444444444444444444444444444444444444444444444444444444444444444444444441
144444444444444444444444444444444444444444444444444444444444444444444444444444444444444444444444444441
144444444444444444444444444444444444444444444444444444444444444444444444444444444444444444444444444441
144444444444444444444444444444444444444444444444444444444444444444444444444444444444444444444444444441
144444444444444444444444444444444444444444444444444444444444444444444444444444444444444444444444444441
144444444444444444444444444444444444444444444444444444444444444444444444444444444444444444444444444441
111111111111111111111111111111111111111111111111111111111111111111111111111111111111111111111111111111