111111111111111111111111111111111111111111111111111111111111111111111111111111111111111111111111111111
111111111111111111111111111111111118888888888888888888888888888888888888888881111111111111111111111111
111111111111111111111111118888888888888888888888888888888888888888888888888811000000000111111111111111
111111111111111111118888888888888888888888888888888888111111111111111111111100011111111000000000000011
111111111111111188888888888888888888888888888111111111110011111111111111111011011111111111111111110011
111111111111888888888888888888888888888888111111111111001101111111111111110111101111111111111111101011
111111111118888888888888888888888888888811111111111110111110100000001111101111110111111111111110011011
111111111888888888888888888888888888111111111111111101011111011111110111011111110111111111111101111011
111111188888888888888888888888881111111111111111111011101111011111111010111111111011111111111011111011
111111888888888888888888888111111111111111111111111011101111011111111101111111111101111111110111111011
111118888888888888888888811111111111111111111111000011101111011111111010000001100011111111101111111011
111118888888888888888881111111111111111110000000111011101111101111110111111110011111111110011111111011
111188888888888888888111111111111111110001111101111011101111101110001111111110100001111001111111111011
111188888888888888881111111111111111101111111101111011101111100001110000111101111110000111111111111011
111188888888888888811111111111111111011111111101111011101111101111111111010011111111101111111111111011
111888888888888881111111111111111110111111111110110111101111101111111111100011111111011111111111111011
111888888888888811111111111110000001111111111110000000000000001111111110011100011110111111111111111011
118888888888888111111111111101101110111111111110110111101111100001111001111111101101111111111111111011
118888888888811111111111111011101111001111111110110111101111101110010111111111110011111111111111111011
118888888888111111111111100111101111110000000000000000001111101111101111111111110111111111111111111011
188888888881111111111111000111101111111111111111110111101111101111101111111111101111111111111111111011
188888888811111111111110101000001111111111111111110111101111101111011111111111011111111111111111111011
188888888111111111111001101111100000000111111111110111101111101111011111111110111111111111111111111011
188888888111111111000111101111101111111000000000000000000000000000111111111101111111111111111111110011
188888888111111110111111101111011111111111111111111111111111111110000111111011111111111111111111001111
188888888111111101111111101111011111111111111111111111111111111110111001110111111111111111111110111111
188888881111111011111111101111011111111111111111111111111111111110111110110111111111111111100001111111
188888881110000111111111101111011111111111111111111111111111111110111111001111111011111110011111111111
188888881001111111111111101111011111111111111111111111111111111110111111010011111000000001111111111111
188888811011111111111111100111011111111111111111111111111111111111011110111101111010101111111111111111
188888811011111111111111101000011111111111111111111111111111111111101101111110111010101111111111111111
188888811011111111111111101111011111111111111111111111111111111111110011111111011010101111111111111111
188888811011111111111111101111011111111111111111111111111111111111101111111111101010101111111111111111
188888111011111111111111101111011111111111111111111111111111111111011111111111110010101111111111111111
188888111101111111111111100111011111111111111111111111111111111110111111111111111010101111111111111111
188888111110111111111111101000011111111111111111111111111111111110011111111111111100000001111111111111
188881111110111111111111101111011111111111111111111111111111111101101111111111111101111100111111111111
188881111110111111111111101111011111111111111111111111111111111101110111111111111011111101011111111111
188881111111011111111000001111011111111111111111111111111111111011111001110000000111111011101111111111
188881111111000000000111101111011111111111111111111111111111110111111110001111111111111011110111111111
188881111111101111111111101111011000111111111111111111111111101001111101111111111111110111111011111111
188881111111101111111111101111011011000000000000000000111111011110100001111111111111110111111101111111
188881111111110111111111101111011011111111111111011111000000111111011101111111111111110111111110011111
188881111111110111111111101111011011111111111111011111011101011110111011111111111111101111111111101111
188881111111110111111111011111011011111111111111011111011011101101111011111111111111011111111111110111
188881111111111011111111011111000000000000000000011110111011110011111011111111111110111111111111111011
188881111111111011111111011111111111111111111110100000111011111011110111111111111110111111111111111011
188881111111111011111111011111111111111111111110111101111001110111110000011111111110111111111111111011
188881111111111011111111011111111111111111111110111011111010001111101111100111111110111111111111110111
188881111111111011111111011111111111111111111110111011111011110111101111111000000110111111111111110111
188881111111111000000000000000000011111111111110001011111011110111011111111011111000000111111111110111
188881111000000101111111011111110100001111111110110011110111111011011111111011111101111000011111110111
188881000111111110111111011111110111110011111110111011110111111101011111111011111101111111100001110111
188881011111111110111111011111110111111011111110111011101111111101011111111011111011111111111110010111
188881101111111110111111011111111011111011111110111011011111111110111111111000000011111111111111101111
188881110111111110111111011111111011111000000000010111011111111111011111111011111011111111111111111111
188881110111111110111111011111111011111111111111100000011111111111100001110111110111111111111111111111
188881110111111110111111011111111010001111111111111111011111111111101110000111110111111111111111111111
188881111011111110111111101111000001101111111111111111011111111111011111111011110111111111111111111111
188881111011111110000000000000111111101111111111111111011111111110111111111011110111111111111111111111
188881111101111111111111101111111111101111111111111110111111111101111111111101110111111111111111111111
188888111110111111111111101111111111101111111111111101111111111011111111111101101111111111111111111111
188888111110111111111111101111111111101111111111111011111101111011111111111110011111111111111111111111
188888111110111111111111101111111111101111111111111011111100000111000000000000111111111111111111111111
188888811111011111111111101111111111101111111110000001111101101111011111111110111111111111111111111111
188888811111101111111111101111111111101110000001111010001011011110111111111111011111111111111111111111
188888811111101111111111101111111111100001101111111011110001011101111111111111011111111111111111111111
188888881111110111111111101111110000001111110111110111110110011101111111111111011111111111111111111111
188888881111110111111111100000001111101111110111110111110111100000000000000000001111111111111111111111
188888881111110111111111101111111111101111110000000111110111110111111101111111101111111111111111111111
188888881111110111111111101111111111101111111111110111110111110111111011111111101111111111111111111111
188888881111110111111111101111111111101111111111110111110111101111111011111111011111111111111111111111
188888888111110111111111101111111111101111111111110111110111101111111011111110111111111111111111111111
188888888111111011111111101111111111101111111111110111110111101111110111111101111111111111111111111111
188888888111111101111111101111111111101111111111110000000000001111110111111101111111111111111111111111
188888888111111110111111101111000000001111111111110111111111110000001111111101111111111111111111111111
188888888811111111011111100000111111111111111111110111111111111111111111111011111111111111111111111111
188888888811111111011111101111111111111111111111110111111111111111111111111011111111111111111111111111
188888888881111111101111101111111111111111111111110111111111111111111111111011111111111111111111111111
188888888881111111101111101111111111111100000000000001111111111111111100000011111111111111111111111111
188888888888111111110111101111111111111101101110110110000011111000000011111011111111111111111111111111
188888888888811111111011101111111111111101101110110111111100000111111111111011111111111111111111111111
188888888888881111111101000000000000111101101110110111111111111111111111111011111111111111111111111111
188888888888888111111100111110111111011101101110110111111111111111111111111011111111111111111111111111
188888888888888811111101111110111111000000000000110111111111111111111111111011111111111111111111111111
188888888888888881111101111110000000111111111110000111111111111111111111111011111111111111111111111111
188888888888888888111110111111111111000000000001111000000000000000000000000011111111111111111111111111
188888888888888888811110111111111100111111111111111111111111111111111111111111111111111111111111111111
188888888888888888881111011000000011111111111111111111111111111111111111111111111111111111111111111111
188888888888888888888111100111111111111111111111111111111111111111111111111111111111111111111111111111
188888888888888888888811111111111111111111111111111111111111111111111111111111111111111111111111111111
144444444444444444444444444444444444444444444444444444444444444444444444444444444444444444444444444441
144444444444444444444444444444444444444444444444444444444444444444444444444444444444444444444444444441
144444444444444444444444444444444444444444444444444444444444444444444444444444444444444444444444444441
144444444444444444444444444444444444444444444444444444444444444444444444444444444444444444444444444441
144444444444444444444444444444444444444444444444444444444444444444444444444444444444444444444444444441
144444444444444444444444444444444444444444444444444444444444444444444444444444444444444444444444444441
144444444444444444444444444444444444444444444444444444444444444444444444444444444444444444444444444441
144444444444444444444444444444444444444444444444444444444444444444444444444444444444444444444444444441
144444444444444444444444444444444444444444444444444444444444444444444444444444444444444444444444444441
144444444444444444444444444444444444444444444444444444444444444444444444444444444444444444444444444441
111111111111111111111111111111111111111111111111111111111111111111111111111111111111111111111111111111