111111111111111111111111111111111111111111111111111111111111111111111111111111111111111111111111111111
111111111111111111111111111111111111111111111111111111111111111111111111111181111111111111111111111111
111111111111111111111111111111111111111111111111111111888888888888888888888810000000000000000000001111
111111111111111111111111111111111111111111111888888888111111111111111111111101011111111111111111110011
111111111111111111111111111111111111111111888111111111110011111111111111111011011111111111111111101011
111111111111111111111111111111111111111188111111111111101101111111111111110111101111111111111111011011
111111111111111111111111111111111111888811111111111110011110111100001111101111101111111111111110111011
111111111111111111111111111111118888111111111111111101011111000011110111011111110111111111111101111011
111111111111111111111111111888881111111111111111111101011111011111111010111111111011111111111011111011
111111111111111111111111118111111111111111111111111011101111011111111100000011111101111111110111111011
111111111111111111111111811111111111111111111111110011101111011111111011111101110011111111101111111011
111111111111111111111181111111111111111111111100001011101111101111110111111110001111111100011111111011
111111111111111111118111111111111111110000000001111011101111101111100011111110100000111011111111111011
111111111111111111181111111111111100001111111101110111101111100000011100111101111111000111111111111011
111111111111111111811111111111111011111111111110110111101111101111111111011011111111011111111111111011
111111111111111181111111111111110111111111111110110111101111101111111111100001111110111111111111111011
111111111111111811111111111110000011111111111110000000000000000111111111011110011101111111111111111011
111111111111118111111111111001101101111111111110110111101111101011111110111111100011111111111111111011
111111111111811111111111110111101110011111111110110111101111101100010001111111111011111111111111111011
111111111118111111111111001111101111100000000000000000001111101111101111111111110111111111111111111011
111111111181111111111110100000101111111111111111110111101111101111101111111111101111111111111111111011
111111111811111111111101101111001111111111111111110111101111101111101111111111011111111111111111111011
111111118111111111111011101111100000000000000000110111101111101111011111111110111111111111111111111011
111111118111111111110111101111101111111111111111000000000000000010111111111101111111111111111111111011
111111118111111111101111101111101111111111111111111111111111111100011111111011111111111111111111110111
111111118111111110011111101111101111111111111111111111111111111110100011110111111111111111110000001111
111111181111111001111111101111101111111111111111111111111111111110111100010111111111111000001111111111
111111181110000111111111101111101111111111111111111111111111111110111111101111111011110111111111111111
111111181001111111111111101111011111111111111111111111111111111110111110010111111000001111111111111111
111111811011111111111111100000011111111111111111111111111111111111011101111011111010101111111111111111
111111811011111111111111101111011111111111111111111111111111111111101011111101111010101111111111111111
111111811011111111111111101111011111111111111111111111111111111111110111111110011010101111111111111111
111111811011111111111111101111011111111111111111111111111111111111101111111111101010101111111111111111
111118111101111111111111101111011111111111111111111111111111111111011111111111110010101111111111111111
111118111101111111111111100001011111111111111111111111111111111110011111111111111010101111111111111111
111118111110111111111111101110011111111111111111111111111111111101101111111111100000000001111111111111
111181111110111111111111101111011111111111111111111111111111111011110111111000011111111100111111111111
111181111111011111111111101111011111111111111111111111111111110111111011100111111111111101011111111111
111181111111011111111111001111011111111111111111111111111111110111111101011111111111111101101111111111
111181111111000000000000101111011111111111111111111111111111110111111110111111111111111101110111111111
111181111111011111111111101111011000111111111111111111111111101011111000111111111111111011111011111111
111181111111101111111111101111011011000000000000000011111111011100100110111111111111110111111101111111
111181111111101111111111101111011011111111111111011100000000011111011110111111111111110111111110111111
111181111111110111111111101111011011111111111111011111101110101110111101111111111111110111111111011111
111181111111111011111111101111011011111111111111011111011110110101111011111111111111101111111111101111
111181111111111101111111101111000000000000000000011110111101111011111011111111111111101111111111110011
111181111111111101111111101111111111111111111110100000111011111011110111111111111111011111111111110111
111181111111111101111111011111111111111111111110111101111000010111110001111111111110111111111111110111
111181111111111101111111011111111111111111111110111101111011101111110110011111111110111111111111110111
111181111111111101111111011111111111111111111110111011110111101111101111100000011101111111111111110111
111181111100000000000000000000000111111111111110000011110111110111011111111101100000011111111111110111
111181110011111101111111011111110001111111111110111011101111111010111111111101111101101111111111110111
111181001111111101111111011111110110000011111110111011101111111100111111111011111011110000001111101111
111181011111111101111111011111110111111011111110111011101111111100111111111011111011111111110011101111
111181011111111101111111011111111011111011111110111011101111111110111111111000000011111111111100001111
111181101111111110111111011111111011111000000000011011101111111111011111111011110111111111111111111111
111181110111111110111111011111111011111111111111100111101111111111100000010111110111111111111111111111
111181110111111110111111011111111000001111111111111000011111111111101111100111110111111111111111111111
111181110111111110111111101111110011101111111111111111011111111111011111111011101111111111111111111111
111181110111111110000000000000001111101111111111111110111111111110111111111011011111111111111111111111
111181111011111111111111101111111111101111111111111101111111111101111111111011011111111111111111111111
111118111011111111111111101111111111101111111111111011111111111011111111111101011111111111111111111111
111118111101111111111111101111111111101111111111111011111100001011111111111100111111111111111111111111
111118111101111111111111101111111111101111111100000000111101110111000000000000111111111111111111111111
111111811101111111111111101111111111101111100011111011011011101110111111111110111111111111111111111111
111111811101111111111111101111111111101111011111111011100111101110111111111111011111111111111111111111
111111811110111111111111101111111111100000101111111011110000101110111111111111011111111111111111111111
111111181110111111111111101110000000001111110111111011110111001101111111111111101111111111111111111111
111111181111011111111111100001111111101111110111111011110111110000000000000000001111111111111111111111
111111181111101111111111101111111111101111110000000111110111111011111101111111101111111111111111111111
111111181111110111111111101111111111101111111111110111110111110111111011111111011111111111111111111111
111111181111110111111111101111111111101111111111110111110111101111111011111111011111111111111111111111
111111118111110111111111101111111111101111111111110111110111011111110111111110111111111111111111111111
111111118111110111111111101111111111101111111111110111110111011111110111111110111111111111111111111111
111111118111111011111111101111111111101111111111110000000000000000110111111110111111111111111111111111
111111118111111011111111101111111000001111111111110111111111111111001111111110111111111111111111111111
111111111811111101111111100000000111111111111111110111111111111111111111111110111111111111111111111111
111111111811111101111111101111111111111111111111110111111111111111111111111101111111111111111111111111
111111111181111110111111110111111111111111111111110111111111111111111111111101111111111111111111111111
111111111181111111011111110111111111111100000000000000000111111111111111111011111111111111111111111111
111111111118111111101111110111111111111101101110110111111011100000000000000011111111111111111111111111
111111111111811111110111110111111111111101101110110111111100011111111111111011111111111111111111111111
111111111111181111111011000000000000111101101110110111111111111111111111111011111111111111111111111111
111111111111118111111100111110111111011101101110110111111111111111111111111011111111111111111111111111
111111111111111811111101111110111111000000000000110111111111111111111111111011111111111111111111111111
111111111111111181111101111110000000111100000000000000000000000111111111111011111111111111111111111111
111111111111111118111110111111111111000011111111111111111111111000000000000011111111111111111111111111
111111111111111111811111011111111100111111111111111111111111111111111111111111111111111111111111111111
111111111111111111181111101111100011111111111111111111111111111111111111111111111111111111111111111111
111111111111111111118111100000011111111111111111111111111111111111111111111111111111111111111111111111
111111111111111111111811111111111111111111111111111111111111111111111111111111111111111111111111111111
144444444444444444444444444444444444444444444444444444444444444444444444444444444444444444444444444441
144444444444444444444444444444444444444444444444444444444444444444444444444444444444444444444444444441
144444444444444444444444444444444444444444444444444444444444444444444444444444444444444444444444444441
144444444444444444444444444444444444444444444444444444444444444444444444444444444444444444444444444441
144444444444444444444444444444444444444444444444444444444444444444444444444444444444444444444444444441
144444444444444444444444444444444444444444444444444444444444444444444444444444444444444444444444444441
144444444444444444444444444444444444444444444444444444444444444444444444444444444444444444444444444441
144444444444444444444444444444444444444444444444444444444444444444444444444444444444444444444444444441
144444444444444444444444444444444444444444444444444444444444444444444444444444444444444444444444444441
144444444444444444444444444444444444444444444444444444444444444444444444444444444444444444444444444441
111111111111111111111111111111111111111111111111111111111111111111111111111111111111111111111111111111