111111111111111111111111111111111111111111111111111111111111111111111111111111111111111111111111111111
111111111111111111111111111111111118888888888888888888888888888888888888888881111111111111111111111111
111111111111111111111111118888888888888888888888888888888888888888888888888810000000011111111111111111
111111111111111111118888888888888888888888888888888888111111111111111111111101011111100000000000000011
111111111111111188888888888888888888888888888111111111111011111111111111111011011111111111111111110011
111111111111888888888888888888888888888888111111111111110101111111111111110111101111111111111111101011
111111111118888888888888888888888888888811111111111110001110111111101111101111110111111111111111011011
111111111888888888888888888888888888111111111111111101011111000000010111011111111011111111111100111011
111111188888888888888888888888881111111111111111111011101111101111111010111111111011111111111011111011
111111888888888888888888888111111111111111111111111011101111101111111100011111111001111111100111111011
111118888888888888888888811111111111111111111111111011101111101111111011100011110111111111011111111011
111118888888888888888881111111111111111111100000000011101111101111110111111100000001111100111111111011
111188888888888888888111111111111111111000011101111011101111101000001111111110111110110011111111111011
111188888888888888881111111111111111110111111110111011101111100111110111111101111111001111111111111011
111188888888888888811111111111111000001111111110111011101111101111111000111011111111011111111111111011
111888888888888881111111111111110111111111111110110111101111101111111111000011111111011111111111111011
111888888888888811111111111111000001111111111110000000000000001111111111011100001110111111111111111011
118888888888888111111111111110101110111111111110110111101111100111111110111111110101111111111111111011
118888888888811111111111111001101111011111111110110111101111101000111101111111111011111111111111111011
118888888888111111111111000111101111100000000000000000001111101111000011111111110111111111111111111011
188888888881111111111110101001101111111111111111110111101111101111101111111111101111111111111111111011
188888888811111111111101101110101111111111111111110111101111101111011111111111011111111111111111111011
188888888111111111110011101111000000000111111111110111101111101111011111111110111111111111111111111011
188888888111111111101111101111101111111000000000000000000000000001011111111101111111111111111111111011
188888888111111100011111101111101111111111111111111111111111111110111111111011111111111111111111000111
188888888111111011111111101111101111111111111111111111111111111110000001110111111111111111000000111111
188888881111000111111111101111101111111111111111111111111111111110111110101111111111111110111111111111
188888881110111111111111101111101111111111111111111111111111111110111111001111111001111101111111111111
188888881001111111111111101111101111111111111111111111111111111110111111010011111010000011111111111111
188888811101111111111111101111101111111111111111111111111111111111011110111101111010101111111111111111
188888811101111111111111100000011111111111111111111111111111111111101001111110111010101111111111111111
188888811101111111111111101111011111111111111111111111111111111111110111111111011010101111111111111111
188888811101111111111111101111011111111111111111111111111111111111101111111111101010101111111111111111
188888111110111111111111101111011111111111111111111111111111111111011111111111110010101111111111111111
188888111110111111111111101111011111111111111111111111111111111110111111111111111000101111111111111111
188888111110111111111111100000011111111111111111111111111111111101011111111111111100000001111111111111
188881111111011111111111101111011111111111111111111111111111111011101111111111110011111100111111111111
188881111111011111111111101111011111111111111111111111111111111011110111111111001111111101011111111111
188881111111011100000000001111011111111111111111111111111111111011111001111000111111111011100111111111
188881111111000011111111101111011111111111111111111111111111110111111110000111111111110111111011111111
188881111111011111111111101111011000001111111111111111111111101001111001111111111111110111111101111111
188881111111101111111111101111011011110000000000000011111111011110100101111111111111110111111110111111
188881111111101111111111101111011011111111111111011100000000011111011011111111111111110111111111011111
188881111111101111111111101111011011111111111111011111011110101110110111111111111111110111111111101111
188881111111101111111111101111011011111111111111011110111101110101110111111111111111101111111111110111
188881111111101111111111101111000000000000000000000110111011111011110111111111111111101111111111111011
188881111111110111111111101111111111111111111111011000111011111011110111111111111111101111111111111011
188881111111110111111111101111111111111111111111011101111000110111110111111111111111011111111111111011
188881111111110111111111101111111111111111111111011101111011001111110011111111111110111111111111111011
188881111111111011111111101111111111111111111111011101110111110111101100000000000110111111111111111011
188881111111110000000000000000000000111111111110000101110111111011101111111101111000000001111111110111
188881111110001110111111011111110111011111111110111011110111111011011111111101111101111110011111110111
188881000001111110111111011111111011100011111110111011110111111100111111111101111011111111101111110111
188881011111111110111111011111111011111011111110111011110111111110111111111101111011111111110001110111
188881011111111110111111011111111011111011111110111011101111111110111111111000000011111111111110001111
188881101111111110111111011111111011111000000000011011101111111111011111111011111011111111111111111111
188881110111111110111111011111111011111111111111100111101111111111100000011011110111111111111111111111
188881111011111110111111011111111000001111111111111000011111111111011111100111110111111111111111111111
188881111101111110111111011111000011101111111111111111011111111110111111110111101111111111111111111111
188881111110111110000000000000111111101111111111111111011111111110111111110111011111111111111111111111
188881111111011111111111101111111111101111111111111110111111111101111111111010111111111111111111111111
188888111111011111111111101111111111101111111111111110111111111011111111111100111111111111111111111111
188888111111101111111111101111111111101111111111111101111100011011111111111110111111111111111111111111
188888111111101111111111101111111111101111111111100011111101100111000000000000111111111111111111111111
188888811111101111111111101111111111101111110000011000111011101110111111111110111111111111111111111111
188888811111101111111111101111111111101110001111110111011011011110111111111111011111111111111111111111
188888811111101111111111101111111111100001011111110111100011011101111111111111011111111111111111111111
188888881111110111111111101111111110001111101111110111110100001101111111111111011111111111111111111111
188888881111110111111111100000000001101111110111110111110111110000000000000000001111111111111111111111
188888881111111011111111101111111111101111110000000111110111110111111101111111011111111111111111111111
188888881111111101111111101111111111101111111111110111110111101111111101111110111111111111111111111111
188888881111111101111111101111111111101111111111110111110111101111111101111110111111111111111111111111
188888888111111110111111101111111111101111111111110111110111101111111011111110111111111111111111111111
188888888111111110111111101111111111101111111111110111110111011111110111111110111111111111111111111111
188888888111111110111111101111111111101111111111110000000000000000101111111110111111111111111111111111
188888888111111110111111101111111111101111111111110111111111111111001111111101111111111111111111111111
188888888811111111011111100000000000011111111111110111111111111111111111111101111111111111111111111111
188888888811111111011111101111111111111111111111110111111111111111111111111101111111111111111111111111
188888888881111111101111101111111111111111111111110111111111111111111111111101111111111111111111111111
188888888881111111101111110111111111111100000000000001111111111111111111110011111111111111111111111111
188888888888111111101111110111111111111101101110110110001111111110000000001011111111111111111111111111
188888888888811111110111110111111111111101101110110111110000000001111111111011111111111111111111111111
188888888888881111111011100000000000111101101110110111111111111111111111111011111111111111111111111111
188888888888888111111011011110111110111101101110110111111111111111111111111011111111111111111111111111
188888888888888811111100111110111000000000000000110111111111111111111111111011111111111111111111111111
188888888888888881111110111110000111111111111111100000111111111111111111111011111111111111111111111111
188888888888888888111110111111111111100000000000011111000000000000000000000011111111111111111111111111
188888888888888888811111011111111110011111111111111111111111111111111111111111111111111111111111111111
188888888888888888881111011111111001111111111111111111111111111111111111111111111111111111111111111111
188888888888888888888111100000000111111111111111111111111111111111111111111111111111111111111111111111
188888888888888888888811111111111111111111111111111111111111111111111111111111111111111111111111111111
144444444444444444444444444444444444444444444444444444444444444444444444444444444444444444444444444441
144444444444444444444444444444444444444444444444444444444444444444444444444444444444444444444444444441
144444444444444444444444444444444444444444444444444444444444444444444444444444444444444444444444444441
144444444444444444444444444444444444444444444444444444444444444444444444444444444444444444444444444441
144444444444444444444444444444444444444444444444444444444444444444444444444444444444444444444444444441
144444444444444444444444444444444444444444444444444444444444444444444444444444444444444444444444444441
144444444444444444444444444444444444444444444444444444444444444444444444444444444444444444444444444441
144444444444444444444444444444444444444444444444444444444444444444444444444444444444444444444444444441
144444444444444444444444444444444444444444444444444444444444444444444444444444444444444444444444444441
144444444444444444444444444444444444444444444444444444444444444444444444444444444444444444444444444441
111111111111111111111111111111111111111111111111111111111111111111111111111111111111111111111111111111