111111111111111111111111111111111111111111111111111111111111111111111111111111111111111111111111111111
111111111111111111111111111111111111111111111111111111111111111111111111111111111111111111111111111111
111111111111111111111111111111111111111111111111111111111111111111111111111111000000000011111111111111
111111111111111111111111111111111111111111111111111111111111111111111111111110101111111100000000000011
111111111111111111111111111111111111111111111111111111110011111111111111111101110111111111111111110011
111111111111111111111111111111111111111111111111111111001101111111111111111011111011111111111111101011
111111111111111111111111111111111111111111111111111110111110111110001111110111111011111111111110011011
111111111111111111111111111111111111111111111111111101011111000001110111101111111101111111111101111011
111111111111111111111111111111111111111111111111111101101111011111111011011111111101111111111011111011
111111111111111111111111111111111111111111111111111011101111011111111100111111111001111110000111111011
111111111111111111111111111111111111111111111111111011101111101111111010000011110111111101111111111011
111111111111111111111111111111111111111111110000000011101111101111110111111100000111111011111111111011
111111111111111111111111111111111111111000001101110111101111101100000111111110111000010111111111111011
111111111111111111111111111111111111110111111110110111101111100011111011111101111111101111111111111011
111111111111111111111111111111111111101111111110110111101111101111111100111011111111011111111111111011
111111111111111111111111111111110000011111111110110111101111101111111111000111111110111111111111111011
111111111111111111111111111111000111111111111110000000000000000001111110111000011101111111111111111011
111111111111111111111111111110101001111111111110110111101111101110111001111111100101111111111111111011
111111111111111111111111110001101110011111111110110111101111101111010111111111111011111111111111111011
111111111111111111111111000111101111100000000000000000001111101111101111111111110111111111111111111011
111111111111111111111110101011101111111111111111110111101111101111101111111111101111111111111111111011
111111111111111111111001101101101111111111111111110111101111101111011111111111011111111111111111111011
111111111111111110000111101110000000000000011111110111101111101110111111111110111111111111111111111011
111111111111111101111111101111101111111111100000000000000000001110111111111101111111111111111111111011
111111111111111011111111101111101111111111111111111111111111110000001111111011111111111111111100000111
111111111111110111111111101111101111111111111111111111111111111110110011110111111111111111110011111111
111111111111101111111111101111101111111111111111111111111111111110111101101111111111111111101111111111
111111111110011111111111101111101111111111111111111111111111111110111110000111111001111110011111111111
111111111001111111111111101111011111111111111111111111111111111110111110111011111010000001111111111111
111111111011111111111111100000011111111111111111111111111111111111011101111101111010101111111111111111
111111111011111111111111101111011111111111111111111111111111111111101011111110111010101111111111111111
111111111011111111111111101111011111111111111111111111111111111111110111111111011010101111111111111111
111111111101111111111111101111011111111111111111111111111111111111101111111111101010101111111111111111
111111111101111111111111101111011111111111111111111111111111111111011111111111110010101111111111111111
111111111110111111111111100001011111111111111111111111111111111110011111111111111000101111111111111111
111111111111011111111111101110011111111111111111111111111111111101101111111111111100000001111111111111
111111111111011111111111101111011111111111111111111111111111111011110111111110000011111010111111111111
111111111111011111111111101111011111111111111111111111111111111011111011111101111111111011011111111111
111111111111000000000000001111011111111111111111111111111111111011111101100011111111111011101111111111
111111111111011111111111011111011111111111111111111111111111110111111110011111111111110111110111111111
111111111111101111111111011111011000000000000011111111111111101011111100111111111111101111111011111111
111111111111101111111111011111011011111111111100000001111111011100111010111111111111101111111100111111
111111111111110111111111011111011011111111111111011110000000111111000101111111111111101111111111011111
111111111111110111111111011111011011111111111111011111011101001110111101111111111111101111111111101111
111111111111110111111111011111011011111111111111011111011101110101111101111111111111101111111111110111
111111111111111011111111011111000000000000000000001111011101111011111101111111111111101111111111111011
111111111111111011111111011111111111111111111111010000111001110111111011111111111111011111111111111011
111111111111111011111111011111111111111111111111011110110110001111110111111111111111011111111111111011
111111111111111011111111011111111111111111111111011110110111101111110000000011111110111111111111111011
111111111111111011111111011111111111111111111111011101110111101111110111111101111110111111111111111011
111111111111110000000000000000000011111111111110111011110111110111101111111100000000000011111111110111
111111111000001101111111011111111000001111111110000011101111111011011111111011111101111100000111110111
111111000111111110111111011111111011110011111110111011101111111100111111111011111011111111111011110111
111111011111111110111111011111111011111011111110111011101111111100111111111011111011111111111101101111
111111011111111110111111011111111011111011111110111011101111111110111111111000000011111111111110001111
111111101111111110111111101111111011111000000000011011011111111111011111111011110111111111111111111111
111111101111111110111111101111111011111111111111100111011111111111100001111011110111111111111111111111
111111110111111110111111101111111011101111111111111000011111111111101110000111101111111111111111111111
111111111011111110111111101100000000001111111111111110111111111111101111110111101111111111111111111111
111111111101111110000000000011111111101111111111111101111111111111011111111011101111111111111111111111
111111111110111111111111101111111111101111111111111101111111111110111111111101101111111111111111111111
111111111111011111111111101111111111101111111111111101111111111101111111111101011111111111111111111111
111111111111011111111111101111111111101111111111111101111100111011111111111100111111111111111111111111
111111111111101111111111101111111111101111111111000001111011000111000000000000111111111111111111111111
111111111111110111111111101111111111101111111100111010011011101110111111111111011111111111111111111111
111111111111110111111111101111111111101110000011111011100111101101111111111111011111111111111111111111
111111111111110111111111101111111111101101101111111011110000101101111111111111011111111111111111111111
111111111111111011111111101111111111100011101111110111110111001011111111111111011111111111111111111111
111111111111111101111111100000000000001111110111110111110111110000000000000000001111111111111111111111
111111111111111101111111101111111111101111110000000111110111111011111011111111101111111111111111111111
111111111111111110111111101111111111101111111111110111110111110111111011111111101111111111111111111111
111111111111111110111111101111111111101111111111110111110111101111111011111111011111111111111111111111
111111111111111111011111101111111111101111111111110111110111101111110111111111011111111111111111111111
111111111111111111011111101111111111101111111111110111110111011111110111111110111111111111111111111111
111111111111111111011111101111111111101111111111110000000000001111101111111110111111111111111111111111
111111111111111111011111100000000000001111111111110111111111110000001111111101111111111111111111111111
111111111111111111011111101111111111111111111111110111111111111111111111111011111111111111111111111111
111111111111111111011111101111111111111111111111110111111111111111111111111011111111111111111111111111
111111111111111111101111110111111111111111111111110111111111111111111111111011111111111111111111111111
111111111111111111101111110111111111111100000000000011111111111111111111100011111111111111111111111111
111111111111111111110111110111111111111101101110110100000001111111000000011011111111111111111111111111
111111111111111111110111110111111111111101101110110111111110000000111111111011111111111111111111111111
111111111111111111111011110000000000111101101110110111111111111111111111111011111111111111111111111111
111111111111111111111101101110111110111101101110110111111111111111111111111011111111111111111111111111
111111111111111111111100011110110000000000000000110111111111111111111111111011111111111111111111111111
111111111111111111111110111110001111111111111000000000000000000000000111111011111111111111111111111111
111111111111111111111111011111111111111000000111111111111111111111111000000011111111111111111111111111
111111111111111111111111011111111111100111111111111111111111111111111111111111111111111111111111111111
111111111111111111111111101110000000011111111111111111111111111111111111111111111111111111111111111111
111111111111111111111111100001111111111111111111111111111111111111111111111111111111111111111111111111
111111111111111111111111111111111111111111111111111111111111111111111111111111111111111111111111111111
144444444444444444444444444444444444444444444444444444444444444444444444444444444444444444444444444441
144444444444444444444444444444444444444444444444444444444444444444444444444444444444444444444444444441
144444444444444444444444444444444444444444444444444444444444444444444444444444444444444444444444444441
144444444444444444444444444444444444444444444444444444444444444444444444444444444444444444444444444441
144444444444444444444444444444444444444444444444444444444444444444444444444444444444444444444444444441
144444444444444444444444444444444444444444444444444444444444444444444444444444444444444444444444444441
144444444444444444444444444444444444444444444444444444444444444444444444444444444444444444444444444441
144444444444444444444444444444444444444444444444444444444444444444444444444444444444444444444444444441
144444444444444444444444444444444444444444444444444444444444444444444444444444444444444444444444444441
144444444444444444444444444444444444444444444444444444444444444444444444444444444444444444444444444441
111111111111111111111111111111111111111111111111111111111111111111111111111111111111111111111111111111