111111111111111111111111111111111111111111111111111111111111111111111111111111111111111111111111111111
111111111111111111111111111111111118888888888888888888888888888888888888888881111111111111111111111111
111111111111111111111111118888888888888888888888888888888888888888888888888810000000000000000000111111
111111111111111111118888888888888888888888888888888888111111111111111111111101011111111111111111000011
111111111111111188888888888888888888888888888111111111110011111111111111111011101111111111111111110011
111111111111888888888888888888888888888888111111111111101101111111111111110111101111111111111111001011
111111111118888888888888888888888888888811111111111110011110111000001111101111101111111111111110111011
111111111888888888888888888888888888111111111111111110111111000111110111011111110111111111111101111011
111111188888888888888888888888881111111111111111111101011111011111111010111111111011111111111011111011
111111888888888888888888888111111111111111111111111011101111011111111101111111111101111111110111111011
111118888888888888888888811111111111111111111111000011101111011111111010000001100011111111101111111011
111118888888888888888881111111111111111111111100111011101111101111110111111110000000111111011111111011
111188888888888888888111111111111111111000000001111011101111101110000111111110111111011000111111111011
111188888888888888881111111111111111110111111101111011101111100001111000111101111111100111111111111011
111188888888888888811111111111111100001111111101111011101111101111111111011011111111011111111111111011
111888888888888881111111111111111011111111111101111011101111101111111111000111111111011111111111111011
111888888888888811111111111111000011111111111110000000000000000111111110110111111110111111111111111011
118888888888888111111111111110101100011111111110110111101111101000111001111000111101111111111111111011
118888888888811111111111111001101111101111111110110111101111101111010111111111000011111111111111111011
118888888888111111111100000111101111110000000000000000001111101111101111111111110111111111111111111011
188888888881111111110011100000101111111111111111110111101111101111011111111111101111111111111111111011
188888888811111111101111101111001111111111111111110111101111101111011111111111011111111111111111111011
188888888111111111011111101111100000000000000011110111101111101110111111111110111111111111111111111011
188888888111111110111111101111101111111111111100000000000000000010111111111101111111111111111111100011
188888888111111101111111101111101111111111111111111111111111111100001111111101111111111111111100011111
188888888111111011111111101111101111111111111111111111111111111110110001111011111111111111111011111111
188888881111110111111111101111011111111111111111111111111111111110111110010111111111111111000111111111
188888881111101111111111101111011111111111111111111111111111111110111111101111111011111100111111111111
188888881000011111111111101111011111111111111111111111111111111110111111010111111000000011111111111111
188888811011111111111111100111011111111111111111111111111111111111011110111011111010101111111111111111
188888811101111111111111101000011111111111111111111111111111111111101101111101111010101111111111111111
188888811101111111111111101111011111111111111111111111111111111111110011111110011010101111111111111111
188888811110111111111111101111011111111111111111111111111111111111101111111111101010101111111111111111
188888111110111111111111101111011111111111111111111111111111111111011111111111110010101111111111111111
188888111110111111111111100001011111111111111111111111111111111110111111111111111010101111111111111111
188888111110111111111111101110011111111111111111111111111111111101011111111111110000000001111111111111
188881111110111111111111101111011111111111111111111111111111111011101111111100001111111010011111111111
188881111110111111111111101111011111111111111111111111111111111011110111100011111111110111101111111111
188881111111011000000000001111011111111111111111111111111111110111111011011111111111101111110111111111
188881111111000111111111101111011111111111111111111111111111110011111100111111111111101111111011111111
188881111111101111111111101111011000011111111111111111111111101101110001111111111111101111111101111111
188881111111101111111111101111011011100000000000001111111111011110101101111111111111101111111110111111
188881111111110111111111101111011011111111111111010000000000111111011011111111111111011111111111011111
188881111111110111111111101111011011111111111111011111101110001110111011111111111111011111111111101111
188881111111110111111111011111011011111111111111011111101101110101110111111111111111011111111111110111
188881111111110111111111011111000000000000000000001111011011111011110111111111111111011111111111111011
188881111111110111111111011111111111111111111111010000111001110111110111111111111111011111111111111011
188881111111111011111111011111111111111111111111011101111010110111110001111111111110111111111111111011
188881111111111011111111011111111111111111111111011011110111001111101110000011111101111111111111111011
188881111111111101111111011111111111111111111111011011110111110111101111111100111101111111111111110111
188881111111111100000000000000000011111111111110111011110111111011101111111101000000000011111111101111
188881111111000001111111011111110100111111111110000011110111111101101111111101111101111100111111101111
188881000000111101111111011111110111000011111110111011110111111110011111111101111101111111001111101111
188881011111111101111111011111110111111011111110111011110111111110111111111101111011111111110001101111
188881101111111110111111011111110111111011111110111011110111111110111111111000000011111111111110001111
188881101111111110111111011111110111111000000000110111101111111111011111111011110111111111111111111111
188881101111111110111111011111110111111111111111000000101111111111100111111011110111111111111111111111
188881110111111110111111011111110111101111111111111111011111111111011000000111101111111111111111111111
188881111011111110111111011111110000001111111111111110111111111110111111111011011111111111111111111111
188881111011111110000000000000001111101111111111111101111111111101111111111011011111111111111111111111
188881111101111111111111101111111111101111111111111101111111111011111111111101011111111111111111111111
188888111101111111111111101111111111101111111111111011111111111011111111111110011111111111111111111111
188888111101111111111111101111111111101111111111111011111100110111111111111110011111111111111111111111
188888111110111111111111101111111111101111111111100001111101000111000000000000111111111111111111111111
188888811111011111111111101111111111101111111111011010011011110111011111111110111111111111111111111111
188888811111101111111111101111111111101111000000111011101011101110111111111111011111111111111111111111
188888811111101111111111101111111111101100011111111011110011101110111111111111101111111111111111111111
188888881111101111111111101111111000000011011111111011110100001101111111111111101111111111111111111111
188888881111110111111111100000000111101111101111110111110111110000000000000000001111111111111111111111
188888881111111011111111101111111111101111110000000111110111111011111011111111011111111111111111111111
188888881111111011111111101111111111101111111111110111110111110111111011111110111111111111111111111111
188888881111111011111111101111111111101111111111110111110111110111111011111110111111111111111111111111
188888888111111101111111101111111111101111111111110111110111101111111011111101111111111111111111111111
188888888111111110111111101111111111101111111111110111110111101111110111111101111111111111111111111111
188888888111111111011111101111111111101111111111110000000000000011110111111101111111111111111111111111
188888888111111111011111100000000000001111111111110111111111111100001111111011111111111111111111111111
188888888811111111011111101111111111111111111111110111111111111111111111111011111111111111111111111111
188888888811111111101111101111111111111111111111110111111111111111111111111011111111111111111111111111
188888888881111111101111101111111111111111111111110111111111111111111111111011111111111111111111111111
188888888881111111110111101111111111111100000000000000111111111111111111111011111111111111111111111111
188888888888111111111011101111111111111101101110110111000011111111000000000011111111111111111111111111
188888888888811111111011101111111111111101101110110111111100000000111111111011111111111111111111111111
188888888888881111111011110000000000111101101110110111111111111111111111111011111111111111111111111111
188888888888888111111010001110111111011101101110110111111111111111111111111011111111111111111111111111
188888888888888811111101111110111100000000000000110111111111111111111111111011111111111111111111111111
188888888888888881111101111110000011111111111111110000000000000000000000111011111111111111111111111111
188888888888888888111110111111111111111000000000001111111111111111111111000011111111111111111111111111
188888888888888888811111011111111110000111111111111111111111111111111111111111111111111111111111111111
188888888888888888881111011100000001111111111111111111111111111111111111111111111111111111111111111111
188888888888888888888111100011111111111111111111111111111111111111111111111111111111111111111111111111
188888888888888888888811111111111111111111111111111111111111111111111111111111111111111111111111111111
144444444444444444444444444444444444444444444444444444444444444444444444444444444444444444444444444441
144444444444444444444444444444444444444444444444444444444444444444444444444444444444444444444444444441
144444444444444444444444444444444444444444444444444444444444444444444444444444444444444444444444444441
144444444444444444444444444444444444444444444444444444444444444444444444444444444444444444444444444441
144444444444444444444444444444444444444444444444444444444444444444444444444444444444444444444444444441
144444444444444444444444444444444444444444444444444444444444444444444444444444444444444444444444444441
144444444444444444444444444444444444444444444444444444444444444444444444444444444444444444444444444441
144444444444444444444444444444444444444444444444444444444444444444444444444444444444444444444444444441
144444444444444444444444444444444444444444444444444444444444444444444444444444444444444444444444444441
144444444444444444444444444444444444444444444444444444444444444444444444444444444444444444444444444441
111111111111111111111111111111111111111111111111111111111111111111111111111111111111111111111111111111