111111111111111111111111111111111111111111111111111111111111111111111111111111111111111111111111111111
111111111111111111111111111111111111111111111111111111111111111111111111111181111111111111111111111111
111111111111111111111111111111111111111111111111111111888888888888888888888811000000000000000001111111
111111111111111111111111111111111111111111111888888888111111111111111111111110011111111111111110000011
111111111111111111111111111111111111111111888111111111111011111111111111111101011111111111111111110011
111111111111111111111111111111111111111188111111111111100101111111111111111011101111111111111111101011
111111111111111111111111111111111111888811111111111110011110111111101111110111110111111111111111011011
111111111111111111111111111111118888111111111111111101011111000000010111101111110111111111111100111011
111111111111111111111111111888881111111111111111111011011111011111111010011111111011111111111011111011
111111111111111111111111118111111111111111111111111011101111011111111100111111111001111111110111111011
111111111111111111111111811111111111111111111110000011101111011111111011011111100111111111101111111011
111111111111111111111181111111111111111100000001111011101111011111110111100000000111111111011111111011
111111111111111111118111111111111111111011111101111011101111010000000111111110111000111110111111111011
111111111111111111181111111111111110000111111101110111101111101111111001111101111111000001111111111011
111111111111111111811111111111111001111111111101110111101111101111111110010011111111011111111111111011
111111111111111181111111111111110111111111111110110111101111101111111111100111111110111111111111111011
111111111111111811111111111111100000111111111110000000000000000011111111011000111110111111111111111011
111111111111118111111111111111001111011111111110110111101111101101111110111111011101111111111111111011
111111111111811111111111110000101111101111111110110111101111101110111001111111100011111111111111111011
111111111118111111111110001111101111110000000000000000001111101111000111111111110111111111111111111011
111111111181111111111101100111101111111111111111110111101111101111101111111111101111111111111111111011
111111111811111111111011101001101111111111111111110111101111101111101111111111011111111111111111111011
111111118111111111110111101110000000111111111111110111101111101111011111111110111111111111111111111011
111111118111111111101111101111011111000000000000000000000000001111011111111101111111111111111111110011
111111118111111110011111101111011111111111111111111111111111110000011111111011111111111111111000001111
111111118111110001111111101111011111111111111111111111111111111110100011111011111111111111100111111111
111111181111101111111111101111011111111111111111111111111111111110111101110111111111111000011111111111
111111181111011111111111101111011111111111111111111111111111111110111110001111111001110111111111111111
111111181000111111111111101111011111111111111111111111111111111110111110110111111010001111111111111111
111111811101111111111111101111011111111111111111111111111111111111011101111011111010101111111111111111
111111811101111111111111100000011111111111111111111111111111111111101011111100111010101111111111111111
111111811110111111111111101111011111111111111111111111111111111111110111111111011010101111111111111111
111111811110111111111111101111011111111111111111111111111111111111101111111111101010101111111111111111
111118111110111111111111101111011111111111111111111111111111111111011111111111110010101111111111111111
111118111110111111111111100111011111111111111111111111111111111110111111111111111000101111111111111111
111118111110111111111111101000011111111111111111111111111111111101011111111111111110000001111111111111
111181111110111111111111101111011111111111111111111111111111111011101111111111000001111100111111111111
111181111111011111111111101111011111111111111111111111111111111011110111111000111111111011011111111111
111181111111011111111100001111011111111111111111111111111111111011111011100111111111111011101111111111
111181111111000000000011011111011111111111111111111111111111110111111100011111111111111011110111111111
111181111111011111111111011111011000000000000011111111111111101011111000111111111111110111111011111111
111181111111101111111111011111011011111111111100000000011111011100100110111111111111101111111101111111
111181111111101111111111011111011011111111111111011111100000011111011101111111111111101111111110111111
111181111111110111111111011111011011111111111111011111101101101110111101111111111111011111111111011111
111181111111110111111111011111011011111111111111011111011101110101111101111111111111011111111111100111
111181111111110111111111011111000000000000000000000000111011111011111011111111111111011111111111111011
111181111111111011111111011111111111111111111111011110111011110111111011111111111110111111111111111011
111181111111111101111111011111111111111111111111011101110100101111110111111111111110111111111111111011
111181111111111101111111011111111111111111111111011011110111001111101000000011111101111111111111111011
111181111111111101111111011111111111111111111110111011110111110111101111111100111101111111111111111011
111181111111111100000000000000000011111111111110001011101111110111011111111101000000001111111111111011
111181111111100001111111011111110101111111111110110011011111110111011111111101111101110001111111110111
111181000000011101111111011111110110000011111110111011011111111011011111111101111101111110000111110111
111181011111111101111111011111110111111011111110111011011111111100111111111101111011111111111001101111
111181101111111101111111011111110111111011111110111011011111111110111111111000000011111111111110001111
111181101111111101111111011111110111111000000000111011011111111111011111111011111011111111111111111111
111181110111111101111111011111110111111111111111000001011111111111100111110111110111111111111111111111
111181110111111101111111011111111011101111111111111110011111111111011000000111110111111111111111111111
111181111011111101111111101111111000001111111111111110111111111110111111111011101111111111111111111111
111181111011111110000000000000000111101111111111111110111111111101111111111011011111111111111111111111
111181111101111111111111101111111111101111111111111101111111111011111111111101011111111111111111111111
111118111101111111111111101111111111101111111111111101111111111011111111111101011111111111111111111111
111118111101111111111111101111111111101111111111111101111101111011111111111110111111111111111111111111
111118111110111111111111101111111111101111111100000011111010000111000000000000111111111111111111111111
111111811110111111111111101111111111101111110011111000011011110110111111111110111111111111111111111111
111111811111011111111111101111111111101110001111110111101011101110111111111110111111111111111111111111
111111811111101111111111101111111111101101011111110111110001101101111111111110111111111111111111111111
111111181111110111111111101111111000000011101111110111110110011101111111111111011111111111111111111111
111111181111110111111111100000000111101111110111110111110111100000000000000000001111111111111111111111
111111181111111011111111101111111111101111110000000111110111111011111101111111101111111111111111111111
111111181111111011111111101111111111101111111111110111110111111011111101111111011111111111111111111111
111111181111111011111111101111111111101111111111110111110111110111111011111110111111111111111111111111
111111118111111101111111101111111111101111111111110111110111101111111011111110111111111111111111111111
111111118111111110111111101111111111101111111111110111110111101111110111111101111111111111111111111111
111111118111111110111111101111111111101111111111110000000000000000001111111101111111111111111111111111
111111118111111111011111101111111000001111111111110111111111111111101111111101111111111111111111111111
111111111811111111011111100000000111111111111111110111111111111111111111111011111111111111111111111111
111111111811111111011111101111111111111111111111110111111111111111111111111011111111111111111111111111
111111111181111111101111101111111111111111111111110111111111111111111111111011111111111111111111111111
111111111181111111110111101111111111111100000000000000011111111111000000000011111111111111111111111111
111111111118111111111011101111111111111101101110110111100001110000111111111011111111111111111111111111
111111111111811111111011110111111111111101101110110111111110001111111111111011111111111111111111111111
111111111111181111111101110000000000111101101110110111111111111111111111111011111111111111111111111111
111111111111118111111100001110111111011101101110110111111111111111111111111011111111111111111111111111
111111111111111811111101111110000000000000000000110111111111111111111111111011111111111111111111111111
111111111111111181111110111110111111111111100000000000000000000000001111111011111111111111111111111111
111111111111111118111111011111000000000000011111111111111111111111110000000011111111111111111111111111
111111111111111111811111011110111111111111111111111111111111111111111111111111111111111111111111111111
111111111111111111181111011001111111111111111111111111111111111111111111111111111111111111111111111111
111111111111111111118111100111111111111111111111111111111111111111111111111111111111111111111111111111
111111111111111111111811111111111111111111111111111111111111111111111111111111111111111111111111111111
144444444444444444444444444444444444444444444444444444444444444444444444444444444444444444444444444441
144444444444444444444444444444444444444444444444444444444444444444444444444444444444444444444444444441
144444444444444444444444444444444444444444444444444444444444444444444444444444444444444444444444444441
144444444444444444444444444444444444444444444444444444444444444444444444444444444444444444444444444441
144444444444444444444444444444444444444444444444444444444444444444444444444444444444444444444444444441
144444444444444444444444444444444444444444444444444444444444444444444444444444444444444444444444444441
144444444444444444444444444444444444444444444444444444444444444444444444444444444444444444444444444441
144444444444444444444444444444444444444444444444444444444444444444444444444444444444444444444444444441
144444444444444444444444444444444444444444444444444444444444444444444444444444444444444444444444444441
144444444444444444444444444444444444444444444444444444444444444444444444444444444444444444444444444441
111111111111111111111111111111111111111111111111111111111111111111111111111111111111111111111111111111