111111111111111111111111111111111111111111111111111111111111111111111111111111111111111111111111111111
111111111111111111111111111111111118888888888888888888888888888888888888888881111111111111111111111111
111111111111111111111111118888888888888888888888888888888888888888888888888811000000000000000000011111
111111111111111111118888888888888888888888888888888888111111111111111111111110101111111111111111100011
111111111111111188888888888888888888888888888111111111110011111111111111111101110111111111111111101011
111111111111888888888888888888888888888888111111111111101101111111111111111011110111111111111111011011
111111111118888888888888888888888888888811111111111110011110100000001111110111110111111111111110111011
111111111888888888888888888888888888111111111111111110011111011111110111001111111011111111111101111011
111111188888888888888888888888881111111111111111111101101111011111111010111111111101111111111011111011
111111888888888888888888888111111111111111111111111011101111011111111100111111110001111111110111111011
111118888888888888888888811111111111111111111111111011101111011111111011000111101111111111001111111011
111118888888888888888881111111111111111111000000000011101111011111110111111000001111111100111111111011
111188888888888888888111111111111111111000111101111011101111011111000011111110110001110011111111111011
111188888888888888881111111111111111110111111101111011101111100000111100111101111110001111111111111011
111188888888888888811111111111111111101111111101111011101111101111111111010011111111011111111111111011
111888888888888881111111111111111100011111111110110111101111101111111111000111111110111111111111111011
111888888888888811111111111110000011111111111110000000000000000111111110111000001110111111111111111011
118888888888888111111111111001100111111111111110110111101111101011111101111111110101111111111111111011
118888888888811111111111110111101001111111111110110111101111101100111011111111111011111111111111111011
118888888888111111111111101111101110000000000000000000001111101111000111111111110111111111111111111011
188888888881111111111111000111101111111111111111110111101111101111011111111111101111111111111111111011
188888888811111111111100101000101111111111111111110111101111101110111111111111011111111111111111111011
188888888111111111110011101111000000000000011111110111101111101110111111111110111111111111111111111011
188888888111111111101111101111101111111111100000000000000000001110111111111101111111111111111111110011
188888888111111111011111101111101111111111111111111111111111110000011111111011111111111111111111001111
188888888111111100111111101111101111111111111111111111111111111110100011111011111111111111100000111111
188888881111111011111111101111101111111111111111111111111111111110111100110111111111111110011111111111
188888881111100111111111101111011111111111111111111111111111111110111111001111111001111101111111111111
188888881000011111111111101111011111111111111111111111111111111110111110110111111010000011111111111111
188888811011111111111111100000011111111111111111111111111111111111011101111001111010101111111111111111
188888811101111111111111101111011111111111111111111111111111111111101011111110111010101111111111111111
188888811101111111111111101111011111111111111111111111111111111111110111111111011010101111111111111111
188888811110111111111111101111011111111111111111111111111111111111101111111111101010101111111111111111
188888111110111111111111101111011111111111111111111111111111111111011111111111110010101111111111111111
188888111110111111111111101111011111111111111111111111111111111110111111111111111000101111111111111111
188888111110111111111111100000011111111111111111111111111111111101011111111111111100000001111111111111
188881111110111111111111101111011111111111111111111111111111111101100111111111100011111010111111111111
188881111110111111111111101111011111111111111111111111111111111101111011110000011111111011011111111111
188881111111011000000000001111011111111111111111111111111111111011111101001111111111110111100111111111
188881111111000111111111011111011111111111111111111111111111110111111110111111111111101111111011111111
188881111111101111111111011111011000000000000000111111111111101001111100111111111111011111111101111111
188881111111101111111111011111011011111111111111011111111111011110100010111111111111011111111110111111
188881111111101111111111011111011011111111111111000000000000111111011101111111111111011111111111011111
188881111111101111111111011111011011111111111111011111101110001110111011111111111110111111111111101111
188881111111110111111111011111011011111111111111011111011101110101111011111111111110111111111111110111
188881111111110111111111011111000000000000000000001110111101111011111011111111111110111111111111111011
188881111111110111111111011111111111111111111111010000111011110111110111111111111110111111111111111011
188881111111110111111111011111111111111111111111011110110101110111110011111111111101111111111111111011
188881111111111011111111011111111111111111111111011101110110001111110101111111111101111111111111111011
188881111111111101111111011111111111111111111110111101110111110111110110000000111101111111111111111011
188881111111000000000000000000000000111111111110001101110111110111110111111101000000001111111111111011
188881111110111101111111011111110111001111111110110011110111111011101111111011111011110111111111110111
188881000001111101111111011111110111110011111110111011110111111011101111111011111011111000000111110111
188881101111111101111111011111110111111011111110111011110111111101011111111011111011111111111000101111
188881101111111110111111011111111011111011111110111011110111111110111111111000000011111111111111001111
188881110111111110111111011111111011111000000000000111101111111111011111111011111011111111111111111111
188881111011111110111111011111111011111111111111110001011111111111100011111011111011111111111111111111
188881111011111110111111011111111011001111111111111110011111111111011100000111111011111111111111111111
188881111011111110111111101000000000101111111111111110111111111110111111111011111011111111111111111111
188881111011111110000000000111111111101111111111111110111111111101111111111011110111111111111111111111
188881111101111111111111101111111111101111111111111110111111111101111111111011101111111111111111111111
188888111101111111111111101111111111101111111111111110111111111011111111111101011111111111111111111111
188888111101111111111111101111111111101111111111111101111100000111111111111100111111111111111111111111
188888111110111111111111101111111111101111111111000001111101110111000000000000111111111111111111111111
188888811111011111111111101111111111101111110000111010111101101111011111111111011111111111111111111111
188888811111101111111111101111111111101110001111111011001011101111011111111111101111111111111111111111
188888811111101111111111101111111111100001011111111011110000101110111111111111101111111111111111111111
188888881111110111111111101111111000001111101111111011110111000101111111111111101111111111111111111111
188888881111110111111111100000000111101111110111110111110111111000000000000000001111111111111111111111
188888881111110111111111101111111111101111110000000111110111110111111011111111011111111111111111111111
188888881111111011111111101111111111101111111111110111110111110111111011111111011111111111111111111111
188888881111111101111111101111111111101111111111110111110111101111111011111111011111111111111111111111
188888888111111110111111101111111111101111111111110111110111011111111011111110111111111111111111111111
188888888111111110111111101111111111101111111111110111110111011111110111111110111111111111111111111111
188888888111111110111111101111111111101111111111110000000000000000010111111101111111111111111111111111
188888888111111110111111101111110000001111111111110111111111111111101111111101111111111111111111111111
188888888811111110111111100000001111111111111111110111111111111111111111111101111111111111111111111111
188888888811111111011111101111111111111111111111110111111111111111111111111101111111111111111111111111
188888888881111111101111101111111111111111111111110111111111111111111111111011111111111111111111111111
188888888881111111110111101111111111111100000000000111111111111111000000000011111111111111111111111111
188888888888111111110111101111111111111101101110110000000111111100111111111011111111111111111111111111
188888888888811111110111110111111111111101101110110111111000000011111111111011111111111111111111111111
188888888888881111110111000000000000111101101110110111111111111111111111111011111111111111111111111111
188888888888888111111010111110111111011101101110110111111111111111111111111011111111111111111111111111
188888888888888811111101111110111000000000000000110111111111111111111111111011111111111111111111111111
188888888888888881111110111110000111111111111111110000000000000111111111111011111111111111111111111111
188888888888888888111110111111111111100000000000001111111111111000000000000011111111111111111111111111
188888888888888888811110111110000000011111111111111111111111111111111111111111111111111111111111111111
188888888888888888881111010001111111111111111111111111111111111111111111111111111111111111111111111111
188888888888888888888111101111111111111111111111111111111111111111111111111111111111111111111111111111
188888888888888888888811111111111111111111111111111111111111111111111111111111111111111111111111111111
144444444444444444444444444444444444444444444444444444444444444444444444444444444444444444444444444441
144444444444444444444444444444444444444444444444444444444444444444444444444444444444444444444444444441
144444444444444444444444444444444444444444444444444444444444444444444444444444444444444444444444444441
144444444444444444444444444444444444444444444444444444444444444444444444444444444444444444444444444441
144444444444444444444444444444444444444444444444444444444444444444444444444444444444444444444444444441
144444444444444444444444444444444444444444444444444444444444444444444444444444444444444444444444444441
144444444444444444444444444444444444444444444444444444444444444444444444444444444444444444444444444441
144444444444444444444444444444444444444444444444444444444444444444444444444444444444444444444444444441
144444444444444444444444444444444444444444444444444444444444444444444444444444444444444444444444444441
144444444444444444444444444444444444444444444444444444444444444444444444444444444444444444444444444441
111111111111111111111111111111111111111111111111111111111111111111111111111111111111111111111111111111