111111111111111111111111111111111111111111111111111111111111111111111111111111111111111111111111111111
111111111111111111111111111111111111111111111111111111111111111111111111111181111111111111111111111111
111111111111111111111111111111111111111111111111111111888888888888888888888811000001111111111111111111
111111111111111111111111111111111111111111111888888888111111111111111111111110011110000000000000000011
111111111111111111111111111111111111111111888111111111100011111111111111111101011111111111111111100011
111111111111111111111111111111111111111188111111111111011101111111111111111011011111111111111111011011
111111111111111111111111111111111111888811111111111110111110111100001111110111101111111111111110111011
111111111111111111111111111111118888111111111111111101011111000011110111101111110111111111111101111011
111111111111111111111111111888881111111111111111111101011111011111111010011111111011111111111011111011
111111111111111111111111118111111111111111111111111011101111011111111101111111111101111111110111111011
111111111111111111111111811111111111111111111111111011101111101111111010000111100011111111001111111011
111111111111111111111181111111111111111111100000000011101111101111110111111000000001111100111111111011
111111111111111111118111111111111111110000011101111011101111101100000011111110111110111011111111111011
111111111111111111181111111111111111101111111101111011101111100011111100111101111111000111111111111011
111111111111111111811111111111111100011111111101110111101111101111111111010011111111011111111111111011
111111111111111181111111111111111011111111111101110111101111101111111111101111111110111111111111111011
111111111111111811111111111111100111111111111110000000000000001111111111010000001110111111111111111011
111111111111118111111111111111000111111111111110110111101111100011111100111111110101111111111111111011
111111111111811111111111111000101000111111111110110111101111101101111011111111111011111111111111111011
111111111118111111111111100111101111000000000000000000001111101110000111111111110111111111111111111011
111111111181111111111110001011101111111111111111110111101111101111011111111111101111111111111111111011
111111111811111111111001101100001111111111111111110111101111101111011111111111011111111111111111111011
111111118111111111110111101111100001111111111111110111101111101111011111111110111111111111111111111011
111111118111111111101111101111101110000000000000000000000000000001011111111101111111111111111111100011
111111118111111111011111101111101111111111111111111111111111111110001111111011111111111111111110011111
111111118111100000111111101111101111111111111111111111111111111110110000110111111111111111100001111111
111111181111011111111111101111101111111111111111111111111111111110111111010111111111111111011111111111
111111181100111111111111101111101111111111111111111111111111111110111111101111111001110000111111111111
111111181011111111111111101111011111111111111111111111111111111110111111010111111010001111111111111111
111111811101111111111111100111011111111111111111111111111111111111011110111011111010101111111111111111
111111811101111111111111101000011111111111111111111111111111111111101001111101111010101111111111111111
111111811101111111111111101111011111111111111111111111111111111111110111111110111010101111111111111111
111111811110111111111111101111011111111111111111111111111111111111101111111111011010101111111111111111
111118111110111111111111101111011111111111111111111111111111111111011111111111100010101111111111111111
111118111110111111111111101111011111111111111111111111111111111110111111111111111000101111111111111111
111118111110111111111111100000011111111111111111111111111111111101011111111111110000000001111111111111
111181111111011111111111101111011111111111111111111111111111111011101111111111001111111100111111111111
111181111111011111111111101111011111111111111111111111111111110111110111111110111111111101011111111111
111181111111011111000000001111011111111111111111111111111111110111111011111001111111111101101111111111
111181111111000000111111101111011111111111111111111111111111110111111100000111111111111101110111111111
111181111111011111111111101111011000000000000001111111111111101011111100111111111111111101111011111111
111181111111101111111111101111011011111111111110000001111111011101110001111111111111111101111101111111
111181111111110111111111101111011011111111111111011110000000111110001011111111111111111011111110111111
111181111111110111111111011111011011111111111111011111101101001110111011111111111111111011111111001111
111181111111110111111111011111011011111111111111011111101011110101111011111111111111110111111111110111
111181111111110111111111011111000000000000000000000011011011111011111011111111111111101111111111111011
111181111111110111111111011111111111111111111111011100111011110111110111111111111111011111111111110111
111181111111111011111111011111111111111111111111011110111000001111110111111111111111011111111111110111
111181111111111011111111011111111111111111111111011101111011101111110000000011111111011111111111110111
111181111111111101111111011111111111111111111111011011111011110111101111111100000110111111111111110111
111181111111100000000000000000000111111111111110111011111011110111101111111101111000011111111111110111
111181111000011101111111011111110000011111111110000011110111111011101111111011111101100000011111110111
111181000111111101111111011111110111100011111110111011110111111011101111111011111101111111100011101111
111181011111111101111111101111110111111011111110110111110111111101011111111011111101111111111101101111
111181101111111110111111101111111011111011111110110111110111111110111111111000000011111111111110001111
111181101111111110111111101111111011111000000000010111101111111111011111111011110111111111111111111111
111181110111111110111111101111111011111111111111100011011111111111100001111011110111111111111111111111
111181111011111110111111101111111010001111111111111100011111111111101110000111110111111111111111111111
111181111101111110111111100000000001101111111111111110111111111111011111110111101111111111111111111111
111181111110111110000000001111111111101111111111111101111111111111011111111011101111111111111111111111
111181111111011111111111101111111111101111111111111101111111111110111111111101101111111111111111111111
111118111111101111111111101111111111101111111111111101111111111101111111111110011111111111111111111111
111118111111101111111111101111111111101111111111111011111101111011111111111110111111111111111111111111
111118111111110111111111101111111111101111111111110011111010000111000000000000111111111111111111111111
111111811111110111111111101111111111101111111000000101110111110110111111111110111111111111111111111111
111111811111110111111111101111111111101111000111110110000111110101111111111111011111111111111111111111
111111811111111011111111101111111111101110101111110111110111101101111111111111101111111111111111111111
111111181111111011111111101000000000000001101111110111110000011101111111111111101111111111111111111111
111111181111111101111111100111111111101111110111110111110111100000000000000000001111111111111111111111
111111181111111110111111101111111111101111110000000111110111110111111011111111101111111111111111111111
111111181111111111011111101111111111101111111111110111110111110111111011111111011111111111111111111111
111111181111111111101111101111111111101111111111110111110111101111111011111111011111111111111111111111
111111118111111111101111101111111111101111111111110111110111101111111011111111011111111111111111111111
111111118111111111110111101111111111101111111111110111110111011111110111111111011111111111111111111111
111111118111111111110111101111111111101111111111110000000000000000101111111111011111111111111111111111
111111118111111111110111101111111100001111111111110111111111111111001111111110111111111111111111111111
111111111811111111110111100000000011111111111111110111111111111111111111111110111111111111111111111111
111111111811111111110111101111111111111111111111110111111111111111111111111101111111111111111111111111
111111111181111111111011101111111111111111111111110111111111111111111111111011111111111111111111111111
111111111181111111111011101111111111111100000000000111111111111111111111100011111111111111111111111111
111111111118111111111101101111111111111101101110110001111111111111000000011011111111111111111111111111
111111111111811111111101101111111111111101101110110110000000000000111111111011111111111111111111111111
111111111111181111111101100000000000111101101110110111111111111111111111111011111111111111111111111111
111111111111118111111101011110111111011101101110110111111111111111111111111011111111111111111111111111
111111111111111811111100111110111000000000000000110111111111111111111111111011111111111111111111111111
111111111111111181111101111110000111111110000000000000011111111111111111111011111111111111111111111111
111111111111111118111110111111111111000001111111111111100000000000000000000011111111111111111111111111
111111111111111111811111011111110000111111111111111111111111111111111111111111111111111111111111111111
111111111111111111181111101110001111111111111111111111111111111111111111111111111111111111111111111111
111111111111111111118111100001111111111111111111111111111111111111111111111111111111111111111111111111
111111111111111111111811111111111111111111111111111111111111111111111111111111111111111111111111111111
144444444444444444444444444444444444444444444444444444444444444444444444444444444444444444444444444441
144444444444444444444444444444444444444444444444444444444444444444444444444444444444444444444444444441
144444444444444444444444444444444444444444444444444444444444444444444444444444444444444444444444444441
144444444444444444444444444444444444444444444444444444444444444444444444444444444444444444444444444441
144444444444444444444444444444444444444444444444444444444444444444444444444444444444444444444444444441
144444444444444444444444444444444444444444444444444444444444444444444444444444444444444444444444444441
144444444444444444444444444444444444444444444444444444444444444444444444444444444444444444444444444441
144444444444444444444444444444444444444444444444444444444444444444444444444444444444444444444444444441
144444444444444444444444444444444444444444444444444444444444444444444444444444444444444444444444444441
144444444444444444444444444444444444444444444444444444444444444444444444444444444444444444444444444441
111111111111111111111111111111111111111111111111111111111111111111111111111111111111111111111111111111