111111111111111111111111111111111111111111111111111111111111111111111111111111111111111111111111111111
111111111111111111111111111111111111111111111111111111111111111111111111111181111111111111111111111111
111111111111111111111111111111111111111111111111111111888888888888888888888811000000000000001111111111
111111111111111111111111111111111111111111111888888888111111111111111111111110101111111111110000000011
111111111111111111111111111111111111111111888111111111111011111111111111111101101111111111111111110011
111111111111111111111111111111111111111188111111111111110101111111111111111011110111111111111111101011
111111111111111111111111111111111111888811111111111110001110111100001111110111111011111111111110011011
111111111111111111111111111111118888111111111111111110011111000011110111001111111011111111111101111011
111111111111111111111111111888881111111111111111111101011111011111111010111111111101111111111011111011
111111111111111111111111118111111111111111111111111101101111011111111100001111111101111111110111111011
111111111111111111111111811111111111111111111111111011101111011111111011110011100011111100001111111011
111111111111111111111181111111111111111111111000000111101111101111110111111100011111111011111111111011
111111111111111111118111111111111111111000000101110111101111100000000111111110100011110111111111111011
111111111111111111181111111111111111000111111101110111101111101111111001111001111100001111111111111011
111111111111111111811111111111111110111111111110110111101111101111111110110111111111011111111111111011
111111111111111181111111111111111101111111111110110111101111101111111111000011111110111111111111111011
111111111111111811111111111111100011111111111110000000000000000111111111011101111101111111111111111011
111111111111118111111111111100000011111111111110110111101111101001111100111110001101111111111111111011
111111111111811111111111111011101100111111111110110111101111101110010011111111110011111111111111111011
111111111118111111111110000111101111000000000000000000001111101111101111111111110111111111111111111011
111111111181111111111001100001101111111111111111110111101111101111101111111111101111111111111111111011
111111111811111111100111101110101111111111111111110111101111101111011111111111011111111111111111111011
111111118111111110011111101111000001111111111111110111101111101110111111111110111111111111111111111011
111111118111111101111111101111101110000000000000000000000000001110111111111101111111111111111100000011
111111118111111011111111101111101111111111111111111111111111110000011111111011111111111111111011111111
111111118111000111111111101111101111111111111111111111111111111110100001111011111111111111100111111111
111111181110111111111111101111101111111111111111111111111111111110111110010111111111111100011111111111
111111181101111111111111101111101111111111111111111111111111111110111111100111111001110011111111111111
111111181011111111111111101111101111111111111111111111111111111110111111011011111010001111111111111111
111111811011111111111111100111101111111111111111111111111111111111011110111101111010101111111111111111
111111811011111111111111101000011111111111111111111111111111111111101001111110111010101111111111111111
111111811011111111111111101111011111111111111111111111111111111111110111111111011010101111111111111111
111111811011111111111111101111011111111111111111111111111111111111101111111111101010101111111111111111
111118111011111111111111101111011111111111111111111111111111111111011111111111110010101111111111111111
111118111011111111111111101111011111111111111111111111111111111110111111111111111000101111111111111111
111118111011111111111111100000011111111111111111111111111111111101011111111111000000000001111111111111
111181111011111111111111101111011111111111111111111111111111111011101111111100111111111100111111111111
111181111101111111111111101111011111111111111111111111111111111011110111100011111111111011011111111111
111181111110100000000000001111011111111111111111111111111111110111111001011111111111110111100111111111
111181111111011111111111101111011111111111111111111111111111110111111100111111111111110111111011111111
111181111111011111111111011111011000111111111111111111111111101001110010111111111111101111111101111111
111181111111011111111111011111011011000000000000000001111111011110101101111111111111101111111110111111
111181111111011111111111011111011011111111111111011110000000011111011101111111111111011111111111011111
111181111111101111111111011111011011111111111111011111101110101110111101111111111111011111111111101111
111181111111110111111111011111011011111111111111011111011110110101111101111111111110111111111111110111
111181111111110111111111011111000000000000000000000000111101111011111101111111111110111111111111111011
111181111111110111111111011111111111111111111111011110111001110111111011111111111110111111111111111011
111181111111111011111111011111111111111111111110111101111010010111110000011111111110111111111111111011
111181111111111011111111011111111111111111111110111011111011101111110111100111111101111111111111110111
111181111111111101111111011111111111111111111110111011111011110111110111111000011101111111111111110111
111181111111110000000000000000000111111111111110111011110111110111101111111101100000001111111111110111
111181110000001101111111011111110001111111111110000011110111111011011111111101111101110011111111110111
111181001111111101111111011111111010000011111110111011110111111100111111111101111101111100011111110111
111181101111111101111111011111111011111011111110111011110111111110111111111011111011111111100000010111
111181101111111101111111011111111011111011111110111011101111111110111111111000000011111111111111101111
111181110111111101111111011111111011111000000000001011101111111111011111111011110111111111111111111111
111181110111111101111111011111111011111111111111110111011111111111100000110111110111111111111111111111
111181110111111101111111011111111011001111111111111000011111111111011111000111101111111111111111111111
111181110111111110111111101111100000101111111111111111011111111110111111110111101111111111111111111111
111181110111111110000000000000011111101111111111111110111111111101111111111011011111111111111111111111
111181111011111111111111101111111111101111111111111110111111111011111111111101011111111111111111111111
111118111011111111111111101111111111101111111111111101111111111011111111111110011111111111111111111111
111118111011111111111111101111111111101111111111111101111101110111111111111110111111111111111111111111
111118111101111111111111101111111111101111111111111011111100000111000000000000111111111111111111111111
111111811110111111111111101111111111101111111100000001111101110110111111111110111111111111111111111111
111111811110111111111111101111111111101100000011111010111011101110111111111110111111111111111111111111
111111811111011111111111101111111111100011011111110111000000101101111111111111011111111111111111111111
111111181111101111111111101111110000001111011111110111110111000011111111111111101111111111111111111111
111111181111101111111111100000001111101111101111110111110111111000000000000000001111111111111111111111
111111181111110111111111101111111111101111110000000111110111111011111011111111101111111111111111111111
111111181111110111111111101111111111101111111111110111110111111011111011111111011111111111111111111111
111111181111111011111111101111111111101111111111110111110111111011111011111110111111111111111111111111
111111118111111101111111101111111111101111111111110111110111110111111011111110111111111111111111111111
111111118111111101111111101111111111101111111111110111110111101111111011111110111111111111111111111111
111111118111111101111111101111111111101111111111110000000000011111110111111110111111111111111111111111
111111118111111110111111101111000000001111111111110111111111100000001111111110111111111111111111111111
111111111811111111011111100000111111111111111111110111111111111111111111111110111111111111111111111111
111111111811111111011111101111111111111111111111110111111111111111111111111101111111111111111111111111
111111111181111111011111101111111111111111111111110111111111111111111111111101111111111111111111111111
111111111181111111101111101111111111111100000000000001111111111111111111100011111111111111111111111111
111111111118111111110111101111111111111101101110110110000000110000000000011011111111111111111111111111
111111111111811111110111110111111111111101101110110111111111001111111111111011111111111111111111111111
111111111111181111111011110000000000111101101110110111111111111111111111111011111111111111111111111111
111111111111118111111101101110111110111101101110110111111111111111111111111011111111111111111111111111
111111111111111811111100011110111111000000000000110111111111111111111111111011111111111111111111111111
111111111111111181111101111110000000111111000000000000000000001111111111111011111111111111111111111111
111111111111111118111110111111111111100000111111111111111111110000000000000011111111111111111111111111
111111111111111111811110111111100000011111111111111111111111111111111111111111111111111111111111111111
111111111111111111181111011110011111111111111111111111111111111111111111111111111111111111111111111111
111111111111111111118111100001111111111111111111111111111111111111111111111111111111111111111111111111
111111111111111111111811111111111111111111111111111111111111111111111111111111111111111111111111111111
144444444444444444444444444444444444444444444444444444444444444444444444444444444444444444444444444441
144444444444444444444444444444444444444444444444444444444444444444444444444444444444444444444444444441
144444444444444444444444444444444444444444444444444444444444444444444444444444444444444444444444444441
144444444444444444444444444444444444444444444444444444444444444444444444444444444444444444444444444441
144444444444444444444444444444444444444444444444444444444444444444444444444444444444444444444444444441
144444444444444444444444444444444444444444444444444444444444444444444444444444444444444444444444444441
144444444444444444444444444444444444444444444444444444444444444444444444444444444444444444444444444441
144444444444444444444444444444444444444444444444444444444444444444444444444444444444444444444444444441
144444444444444444444444444444444444444444444444444444444444444444444444444444444444444444444444444441
144444444444444444444444444444444444444444444444444444444444444444444444444444444444444444444444444441
111111111111111111111111111111111111111111111111111111111111111111111111111111111111111111111111111111