1111111111111111111111111111111111111111111111111111111111111111111111111111111111111111111111111111111111111111111111111111111111111111111111111111111111111111111111111111111111111111111111111111111111
1111111111111111111111111111111111111111111111111111111111111111111111111111111111111111111188888888888888888888811111111111111111111111111111111111111111111111111111111111111111111111111111111111111111
1111111111111111111111111111111111111111111111111111111111111111111111111111111111111888888888888888888888888888888111111111111111111111111111111111111111111111111111111111111111111111111111111111111111
1111111111111111111111111111111111111111111111111111111111111111111111111111118888888888888888888888888888888888888881111111111111111111111111111111111111111111111111111111111111111111111111111111111111
1111111111111111111111111111111111111111111111111111111111111111111111888888888888888888888811111111111111111111118888881111111111111111111111111111111111111111111111111111111111111111111111111111111111
1111111111111111111111111111111111111111111111111111111111111118888888888888888888888111111111111111111110000111111888888811111111111111111111111111111111111111111111111111111111111111111111111111111111
1111111111111111111111111111111111111111111111111111111888888888888888888888881111111111111000000000000001101001111111888888111111111111111111111111111111111111111111111111111111111111111111111111111111
1111111111111111111111111111111111111111111111118888888888888888888888111100000000000000000111111111111111101110000001188888881111111111111111111111111111111111111111111111111111111111111111111111111111
1111111111111111111111111111111111111111188888888888888888888811100000000001111101111111111111111111111111011111111010001188888881111111111111111111111111111111111111111111111111111111111111111111111111
1111111111111111111111111111111111188888888888888888888111111111011111111011111101111111111111111111111111011111111011110111888888811111111111111111111111111111111111111111111111111111111111111111111111
1111111111111111111111111111188888888888888888881111111111111000111111110111111110111111111111111111111110111111111011110011118888888811111111111111111111111111111111111111111111111111111111111111111111
1111111111111111111111118888888888811111111111111111111111100111111111101111111111011111111111111111111110111111110111101101111188888888111111111111111111111111111111111111111111111111111111111111111111
1111111111111111111111888888811111111111111111111111111000001111111111011111111111011111111111111111111110111111101111101110111111888888881111111111111111111111111111111111111111111111111111111111111111
1111111111111111111188881111111111111111111111111111110111011111111110111111111111101111111111111111111110111111011111101111000111118888888811111111111111111111111111111111111111111111111111111111111111
1111111111111111118888111111111111111111111111111111001110111111111101111111111100010111111111111111111110111111011111011111111011111118888888811111111111111111111111111111111111111111111111111111111111
1111111111111111888811111111111111111111111111110000110001111111111011111111110011111011111111111111111100111111011111011111111101111111188888888111111111111111111111111111111111111111111111111111111111
1111111111111188881111111111111111111111110000001110001110111111110111111111101111111101111111111111111010111111011110111111111100111111111888888881111111111111111111111111111111111111111111111111111111
1111111111118888111111111111111111111110001111111101111111011111101111111111011111111110111111111110000110111111011110111111111101011111111118888888811111111111111111111111111111111111111111111111111111
1111111111888811111111111111110000000001111111111011111111101111011111111110111111111111011111111101111110111111011110111111111101100111111111118888888811111111111111111111111111111111111111111111111111
1111111188881111111111111111001110111111111111000111111111110100101111111001111111111111101111100011111101111111011110111111111101111001111111111188888888111111111111111111111111111111111111111111111111
1111118888111111111111111110111111011111111110111111111111111011110111110111111111111111110110011111111011111111011110111111111101111110111111111111188888888111111111111111111111111111111111111111111111
1111888811111111111111111001111111011111111101111111111111100101111011101111111111111111111001111111111011111111011110111111111101111111001111111111111888888881111111111111111111111111111111111111111111
1188881111111111111111110111111111101111111011111111111110011101111101011111111111111111111011111111111011111111011110111111111101111111110111111111111188888888111111111111111111111111111111111111111111
1888111111111111111111001111111111101111110111111111111101111110111000111111111111111111110011111111111001111111011110111111111011111111111011111111111111888888881111111111111111111111111111111111111111
1881111111111111111110110111111111110111001111111111110011111111010111011111111111111111101101111111110110000111011101111111111011111111111100111111111111188888888111111111111111111111111111111111111111
1111111111111111111001111011111111111010111111111111101111111111101111101111111111111111011101111111001111111000000011111111111011111111111111011111111111118888888811111111111111111111111111111111111111
1111111111111111100111111011111111111101111111111111011111111100011111101111111111111110111110111000101111111110110100111111111011111111111111100000111111111888888881111111111111111111111111111111111111
1111111111111111011111111101111111111010111111111110111111111011111111101111111111111101111111000111101111111110110111000000000011111111111111111111001111111188888888111111111111111111111111111111111111
1111111111111110011111111110111111110111011111111101111111110111111111110111111111100011111111011111101111111101110111101111111011111111111111111111110111111111888888881111111111111111111111111111111111
1111111111111110011111111111011111100111011111100011111111001111111111110111111111101111111110101111101111111101110111101111111011111111111111111111101111111111188888888111111111111111111111111111111111
1111111111111101011111111111011111011011011110011011111110111111111111111011111111110111111101110111101111111101101111101111111011111111111111111110011111111111118888888811111111111111111111111111111111
1111111111111011011111111111101100111101101101111101111101111111111111111101111111111011110011111011011111111101011111101111111011111111111111111101111111111111111888888881111111111111111111111111111111
1111111111110111011111111111101011111110101011111110111011111111111111111110111111111101101111111100111111111010111111101111111011111111111110000011111111111111111188888888111111111111111111111111111111
1111111111101111011111111111100111111110110111111111010111111111111111111111011111111110000001111100111111110110111111011111111011111111111101111111111111111111111111888888881111111111111111111111111111
1111111111011111011111111111101111111110101111111111101111111111111111111111011111100001111110000000000000000000000000001111111011111111110011111111111111111111111111188888888111111111111111111111111111
1111111110111100000111111111101111111110011111111111011111111111111111111111101111011111111111111111111111011111111111010000000011111111101111111111111111111111111111118888888811111111111111111111111111
1111111110110011111000111111110111111101111111111110111111111111111111111111110100111111111111111111111111011111111111011111111011111111011111111111111111111111111111111888888881111111111111111111111111
1111111111001111111111011111110111111011111111111101111111111111111111111111111011111111111111111111111111011111111111011111111011111110111111111111111111111111111111111188888888111111111111111111111111
1111111111011111111110101111111011000111111111111011111111111111111111111111111011111111111111111111111111011111111111011111111011111101111111111111111111111111111111111111888888881111111111111111111111
1111111110011111111101110011111010111111111111110111111111111111111111111111111101111111111111111111111111011111111111011111111011111011111111111111111111111111111111111111188888888111111111111111111111
1111111101101111111011111100111101111111111111101111111111111111111111111111111101111111111111111111111111011111111111011111111011110111111111111111111111111111111111111111118888888811111111111111111111
1111110011110111110111111111001010111111111111011111111111111111111111111111111101111111111111111111111111011111111111011111111011101111111111111111111111111111111111111111118888888881111111111111111111
1111101111111011101111111111110110111111111110111111111111111111111111111111111101111111111111111111111111011111111111011111111010011111111111111111111111111111111111111111111888888888111111111111111111
1111011111111000011111111111101110111111111101111111111111111111111111111111111101111111111111111111111111001111111111011111111001111111111111111111111111111111111111111111111188888888881111111111111111
1110111111110101111111111111011111011111000011111111111111111111111111111111111101111111111111111111111110010000000111011111110011111111111111111111111111111111111111111111111118888888888111111111111111
1101111110001110111111111110111111101110111111111111111111111111111111111111111101111111111111111111111001011111111000011111100111111111111111111111111111111111111111111111111111888888888811111111111111
1110111101111111011111111101111111101101111111111111111111111111111111111111111101111111111111111111110111011111111111011111011011111111111111111111111111111111111111111111111111888888888881111111111111
1110100011111100101111100011111111110011111111111111111111111111111111111111111101111111111111111111101111011111111111011110111011111111111111111111111111111111111111111111111111188888888888811111111111
1110011111111011110111011111111111101011111111111111111111111111111111111111111110111111111111111111011111011111111111011001111011111111111111111111111111111111111111111111111111118888888888888111111111
1110111111110111111000111111111111011101111111111111111111111111111111111111111110111111111111111110111111011111111111010111111011111111111111111111111111111111111111111111111111111888888888888811111111
1110111100001110000011111111111110111101111111111111111111111111111111111111111110111111111111111101111111011111111111001111111011111111111111111111111111111111111111111111111111111888888881118888111111
1110111011111101111011111111111101111110111111111111111111111111111111111111111110111111111111111011111111011111111111011111111011111111111111111111111111111111111111111111111111111118888888111888881111
1110110111111011111101111111111011111110111111111111111111111111111111111111111110111111111111110111111111101111111110111111111011111111111111111111111111111111111111111111111111111118888888111118888811
1111001111110111111101111111100111111111011111111111111111111111111111111111111111011111111111101111111111101111111101111111111011111111111111111111111111111111111111111111111111111111188888811111188881
1111110111001111111110111100011111111111011111111111111111111111111111111111111111011111111111011111111111110111110011111111111011111111111111111111111111111111111111111111111111111111188888811111111881
1111111010111111111111010011111111111111011111111111111111111111111111111111111111011111111110111111111111110111001111111111111011111111000111111111111111111111111111111111111111111111118888881111111111
1111111101111111111111101111111111111111101111111111111111111111111111111111111111101111111101111111111111110100111111111111111010000000110111111111111111111111111111111111111111111111111888881111111111
1111111110111111111000001111111111111111101111111111111111111111111111111111111111101111111011111111111111110011111111111110000001111111110111111111111111111111111111111111111111111111111888888111111111
1111111110111111110111101111111111111111101111111111111111111111111111111111111111110111110111111111111111110000000000000001111011111111110111111111111111111111111111111111111111111111111888888111111111
1111111110111110001111110111111111111111110111111111111111111111111111111111111111111011101111111111100000001111111111011111111011111111110111111111111111111111111111111111111111111111111188888811111111
1111111111011101111111111011111111111111110111111111111111111111111111111111111111111101011111111111011111111111111111011111111011111111110111111111111111111111111111111111111111111111111188888811111111
1111111111011011111111111101111111111111110111111111111111111111111111111111110000000000000000000000111111111111111111011111111011111111110111111111111111111111111111111111111111111111111118888881111111
1111111111010111111111111110111111111111111011111111111111111111111111111110001111111101111111111111111111111111111111011111111101111111110111111111111111111111111111111111111111111111111111888881111111
1111111111001111111111111110111111111111111101111111111111111111111110000001111111111101111111111111111111111111111111011111111110111111110111111111111111111111111111111111111111111111111111188888111111
1111111111011111111111111111011111111111111101111100000000000000000001111111111111111101111111111111111111111111111111011111111110111111110111111111111111111111111111111111111111111111111111188888111111
1111111111011111111111111111101111111111111110111011110111111111101111111111111111111101111111111111111111111111111111101111111110111111110111111111111111111111111111111111111111111111111111118888811111
1111111111011111111111111111101111100000000000000011110111111111101111111111111111111101111111111111111111111111111111101111111111011111110111111111111111111111111111111111111111111111111111118888811111
1111111111011111111111111111101111011110111110111011110111111111101111111111111111111101111111111111111111111111111111101111111111011111110111111111111111111111111111111111111111111111111111111888881111
1111111111011111111111111111110100111101111110111011111011111111101111111111111111111101111111111111111111111111111111101111111111011111110111111111111111111111111111111111111111111111111111111888881111
1111111111011111111111111111110011111011111101111011111011111111101111111111111111111101111111111111111111111111111111110111111111011111110111111111111111111111111111111111111111111111111111111188888111
1111111111011111111111111111101111110111111101111011111011111111110111111111111111111101111111111111111111111111111111111011111111011111110111111111111111111111111111111111111111111111111111111188888111
1111111111011111111111111100011111101111111101111011111011111111110111111111111111111101111111111111111111111111111111111011111111011111110111111111111111111111111111111111111111111111111111111118888811
1111111111101111110000000011111111011111111100111011111011111111111011111111111111111101111111111111111111111111111111111011111111011111111011111111111111111111111111111111111111111111111111111118888811
1111111111101110001111111111111110111111111101011011111101111111111011111111111111111101111111111111111111111111111111111011111111011111111011111111111111111111111111111111111111111111111111111111888881
1111111111101001111111111111111101111111111101100000000001111111111011111111111111111101111111111111111111111111111111111011111111011111111011111111111111111111111111111111111111111111111111111111888881
1111111111100111111111111111111011111111111011111011111101111111111011111111111111111101111111111111111111111111111111111011111111011111111011111111111111111111111111111111111111111111111111111111888881
1111111111101111111111111111110111111111111011110111111101111111111011111111111111111110111111111111111111111111111111111011111111011111111011111111111111111111111111111111111111111111111111111111888881
1111111111101111111111111111101111111111110111110111111101111111111011111111111111111110111111111111111111111111111111111011111111011111111011111111111111111111111111111111111111111111111111111111888881
1111111111101111111111111111011111111111110111110111111101111111111011111111111111111110111111111111111111111111111111111011111111011111111011111111111111111111111111111111111111111111111111111111888881
1111111111101111111111111110111111111111101111110111111101111111111011111111111111111110111111111111111111111111111111110011111111011111111011111111111111111111111111111111111111111111111111111111888881
1111111111101111111111111101111111111111101111110111111101111111111011111111111111111110111111111111111111111111111000001111111111011111111011111111111111111111111111111111111111111111111111111111888881
1111111111101111111111111011111111111111101111110111111101111111111011111111111111111111011111111111111111111111110111111111111111011111111011111111111111111111111111111111111111111111111111111111888881
1111111111101111111111110111111111111111101111101111111101111111111011111111111111111111011111111111111111111111101111111111111111011111111011111111111111111111111111111111111111111111111111111111888881
1111111111101111111111101111111111111111101111101111111101111111111011111111111111111111101111111111111111111111011111111111111111011111111101111111111111111111111111111111111111111111111111111111888881
1111111111101111111111011111111111111111011111101000000001111111111011111111111111111111101111111111111111111111011111111111111000000000000001111111111111111111111111111111111111111111111111111111888881
1111111111101111111100111111111111111111000000000111111101111111111011111111111111111111101111111111111111111110111111111111100111111111111101111111111111111111111111111111111111111111111111111111888881
1111111111101111110011111111111111111111111111011111111101111111111011111111111111111111101111111111111111111110111111111111011111111111111101111111111111111111111111111111111111111111111111111111888881
1111111111101111101111111111111111111111111111011111111101111111111011111111111111111111101111111111111111111101111111111000111111111111111011111111111111111111111111111111111111111111111111111111888881
1111111111101111011111111111111111111111111111101111111101111111111011111111111111111111101111111111111111111011111111110111111111111111111011111111111111111111111111111111111111111111111111111118888881
1111111111101110111111111111111111111111111111101111111101111111111011111111111111111111101111111111111111110000000000001111111111111111111011111111111111111111111111111111111111111111111111111118888881
1111111111101101111111111111111111111111111111101111111110111111111011111111111111111111101111111111111111110111111111111111111111111111111011111111111111111111111111111111111111111111111111111118888881
1111111111101011111111111111111111111111111111101111111110111111111011111111111111110000000000000000000000000111111111111111111111111111111011111111111111111111111111111111111111111111111111111188888881
1111111111100111111111111111111111111111111111101111111110111111111000000000000000001111101111111111111111110111111111111111111111111111111011111111111111111111111111111111111111111111111111111188888881
1111111111100000000011111111111111111111111111101111111110111111111011111111111111111111101111111111111111111011111111111111111111111111111011111111111111111111111111111111111111111111111111111888888881
1111111111110111111100000000000000000000000000001111111110111111111011111111111111111111110111111111111111111011111111111111111111111111111011111111111111111111111111111111111111111111111111111888888881
1111111111110111111111111111111111111111111111101111111110111111111011111111111111111111110111111111111111111011111111111111111111111111111011111111111111111111111111111411111111111111111111118888888811
1111111111111011111111111111111111111111111111101111111110111111111011111111111111111111110111111111111111111101111111111111111111111111111011111111111111111111111111114444411111111111111111188888888811
1111111111111101111111111111111111111111111111110111111110111111111011111111111111111111110111111111111111111101111111111111111111111111111011111111111111111111111111144444444441111111111111188888888811
1111111111111101111111111111111111111111111111110111111110111111111011111111111111111111111011111111111111111110111111111111111111111111111011111111111111111111111111144444444444444111111111888888888111
1111111111111101111111111111111111111111111111111011111111011111111011111111111111111111111011111111111111111110111111111111111111111111111011111111111111111111111111144444444444444444411118888888888111
1111111111111101111111111111111111111111111111111011111111011111111011111111111111111111111011111111111111111110111111111111111111111111111011111111111111111111111111144444444444444444411118888888888111
1111111111111101111111111111111111111111111111111011111111011111111011111111111111111111111011111111111111111110111111111111111111111111111011111111111111111111111111444444444444444444111188888888881111
1111111111111110111111111111111111111111111111111011111111011111111011111111111111111111111011111111111111111110111111111111111111111111110111111111111111111111111111444444444444444444111188888888881111
1111111111111110111111111111111111111111111111111011111000011111111011111111111111111111111011111111111111111110111111111111111111000000001111111111111111111111111111444444444444444444111888888888811111
1111111111111111011111111111111111111111111111111010000111011111111011111111111111111111111011111111111111111000000000000000000000111111011111111111111111111111111114444444444444444441111888888888811111
1111111111111111011111111111111111111111111111111001111111011111111011111111111111111111111011111111111111100111111111111111111111111110111111111111111111111111111114444444444444444441118888888888811111
1111111111111111101111111111111111111111111111111111111111011111111011111111111111111111111000000000000000011111111111111111111111111110111111111111111111111111111114444444444444444441188888888888111111
1111111111111111101111111111111111111111111111111111111111011111111011111111111111111111111011111111111111111111111111111111111111111101111111111111111111111111111144444444444444444411188888888888111111
1111111111111111110111111111111111111111111111111111111111011111111101111111111111111111111011111111111111111111111111111111111111111011111111111111111111111111111144444444444444444411888888888881111111
1111111111111111111011111111111111111111111111111111111111011111111110111111111111111111111011111111111111111111111111111111111111110111111111111111111111111111111144444444444444444411888888888881111111
1111111111111111111101111111111111111111111111111111111111011111111110111111111111111111111011111111111111111111111111111111111111101111111111111111111111111111111444444444444444444118888888888811111111
1111111111111111111101111111111111111111111111111111111111011111111110111111111111111111111011111111111111111111111111111111111111011111111111111111111111111111111444444444444444444118888888888811111111
1111111111111111111101111111111111111111111111111111111111011111111110111111111111111111111011111111111111111111111111111111111110111111111111111111111111111111111444444444444444444444444444444411111111
1111111111111111111101111111111111111111111111111111111111011111111110111111111111111111111011111111111111111111111111111111111101111111111111111111111111111111114444444444444444444444444444444111111111
1111111111111111111101111111111111111111111111111111111111011111111111011111111111111111111011111111111111111111111111111111111011111111111111111111111111111111114444444444444444444444444444444111111111
1111111111111111111110111111111111111111111111111111111111101111111111011111111111111111111011111111111111111111111111111111110111111111111111111111111111111111114444444444444444444444444444441111111111
1111111111111111111110111111111111111111111111111111111111101111111111011111111111111111111011111111111111111111111111111111101111111111111111111111111111111111144444444444444444444444444444441111111111
1111111111111111111110111111111111111111111111111111111111101111111111011111111111111111111011111111111111111111111111111111011111111111111111111111111111111111144444444444444444444444444444441111111111
1111111111111111111111011111111111111111111111111111111111101111111111011111111111111111111011111111111111111111111111111110111111111111111111111111111111111111144444444444444444444444444444411111111111
1111111111111111111111011111111111111111111111111111111111101111111111011111111111111111111011111111111111111111111111111101111111111111111111111111111111111111444444444444444444444444444444411111111111
1111111111111111111111011111111111111111111111111111111111101111111111011111111111111111111011111111111111111111111111111011111111111111111111111111111111111111444444444444444444444444444444111111111111
1111111111111111111111101111111111111111111111111111111111101111111111011111111111111111111101111111111111111111111111110111111111111111111111111111111111111111444444444444444444444444444444111111111111
1111111111111111111111101111111111111111111111111111111111110111111111011111111111000000000001111111111111111111111111101111111111111111111111111111111111111114444444444444444444444444444441111111111111
1111111111111111111111101111111111111111111111111111111111110000000000000000000000111111111101111111111111111111111111011111111111111111111111111111111111111114444444444444444444444444444441111111111111
1111111111111111111111101111111111111111111111111111111111110111111111111111111111111111111101111111111111111111111110111111111111111111111111111111111111111114444444444444444444444444444441111111111111
1111111111111111111111101111111111111111111111111111111111110111111111111111111111111111111101111111111111111111111110111111111111111111111111111111111111111144444444444444444444444444444411111111111111
1111111111111111111111110111111111111111111111111111111111110111111111111111111111111111111101111111111111111111111101111111111111111111111111111111111111111144444444444444444444444444444411111111111111
1111111111111111111111111011111111111111111111111111111111110111111111111111111111111111111110111111111111111111111011111111111111111111111111111111111111111144444444444444444444444444444111111111111111
1111111111111111111111111101111111111111111111111111111111111011111111111111111111111111111110111111111111111111110111111111111111111111111111111111111111111444444444444444444444444444444111111111111111
1111111111111111111111111101111111111111111111111111111111111011111111111111111111111111111111011111111111111111101111111111111111111111111111111111111111111444444444444444444444444444444111111111111111
1111111111111111111111111101111111111111111111111111111111111011111111111111111111111111111111011111111111111111011111111111111111111111111111111111111111111444444444444444444444444444441111111111111111
1111111111111111111111111101111111111111111111111111111111111011111111111111111111111111111111011111111111111110111111111111111111111111111111111111111111114444444444444444444444444444441111111111111111
1111111111111111111111111101111111111111111111111111111111111011111111111111111111111111111111011111111111111101111111111111111111111111111111111111111111114444444444444444444444444444411111111111111111
1111111111111111111111111110111111111111111111111111111111111011111111111111111111111111111111011111111111111001111111111111111111111111111111111111111111114444444444444444444444444444411111111111111111
1111111111111111111111111110111111111111111111111111111111111011111111111111111111111111111111011111111111110110111111111111111111111111111111111111111111144444444444444444444444444444111111111111111111
1111111111111111111111111110111111111111111111111111111111111011111111111111111111111111111111011111111111101111001111111111111111111111111111111111111111144444444444444444444444444444111111111111111111
1111111111111111111111111111011111111111111111111111111111111011111111111111111111111111111111011111111111011111110011111111111111111111111111111111111111144444444444444444444444444444111111111111111111
1111111111111111111111111111011111111111111111111111111111111011111111111111111111111111111111011111111111011111111101111111111111111111111111111111111111444444444444444444444444444441111111111111111111
1111111111111111111111111111011111111111111111111111111111111011111111111111111111111111111111011111111110111111111011111111111111111111111111111111111111444444444444444444444444444441111111111111111111
1111111111111111111111111111011111111111111111111111111111111011111111111111111111111111111111011111111101111111111011111111111111111111111111111111111111444444444444444444444444444411111111111111111111
1111111111111111111111111111101111111111111111111111111111111011111111111111111111111111111111011111111011111111111011111111111111111111111111111111111114444444444444444444444444444411111111111111111111
1111111111111111111111111111110111111111111111111111111111111011111111111111111111111111111111101111110111111111111011111111111111111111111111111111111114444444444444444444444444444411111111111111111111
1111111111111111111111111111110111111111111111111111111111111011111111111111111111111111111111101111110111111111110111111111111111111111111111111111111114444444444444444444444444444111111111111111111111
1111111111111111111111111111110111111111111111111111111111111011111111111111111111111111111111101111101111111111110111111111111111111111111111111111111144444444444444444444444444444111111111111111111111
1111111111111111111111111111110111111111111111111111111111111011111111111111111111111111111111101111011111111111101111111111111111111111111111111111111144444444444444444444444444441111111111111111111111
1111111111111111111111111111110111111111111111111111111111111011111111111111111111111111111111110110111111111111011111111111111111111111111111111111111144444444444444444444444444441111111111111111111111
1111111111111111111111111111110111111111111111111111111111111000000000000000000000000000111111111001111111111111011111111111111111111111111111111111111444444444444444444444444444411111111111111111111111
1111111111111111111111111111110111111111111111111111111111110111111111111111111111111111000000000011111111111111011111111111111111111111111111111111111444444444444444444444444444411111111111111111111111
1111111111111111111111111111111011111111111111111111111000001111111111111111111111111111111111110101111111111111011111111111111111111111111111111111111444444444444444444444444444411111111111111111111111
1111111111111111111111111111111011111111111111111111000111111111111111111111111111111111111111101110111111111111011111111111111111111111111111111111114444444444444444444444444444111111111111111111111111
1111000000000000001111111111111101111111111100000000111111111111111111111111111111111111111111011111000000111110111111111111111111111111111111111111114444444444444444444444444444111111111111111111111111
1111011111111111110000011111111110111111111011111111111111111111111111111111111111111111111110111111111111000101111111111111111111111111111111111111114444444444444444444444444441111111111111111111111111
1111011111111111111111101111111110110000000111111111111111111111111111111111111111111111111101111111111111111001111111111111111111111111111111111111144444444444444444444444444441111111111111111111111111
1111011111111111111111110000000000000011111111111111111111111111111111111111111111111111111011111111111111111111111111111111111111111111111111111111144444444444444444444444444441111111111111111111111111
1111011111111111111111111111111111011101111111111111111111111111111111111111111111111111110111111111111111111111111111111111111111111111111111111111144444444444444444444444444411111111111111111111111111
1111011111111111111111111111111110111110000001111111111111111111111111111111111111111111101111111111111111111111111111111111111111111111111111111111144444444444444444444444444411111111111111111111111111
1111011111111111111111111111111110111111111110000000000000000000000111111111111111111111011111111111111111111111111111111111111111111111111111111111144444444444444444444444444411111111111111111111111111
1111011111111111111111111111111110111111111111111101111111111111111000000111111111111110111111111111111111111111111111111111111111111111111111111111144444444444444444444444444411111111111111111111111111
1111011111111111111111111111111110111111111111111101111111111111111101111000000000000000001111111111111111111111111111111111111111111111111111111111144444444444444444444444444411111111111111111111111111
1111011111111111111111111111111110111111111111111101111111111111111101111111111111111101110000000001111111111111111111111111111111111111111111111111144444444444444444444444444411111111111111111111111111
1111011111111111111111111111111110111111111111111101111111111111111101111111111111111011111111111110000000111111111111111111111111111111111111111111444444444444444444444444444411111111111111111111111111
1110111111111111111111111111111110111111111111111101111111111111111101111111111111111011111111111111011111000111111111111111111111111111111111111111444444444444444444444444444411111111111111111111111111
1110111111111111111111111111111110111111111111111101111111111111111101111111111111111011111111111111011111111000001111111111111111111111111111111111444444444444444444444444444411111111111111111111111111
1110111111111111111111111111111110111111111111111101111111111111111101111111111111111011111111111111011111111111110001111111111111111111111111111111444444444444444444444444444411111111111111111111111111
1110111111111111111111111111111110111111111111111011111111111111111101111111111111111011111111111111011111111111111101111111111111111111111111111111444444444444444444444444444411111111111111111111111111
1110111111111111111111111111111101111111111111111011111111111111111101111111111111111011111111111111011111111111111101111111111111111111111111111111444444444444444444444444444441111111111111111111111111
1110111111111111111111111111111101111111111111111011111111111111111101111111111111111011111111111111011111111111111101111111111111111111111111111114444444444444444444444444444444441111111111111111111111
1101111111111111111111111111111101111111111111111011111111111111111101111111111111111011111111111111011111111111111101111111111111111111111111111114444444444444444444444444444444444441111111111111111111
1110000000111111111111111111111101111111111111111011111111111111111101111111111111111011111111111111011111111111111011111111111111111111111111111114444444444444444444444444444444444444441111111111111111
1111111111000000111111111111111101111111111111111011111111111111111101111111111111111011111111111111011111111111111011111111111111111111111111111114444444444444444444444444444444444444444441111111111111
1111111111111111000000000000000000111111111111111011111111111111111101111111111111110111111111111111011111111111111011111111111111111111111111111114444444444444444444444444444444444444444444441111111111
1111111111111111111111111111111111011111111111111011111111111111111101111111111111110111111111111111011111111111111011111111111111111111111111111114444444444444444444444444444444444444444444444441111111
1111111111111111111111111111111111100000111111111011111111111111111011111111111111110111111111111111011111111111111011111111111111111111111111111144444444444444444444444444444444444444444444444444441111
1111111111111111111111111111111111111111000000111011111111111111111011111111111111101111111111111111011111111111111011111111111111111111111111111144444444444444444444444444444444444444444444444444444441
1111111111111111111111111111111111111111111111000000000111111111111011111111111111101111111111111111011111111111111011111111111111111111111111111144444444444444444444444444444444444444444444444444444441
1111111111111111111111111111111111111111111111111111111000000000000000011111111111101111111111111110111111111111111011111111111111111111111111111144444444444444444444444444444444444444444444444444444441
1111111111111111111111111111111111111111111111111111111111111111111111100000111111101111111111111110111111111111111011111111111111111111111111111144444444444444444444444444444444444444444444444444444441
1111111111111111111111111111111111111111111111111111111111111111111111111111000000001111111111111110111111111111111011111111111111111111111111111444444444444444444444444444444444444444444444444444444441
1111111111111111111111111111111111111111111111111111111111111111111111111111111111110000011111111110111111111111111011111111111111111111111111111444444444444444444444444444444444444444444444444444444441
1441111111111111111111111111111111111111111111111111111111111111111111111111111111111111100000000000111111111111110111111111111111111111111111111444444444444444444444444444444444444444444444444444444441
1444111111111111111111111111111111111111111111111111111111111111111111111111111111111111111111111111000000111111110111111111111111111111111111111444444444444444444444444444444444444444444444444444444441
1444444111111111111111111111111111111111111111111111111111111111111111111111111111111111111111111111111111000000000111111111111111111111111111111444444444444444444444444444444444444444444444444444444441
1444444444111111111111111111111111111111111111111111111111111111111111111111111111111111111111111111111111111111111111111111111111111111111111111444444444444444444444444444444444444444444444444444444441
1444444444444111111111111111111111111111111111111111111111111111111111111111111111111111111111111111111111111111111111111111111111111111111111114444444444444444444444444444444444444444444444444444444441
1444444444444444111111111111111111111111111111111111111111111111111111111111111111111111111111111111111111111111111111111111111111111111111111114444444444444444444444444444444444444444444444444444444441
1444444444444444444111111111111111111111111111111111111111111111111111111111111111111111111111111111111111111111111111111111111111111111111111114444444444444444444444444444444444444444444444444444444441
1444444444444444444444444444444444411111111111111111111111111111111111111111111111111111111111111111111111111111111111111111111111111111111111114444444444444444444444444444444444444444444444444444444441
1444444444444444444444444444444444444111111111111111111111111111111111111111111111111111111111111111111111111111111111111111111111111111111111114444444444444444444444444444444444444444444444444444444441
1444444444444444444444444444444444444441111111111111111111111111111111111111111111111111111111111111111111111111111111111111111111111111111111114444444444444444444444444444444444444444444444444444444441
1444444444444444444444444444444444444444411111111111111111111111111111111111111111111111111111111111111111111111111111111111111111111111111111144444444444444444444444444444444444444444444444444444444441
1444444444444444444444444444444444444444444111111111111111111111111111111111111111111111111111111111111111111111111111111111111111111111111111144444444444444444444444444444444444444444444444444444444441
1444444444444444444444444444444444444444444411111111111111111111111111111111111111111111111111111111111111111111111111111111111111111111111111144444444444444444444444444444444444444444444444444444444441
1444444444444444444444444444444444444444444441111111111111111111111111111111111111111111111111111111111111111111111111111111111111111111111111144444444444444444444444444444444444444444444444444444444441
1444444444444444444444444444444444444444444444111111111111111111111111111111111111111111111111111111111111111111111111111111111111111111111111144444444444444444444444444444444444444444444444444444444441
1444444444444444444444444444444444444444444444411111111111111111111111111111111111111111111111111111111111111111111111111111111111111111111111144444444444444444444444444444444444444444444444444444444441
1444444444444444444444444444444444444444444444441111111111111111111111111111111111111111111111111111111111111111111111111111111111111111111111444444444444444444444444444444444444444444444444444444444441
1444444444444444444444444444444444444444444444444444444444111111111111111111111111111111111111111111111111111111111111111111111111111111111111444444444444444444444444444444444444444444444444444444444441
1444444444444444444444444444444444444444444444444444444444444444444411111111111111111111111111111111111111111111111111111111111111111111111111444444444444444444444444444444444444444444444444444444444441
1444444444444444444444444444444444444444444444444444444444444444444444444444411111111111111111111111111111111111111111111111111111111111111111444444444444444444444444444444444444444444444444444444444441
1444444444444444444444444444444444444444444444444444444444444444444444444444444444444411111111111111111111111111111111111111111111111111111111444444444444444444444444444444444444444444444444444444444441
1444444444444444444444444444444444444444444444444444444444444444444444444444444444444444444441111111111111111111111111111111111111111111111111444444444444444444444444444444444444444444444444444444444441
1111111111111111111111111111111111111111111111111111111111111111111111111111111111111111111111111111111111111111111111111111111111111111111111111111111111111111111111111111111111111111111111111111111111