111111111111111111111111111111111111111111111111111111111111111111111111111111111111111111111111111111
111111111111111111111111111111111118888888888888888888888888888888888888888881111111111111111111111111
111111111111111111111111118888888888888888888888888888888888888888888888888811000000000000000000111111
111111111111111111118888888888888888888888888888888888111111111111111111111100101111111111111111000011
111111111111111188888888888888888888888888888111111111111011111111111111111011110111111111111111110011
111111111111888888888888888888888888888888111111111111100101111111111111110111110111111111111111101011
111111111118888888888888888888888888888811111111111110011110111000001111101111110111111111111111011011
111111111888888888888888888888888888111111111111111101011111000111110111011111111011111111111100111011
111111188888888888888888888888881111111111111111111011011111101111111010111111111011111111111011111011
111111888888888888888888888111111111111111111111111011101111101111111100111111111101111111000111111011
111118888888888888888888811111111111111111111111100011101111101111111011000111111011111110111111111011
111118888888888888888881111111111111111111100000011011101111101111110111111000000011111001111111111011
111188888888888888888111111111111111110000011101110111101111101110000111111110111100110111111111111011
111188888888888888881111111111111111001111111101110111101111100001111001111101111111001111111111111011
111188888888888888811111111111111110111111111101110111101111101111111110111011111111011111111111111011
111888888888888881111111111111110001111111111110110111101111101111111111000111111110111111111111111011
111888888888888811111111111111001111111111111110000000000000001111111111010011111110111111111111111011
118888888888888111111111111110100001111111111110110111101111100000111110111100001101111111111111111011
118888888888811111111111111001101110111111111110110111101111101111010001111111110011111111111111111011
118888888888111111111111000111101111000000000000000000001111101111101111111111110111111111111111111011
188888888881111111111100101000101111111111111111110111101111101111101111111111101111111111111111111011
188888888811111111111011101111001111111111111111110111101111101111101111111111011111111111111111111011
188888888111111110000111101111100000000011111111110111101111101111101111111110111111111111111111111011
188888888111111001111111101111101111111100000000000000000000001111011111111101111111111111111111110011
188888888111110111111111101111101111111111111111111111111111110000000111111011111111111111111100001111
188888888111101111111111101111101111111111111111111111111111111110111011110111111111111111111011111111
188888881111011111111111101111011111111111111111111111111111111110111101101111111111111111100111111111
188888881100111111111111101111011111111111111111111111111111111110111110001111111011110000011111111111
188888881011111111111111101111011111111111111111111111111111111110111111010111111000001111111111111111
188888811101111111111111100001011111111111111111111111111111111111011110111001111010101111111111111111
188888811101111111111111101110011111111111111111111111111111111111101101111110111010101111111111111111
188888811110111111111111101111011111111111111111111111111111111111110011111111011010101111111111111111
188888811110111111111111101111011111111111111111111111111111111111101111111111101010101111111111111111
188888111110111111111111101111011111111111111111111111111111111111011111111111110010101111111111111111
188888111110111111111111100011011111111111111111111111111111111110111111111111111010101111111111111111
188888111110111111111111101100011111111111111111111111111111111101011111111111110000000001111111111111
188881111111011111111111101111011111111111111111111111111111111101101111111100001111111010111111111111
188881111111011111111111101111011111111111111111111111111111111011110111100011111111111011001111111111
188881111111011111000000001111011111111111111111111111111111110111111001011111111111111011110111111111
188881111111000000111111101111011111111111111111111111111111110111111110111111111111111011111011111111
188881111111011111111111101111011000000000000000111111111111101001111100111111111111111011111101111111
188881111111011111111111101111011011111111111111000011111111011110110010111111111111110111111110111111
188881111111101111111111101111011011111111111111011100000000011111001101111111111111110111111111011111
188881111111101111111111101111011011111111111111011111011101101110111011111111111111110111111111101111
188881111111110111111111101111011011111111111111011111011011110101111011111111111111101111111111110111
188881111111110111111111101111000000000000000000000001011011111011110111111111111111011111111111111011
188881111111110111111111101111111111111111111111011110111011111011110111111111111110111111111111111011
188881111111110111111111101111111111111111111111011101111000110111110001111111111110111111111111110111
188881111111110111111111101111111111111111111110111101110111001111110110111111111110111111111111110111
188881111111111011111111011111111111111111111110111101110111110111101111000000001110111111111111110111
188881111111111100000000000000000011111111111110011101110111110111101111111011110000000011111111110111
188881111111110010111111101111111000001111111110100011101111111011101111111011111101111101111111110111
188881000000001110111111101111111011110011111110111011101111111011011111111011111011111110011111110111
188881101111111110111111101111111011111011111110111011101111111101011111111011111011111111100000110111
188881110111111110111111101111111011111011111110111011101111111110111111111000000011111111111111001111
188881111011111110111111101111111011111000000000111011011111111111011111111011111011111111111111111111
188881111101111110111111101111111011111111111111000011011111111111100001111011111011111111111111111111
188881111101111110111111101111111011001111111111111100011111111111101110000111110111111111111111111111
188881111110111110111111101000000000101111111111111110111111111111011111111011101111111111111111111111
188881111111011110000000000111111111101111111111111101111111111110111111111011011111111111111111111111
188881111111101111111111101111111111101111111111111101111111111101111111111101011111111111111111111111
188888111111101111111111101111111111101111111111111101111111111101111111111100111111111111111111111111
188888111111101111111111101111111111101111111111111101111100111011111111111100111111111111111111111111
188888111111101111111111101111111111101111111111111001111101000111000000000000111111111111111111111111
188888811111101111111111101111111111101111111111100110111011110110111111111110111111111111111111111111
188888811111101111111111101111111111101100000000010111010111101101111111111111011111111111111111111111
188888811111110111111111101111111111100011101111110111100011011101111111111111011111111111111111111111
188888881111110111111111101111111110001111101111110111110100000101111111111111011111111111111111111111
188888881111110111111111100000000001101111101111110111110111111000000000000000001111111111111111111111
188888881111110111111111101111111111101111110000000111110111110111111011111111101111111111111111111111
188888881111111011111111101111111111101111111111110111110111110111111011111111101111111111111111111111
188888881111111101111111101111111111101111111111110111110111110111111011111111101111111111111111111111
188888888111111110111111101111111111101111111111110111110111110111110111111111011111111111111111111111
188888888111111111011111101111111111101111111111110111110111101111110111111111011111111111111111111111
188888888111111111101111101111111111101111111111110000000000000000110111111111011111111111111111111111
188888888111111111101111101111100000001111111111110111111111111111001111111111011111111111111111111111
188888888811111111110111100000011111111111111111110111111111111111111111111111011111111111111111111111
188888888811111111110111101111111111111111111111110111111111111111111111111110111111111111111111111111
188888888881111111110111101111111111111111111111110111111111111111111111111101111111111111111111111111
188888888881111111111011101111111111111100000000000111111111111111110000000011111111111111111111111111
188888888888111111111011110111111111111101101110110001111111111100001111111011111111111111111111111111
188888888888811111111011110111111111111101101110110110000000000011111111111011111111111111111111111111
188888888888881111111101110000000000111101101110110111111111111111111111111011111111111111111111111111
188888888888888111111100001110111111011101101110110111111111111111111111111011111111111111111111111111
188888888888888811111101111110111100000000000000110111111111111111111111111011111111111111111111111111
188888888888888881111101111110000011111100000000000000000000000000000000000011111111111111111111111111
188888888888888888111110111111111111110011111111111111111111111111111111111011111111111111111111111111
188888888888888888811111011111111111101111111111111111111111111111111111111111111111111111111111111111
188888888888888888881111011111111110011111111111111111111111111111111111111111111111111111111111111111
188888888888888888888111100000000001111111111111111111111111111111111111111111111111111111111111111111
188888888888888888888811111111111111111111111111111111111111111111111111111111111111111111111111111111
144444444444444444444444444444444444444444444444444444444444444444444444444444444444444444444444444441
144444444444444444444444444444444444444444444444444444444444444444444444444444444444444444444444444441
144444444444444444444444444444444444444444444444444444444444444444444444444444444444444444444444444441
144444444444444444444444444444444444444444444444444444444444444444444444444444444444444444444444444441
144444444444444444444444444444444444444444444444444444444444444444444444444444444444444444444444444441
144444444444444444444444444444444444444444444444444444444444444444444444444444444444444444444444444441
144444444444444444444444444444444444444444444444444444444444444444444444444444444444444444444444444441
144444444444444444444444444444444444444444444444444444444444444444444444444444444444444444444444444441
144444444444444444444444444444444444444444444444444444444444444444444444444444444444444444444444444441
144444444444444444444444444444444444444444444444444444444444444444444444444444444444444444444444444441
111111111111111111111111111111111111111111111111111111111111111111111111111111111111111111111111111111