111111111111111111111111111111111111111111111111111111111111111111111111111111111111111111111111111111
111111111111111111111111111111111118888888888888888888888888888888888888888881111111111111111111111111
111111111111111111111111118888888888888888888888888888888888888888888888888811000000000001111111111111
111111111111111111118888888888888888888888888888888888111111111111111111111110011111111110000000000011
111111111111111188888888888888888888888888888111111111110011111111111111111101011111111111111111110011
111111111111888888888888888888888888888888111111111111101101111111111111111011101111111111111111101011
111111111118888888888888888888888888888811111111111110011110111111101111110111110111111111111111011011
111111111888888888888888888888888888111111111111111110111111000000010111001111111011111111111100111011
111111188888888888888888888888881111111111111111111101011111011111111010111111111011111111111011111011
111111888888888888888888888111111111111111111111111011101111101111111101111111111001111111110111111011
111118888888888888888888811111111111111111111111111011101111101111111010111111110111111111001111111011
111118888888888888888881111111111111111111000000000011101111101111110111000000000001111110111111111011
111188888888888888888111111111111111110000111110111011101111101111100111111110111110010001111111111011
111188888888888888881111111111111111101111111110111011101111100000011011111101111111101111111111111011
111188888888888888811111111111111100011111111110110111101111101111111101111011111111011111111111111011
111888888888888881111111111111110011111111111110110111101111101111111110000111111110111111111111111011
111888888888888811111111111111100111111111111110000000000000001111111101110001111110111111111111111011
118888888888888111111111111110001000111111111110110111101111100111111011111110000101111111111111111011
118888888888811111111111111101101111001111111110110111101111101000010111111111111011111111111111111011
118888888888111111111111100011101111110000000000000000001111101111101111111111110111111111111111111011
188888888881111111111110001001101111111111111111110111101111101111011111111111101111111111111111111011
188888888811111111111101101110001111111111111111110111101111101111011111111111011111111111111111111011
188888888111111111110011101111100000000000000001110111101111101111011111111110111111111111111111111011
188888888111111111101111101111011111111111111110000000000000000011011111111101111111111111111111000011
188888888111111111011111101111011111111111111111111111111111111100111111111011111111111111100000111111
188888888111110000111111101111011111111111111111111111111111111110001111110111111111111111011111111111
188888881111001111111111101111011111111111111111111111111111111110110011101111111111111110111111111111
188888881100111111111111101111011111111111111111111111111111111110111100001111111011110001111111111111
188888881011111111111111101111011111111111111111111111111111111110111110010111111000001111111111111111
188888811011111111111111100001011111111111111111111111111111111111011101111011111010101111111111111111
188888811011111111111111101110011111111111111111111111111111111111101011111101111010101111111111111111
188888811101111111111111101111011111111111111111111111111111111111110111111110011010101111111111111111
188888811110111111111111101111011111111111111111111111111111111111101111111111101010101111111111111111
188888111110111111111111101111011111111111111111111111111111111111011111111111110010101111111111111111
188888111110111111111111100111011111111111111111111111111111111110111111111111111010101111111111111111
188888111110111111111111101000011111111111111111111111111111111110011111111111111100000001111111111111
188881111111011111111111101111011111111111111111111111111111111101101111111111111011111010111111111111
188881111111011111111111101111011111111111111111111111111111111101110011111111000111111011011111111111
188881111111011100000000001111011111111111111111111111111111111011111101111100111111111011101111111111
188881111111000011111111101111011111111111111111111111111111110011111110000011111111111011110111111111
188881111111011111111111101111011000000000011111111111111111101101111101111111111111111011111001111111
188881111111011111111111101111011011111111100000000111111111011110110011111111111111110111111110111111
188881111111011111111111101111011011111111111111011000000000111111001011111111111111110111111111011111
188881111111101111111111101111011011111111111111011111101110001110111011111111111111101111111111101111
188881111111110111111111101111011011111111111111011111011101110101111011111111111111101111111111110111
188881111111111011111111101111000000000000000000011111011011111011111011111111111111101111111111111011
188881111111111011111111011111111111111111111111000000111011111011110111111111111111011111111111111011
188881111111111011111111011111111111111111111110111110111000110111110000111111111111011111111111110111
188881111111111101111111011111111111111111111110111110111011001111110111011111111110111111111111101111
188881111111111101111111011111111111111111111110111101111011110111110111100000011101111111111111101111
188881111111110000000000000000000011111111111110011011110111110111101111111101100000001111111111101111
188881110000001101111111011111111000111111111110100011110111111011101111111011111011110111111111101111
188881001111111101111111101111111011000011111110111011101111111101101111111011111011111000000111101111
188881011111111101111111101111111011111011111110110111101111111101011111111011111011111111111000101111
188881011111111101111111101111111011111011111110110111101111111110111111111000000011111111111111001111
188881011111111101111111101111111011111000000000110111011111111111011111111011111011111111111111111111
188881101111111101111111101111111011111111111111000000011111111111100000110111110111111111111111111111
188881101111111110111111101111111000001111111111111111011111111111011111000111101111111111111111111111
188881110111111110111111101110000011101111111111111111011111111110111111111011011111111111111111111111
188881111011111110000000000001111111101111111111111110111111111101111111111101011111111111111111111111
188881111101111111111111101111111111101111111111111101111111111011111111111110011111111111111111111111
188888111101111111111111101111111111101111111111111101111111111011111111111110111111111111111111111111
188888111101111111111111101111111111101111111111111101111100111011111111111110111111111111111111111111
188888111101111111111111101111111111101111111111100000111011000111000000000000111111111111111111111111
188888811101111111111111101111111111101111111110010111011011101110111111111111011111111111111111111111
188888811110111111111111101111111111101100000001110111101011101110111111111111101111111111111111111111
188888811110111111111111101111111111100011011111110111110001011101111111111111101111111111111111111111
188888881110111111111111101111111110001111011111110111110110000011111111111111101111111111111111111111
188888881110111111111111100000000001101111101111110111110111111000000000000000001111111111111111111111
188888881111011111111111101111111111101111110000000111110111110111111101111111011111111111111111111111
188888881111101111111111101111111111101111111111110111110111110111111101111111011111111111111111111111
188888881111101111111111101111111111101111111111110111110111110111111011111111011111111111111111111111
188888888111110111111111101111111111101111111111110111110111101111111011111110111111111111111111111111
188888888111111011111111101111111111101111111111110111110111011111110111111110111111111111111111111111
188888888111111101111111101111111111101111111111110000000000001111110111111110111111111111111111111111
188888888111111110111111101111110000001111111111110111111111110000001111111101111111111111111111111111
188888888811111111011111100000001111111111111111110111111111111111111111111011111111111111111111111111
188888888811111111011111101111111111111111111111110111111111111111111111111011111111111111111111111111
188888888881111111011111110111111111111111111111110111111111111111111111111011111111111111111111111111
188888888881111111101111110111111111111100000000000000000111111111111111111011111111111111111111111111
188888888888111111110111110111111111111101101110110111111011111100000000000011111111111111111111111111
188888888888811111111011110111111111111101101110110111111100000011111111111011111111111111111111111111
188888888888881111111011110000000000111101101110110111111111111111111111111011111111111111111111111111
188888888888888111111011001110111110111101101110110111111111111111111111111011111111111111111111111111
188888888888888811111100111110111100000000000000110111111111111111111111111011111111111111111111111111
188888888888888881111110111110000011111111111111000000000000000000111111111011111111111111111111111111
188888888888888888111111011111100000000000000000111111111111111111000000000011111111111111111111111111
188888888888888888811111011100011111111111111111111111111111111111111111111111111111111111111111111111
188888888888888888881111010011111111111111111111111111111111111111111111111111111111111111111111111111
188888888888888888888111101111111111111111111111111111111111111111111111111111111111111111111111111111
188888888888888888888811111111111111111111111111111111111111111111111111111111111111111111111111111111
144444444444444444444444444444444444444444444444444444444444444444444444444444444444444444444444444441
144444444444444444444444444444444444444444444444444444444444444444444444444444444444444444444444444441
144444444444444444444444444444444444444444444444444444444444444444444444444444444444444444444444444441
144444444444444444444444444444444444444444444444444444444444444444444444444444444444444444444444444441
144444444444444444444444444444444444444444444444444444444444444444444444444444444444444444444444444441
144444444444444444444444444444444444444444444444444444444444444444444444444444444444444444444444444441
144444444444444444444444444444444444444444444444444444444444444444444444444444444444444444444444444441
144444444444444444444444444444444444444444444444444444444444444444444444444444444444444444444444444441
144444444444444444444444444444444444444444444444444444444444444444444444444444444444444444444444444441
144444444444444444444444444444444444444444444444444444444444444444444444444444444444444444444444444441
111111111111111111111111111111111111111111111111111111111111111111111111111111111111111111111111111111