111111111111111111111111111111111111111111111111111111111111111111111111111111111111111111111111111111
111111111111111111111111111111111111111111111111111111111111111111111111111181111111111111111111111111
111111111111111111111111111111111111111111111111111111888888888888888888888810000000000000011111111111
111111111111111111111111111111111111111111111888888888111111111111111111111101101111111111100000000011
111111111111111111111111111111111111111111888111111111111011111111111111111011110111111111111111110011
111111111111111111111111111111111111111188111111111111100101111111111111110111110111111111111111101011
111111111111111111111111111111111111888811111111111110011110111000001111101111111011111111111110011011
111111111111111111111111111111118888111111111111111110011111000111110111011111111101111111111101111011
111111111111111111111111111888881111111111111111111110011111011111111010111111111101111111111011111011
111111111111111111111111118111111111111111111111111101101111101111111100011111111001111111110111111011
111111111111111111111111811111111111111111111111100011101111101111111011100000110111111100001111111011
111111111111111111111181111111111111111111111100011011101111101111110111111111001111111011111111111011
111111111111111111118111111111111111100000000010111011101111100000001111111110101111110111111111111011
111111111111111111181111111111111110011111111110111011101111101111110111111101110000001111111111111011
111111111111111111811111111111111001111111111110110111101111101111111011110011111111011111111111111011
111111111111111181111111111111110111111111111110110111101111101111111100001111111110111111111111111011
111111111111111811111111111110000111111111111110000000000000001111111101110011111101111111111111111011
111111111111118111111111111101101001111111111110110111101111100011111011111100111011111111111111111011
111111111111811111111111110011101110001111111110110111101111101101110111111111000011111111111111111011
111111111118111111111111101111101111110000000000000000001111101110001111111111110111111111111111111011
111111111181111111111111000111101111111111111111110111101111101111011111111111101111111111111111111011
111111111811111111111100101011101111111111111111110111101111101110111111111111011111111111111111111011
111111118111111110000011101100001111111111111111110111101111101110111111111110111111111111111111111011
111111118111111001111111101111010000000000000000000000000000000110111111111101111111111111111111110011
111111118111110111111111101111011111111111111111111111111111111000011111111011111111111111111000001111
111111118111101111111111101111011111111111111111111111111111111110101111110111111111111111110111111111
111111181110011111111111101111011111111111111111111111111111111110110000010111111111111111101111111111
111111181101111111111111101111011111111111111111111111111111111110111111001111111001111111011111111111
111111181011111111111111101111011111111111111111111111111111111110111110110111111010000000111111111111
111111811101111111111111101111011111111111111111111111111111111111011101111011111010101111111111111111
111111811101111111111111100000011111111111111111111111111111111111101011111101111010101111111111111111
111111811101111111111111101111011111111111111111111111111111111111110111111110111010101111111111111111
111111811101111111111111101111011111111111111111111111111111111111101111111111011010101111111111111111
111118111110111111111111101111011111111111111111111111111111111111011111111111100010101111111111111111
111118111111011111111111100000011111111111111111111111111111111110111111111111111000101111111111111111
111118111111011111111111101111011111111111111111111111111111111110011111111111111100000001111111111111
111181111111011111111111101111011111111111111111111111111111111101101111111111100011111010111111111111
111181111111011111111111101111011111111111111111111111111111111011110111111110011111110111011111111111
111181111111010000000000001111011111111111111111111111111111111011111001000001111111101111101111111111
111181111111001111111111101111011111111111111111111111111111110011111110111111111111101111110111111111
111181111111011111111111011111011000000111111111111111111111101101111000111111111111011111111011111111
111181111111011111111111011111011011111000000000000111111111011110110101111111111111011111111101111111
111181111111101111111111011111011011111111111111011000000000011111001011111111111111011111111110111111
111181111111101111111111011111011011111111111111011111011110101110111011111111111110111111111111001111
111181111111110111111111011111011011111111111111011111011110110101110111111111111101111111111111110111
111181111111111011111111011111000000000000000000011110111101111011110111111111111101111111111111111011
111181111111111011111111011111111111111111111111000000111011110111110111111111111101111111111111111011
111181111111111011111111011111111111111111111111011110110100001111110001111111111101111111111111111011
111181111111111011111111011111111111111111111110111110101111101111110110001111111101111111111111111011
111181111111111011111111011111111111111111111110111110101111110111101111110000000101111111111111110111
111181111111110000000000000000000111111111111110111101101111110111011111111011111000011111111111101111
111181111110001101111111011111110000011111111110000011101111111011011111111011111101101111111111101111
111181000001111101111111011111110111100011111110111011101111111101011111111011111101110000000111101111
111181011111111101111111011111110111111011111110111011011111111100111111111011111101111111111011101111
111181101111111101111111011111111011111011111110111011011111111110111111111000000011111111111100001111
111181101111111110111111011111111011111000000000010111011111111111011111111011111011111111111111111111
111181101111111110111111011111111011111111111111100000011111111111100000110111110111111111111111111111
111181101111111110111111101111111010001111111111111111011111111111011111000111110111111111111111111111
111181110111111110111111101110000001101111111111111111011111111111011111111011101111111111111111111111
111181111011111110000000000001111111101111111111111110111111111110111111111011101111111111111111111111
111181111101111111111111101111111111101111111111111101111111111110111111111101011111111111111111111111
111118111101111111111111101111111111101111111111111011111111111101111111111101011111111111111111111111
111118111101111111111111101111111111101111111111111011111101111011111111111110011111111111111111111111
111118111110111111111111101111111111101111111111110000111010000111000000000000111111111111111111111111
111111811110111111111111101111111111101111100000001011011011101110111111111111011111111111111111111111
111111811110111111111111101111111111101110011111111011100111101110111111111111011111111111111111111111
111111811110111111111111101111111111100001011111111011110000101110111111111111011111111111111111111111
111111181111011111111111101111100000001111101111111011110111000101111111111111011111111111111111111111
111111181111101111111111100000011111101111101111111011110111111000000000000000001111111111111111111111
111111181111101111111111101111111111101111110000000111110111111011111011111111101111111111111111111111
111111181111110111111111101111111111101111111111110111110111110111111011111111011111111111111111111111
111111181111110111111111101111111111101111111111110111110111110111111011111110111111111111111111111111
111111118111110111111111101111111111101111111111110111110111101111110111111110111111111111111111111111
111111118111110111111111101111111111101111111111110111110111101111110111111110111111111111111111111111
111111118111111011111111101111111111101111111111110000000000000111101111111101111111111111111111111111
111111118111111011111111101111111110001111111111110111111111111000001111111011111111111111111111111111
111111111811111101111111100000000001111111111111110111111111111111111111111011111111111111111111111111
111111111811111110111111101111111111111111111111110111111111111111111111111011111111111111111111111111
111111111181111111011111101111111111111111111111110111111111111111111111111011111111111111111111111111
111111111181111111011111110111111111111100000000000111111111111111000000000011111111111111111111111111
111111111118111111101111110111111111111101101110110001111111111000111111111011111111111111111111111111
111111111111811111110111110111111111111101101110110110000000000111111111111011111111111111111111111111
111111111111181111111011100000000000111101101110110111111111111111111111111011111111111111111111111111
111111111111118111111011011110111111011101101110110111111111111111111111111011111111111111111111111111
111111111111111811111100111110111110000000000000110111111111111111111111111011111111111111111111111111
111111111111111181111110111110000001111100000000000000000000000000000000011011111111111111111111111111
111111111111111118111111011111111111110011111111111111111111111111111111100011111111111111111111111111
111111111111111111811111101111111111101111111111111111111111111111111111111111111111111111111111111111
111111111111111111181111101100000000011111111111111111111111111111111111111111111111111111111111111111
111111111111111111118111100011111111111111111111111111111111111111111111111111111111111111111111111111
111111111111111111111811111111111111111111111111111111111111111111111111111111111111111111111111111111
144444444444444444444444444444444444444444444444444444444444444444444444444444444444444444444444444441
144444444444444444444444444444444444444444444444444444444444444444444444444444444444444444444444444441
144444444444444444444444444444444444444444444444444444444444444444444444444444444444444444444444444441
144444444444444444444444444444444444444444444444444444444444444444444444444444444444444444444444444441
144444444444444444444444444444444444444444444444444444444444444444444444444444444444444444444444444441
144444444444444444444444444444444444444444444444444444444444444444444444444444444444444444444444444441
144444444444444444444444444444444444444444444444444444444444444444444444444444444444444444444444444441
144444444444444444444444444444444444444444444444444444444444444444444444444444444444444444444444444441
144444444444444444444444444444444444444444444444444444444444444444444444444444444444444444444444444441
144444444444444444444444444444444444444444444444444444444444444444444444444444444444444444444444444441
111111111111111111111111111111111111111111111111111111111111111111111111111111111111111111111111111111