111111111111111111111111111111111111111111111111111111111111111111111111111111111111111111111111111111
111111111111111111111111111111111111111111111111111111111111111111111111111181111111111111111111111111
111111111111111111111111111111111111111111111111111111888888888888888888888810000000000000000000011111
111111111111111111111111111111111111111111111888888888111111111111111111111101101111111111111111100011
111111111111111111111111111111111111111111888111111111110011111111111111111011110111111111111111110011
111111111111111111111111111111111111111188111111111111101101111111111111110111111011111111111111101011
111111111111111111111111111111111111888811111111111110011110111111001111101111111011111111111111011011
111111111111111111111111111111118888111111111111111100111111000000110111011111111101111111111110111011
111111111111111111111111111888881111111111111111111101011111011111111010111111111101111111111001111011
111111111111111111111111118111111111111111111111111011101111101111111100111111111001111111110111111011
111111111111111111111111811111111111111111111111100011101111101111111011000001100111111111101111111011
111111111111111111111181111111111111111110000000010111101111101111110111111110011111111100011111111011
111111111111111111118111111111111111110001111101110111101111101111000111111110101111110011111111111011
111111111111111111181111111111111110001111111101110111101111100000111001111101110000001111111111111011
111111111111111111811111111111111101111111111101110111101111101111111110011011111111011111111111111011
111111111111111181111111111111110011111111111101110111101111101111111111100111111110111111111111111011
111111111111111811111111111111100111111111111110000000000000001111111111010011111101111111111111111011
111111111111118111111111111110001001111111111110110111101111100011111110111100001101111111111111111011
111111111111811111111111110001101110011111111110110111101111101101111101111111110011111111111111111011
111111111118111111111111101111101111100000000000000000001111101110000011111111110111111111111111111011
111111111181111111111110000111101111111111111111110111101111101111011111111111101111111111111111111011
111111111811111111111001101000001111111111111111110111101111101111011111111111011111111111111111111011
111111118111111111110111101111100000000000000001110111101111101111011111111110111111111111111111111011
111111118111111111001111101111101111111111111110000000000000001110111111111101111111111111111111110011
111111118111111110111111101111101111111111111111111111111111110000000111111011111111111111111100001111
111111118111110001111111101111101111111111111111111111111111111110111001110111111111111111000011111111
111111181111101111111111101111101111111111111111111111111111111110111110010111111111111100111111111111
111111181111011111111111101111101111111111111111111111111111111110111111001111111001110011111111111111
111111181000111111111111101111101111111111111111111111111111111110111110110111111010001111111111111111
111111811011111111111111100001011111111111111111111111111111111111011101111011111010101111111111111111
111111811011111111111111101110011111111111111111111111111111111111101011111101111010101111111111111111
111111811011111111111111101111011111111111111111111111111111111111110111111110111010101111111111111111
111111811011111111111111101111011111111111111111111111111111111111101111111111011010101111111111111111
111118111101111111111111101111011111111111111111111111111111111111011111111111100010101111111111111111
111118111110111111111111100000011111111111111111111111111111111110111111111111111010101111111111111111
111118111111011111111111101111011111111111111111111111111111111110011111111111110000000001111111111111
111181111111011111111111101111011111111111111111111111111111111101101111111110001111111100111111111111
111181111111011111111111101111011111111111111111111111111111111101110111111101111111111101011111111111
111181111111011111000000001111011111111111111111111111111111111011111011111011111111111101101111111111
111181111111000000111111011111011111111111111111111111111111110011111000000111111111111011110111111111
111181111111101111111111011111011001111111111111111111111111101101110101111111111111111011111011111111
111181111111101111111111011111011010000000000000000111111111011110101101111111111111111011111101111111
111181111111110111111111011111011011111111111111011000000000011111011101111111111111111011111110011111
111181111111110111111111011111011011111111111111011111011110101110111101111111111111110111111111101111
111181111111110111111111011111011011111111111111011111011110110101111011111111111111101111111111110111
111181111111110111111111011111000000000000000000000001011101111011111011111111111111011111111111111011
111181111111110111111111011111111111111111111111011110111011110111110111111111111110111111111111111011
111181111111110111111111011111111111111111111111011110111000010111110111111111111110111111111111111011
111181111111111011111111011111111111111111111111011101110111101111110000001111111110111111111111111011
111181111111111011111111011111111111111111111111011101101111110111101111110000000010111111111111111011
111181111111111000000000000000000000111111111110000011101111111011011111111011111101111111111111111011
111181111111000101111111011111110111001111111110111011101111111101011111111011111010011111111111110111
111181000000111101111111011111110111110011111110111011101111111110011111111011111011100000000011110111
111181101111111101111111011111110111111011111110111011101111111110111111111011111011111111111100101111
111181101111111101111111011111111011111011111110110111101111111110111111111000000011111111111111001111
111181110111111101111111011111111011111000000000110111101111111111011111111011111011111111111111111111
111181110111111101111111101111111011111111111111000000011111111111100001110111110111111111111111111111
111181110111111110111111101111111011101111111111111111011111111111101110000111101111111111111111111111
111181110111111110111111101110000000001111111111111111011111111111011111110111011111111111111111111111
111181111011111110000000000001111111101111111111111110111111111111011111110111011111111111111111111111
111181111101111111111111101111111111101111111111111101111111111110111111111011011111111111111111111111
111118111101111111111111101111111111101111111111111101111111111101111111111100111111111111111111111111
111118111101111111111111101111111111101111111111111101111100011011111111111110111111111111111111111111
111118111101111111111111101111111111101111111111111001111011100111000000000000111111111111111111111111
111111811110111111111111101111111111101111110000000010010111101111011111111110111111111111111111111111
111111811111011111111111101111111111101110001111111011100111011110111111111111011111111111111111111111
111111811111011111111111101111111111101001101111111011110111011110111111111111101111111111111111111111
111111181111011111111111100000000000000111110111111011110000001101111111111111101111111111111111111111
111111181111011111111111101111111111101111110111110111110111110000000000000000001111111111111111111111
111111181111011111111111101111111111101111110000000111110111111011111101111111101111111111111111111111
111111181111011111111111101111111111101111111111110111110111110111111011111111011111111111111111111111
111111181111101111111111101111111111101111111111110111110111110111111011111110111111111111111111111111
111111118111110111111111101111111111101111111111110111110111101111110111111101111111111111111111111111
111111118111111011111111101111111111101111111111110111110111011111110111111101111111111111111111111111
111111118111111101111111101111111111101111111111110000000000000011110111111101111111111111111111111111
111111118111111110111111101100000000001111111111110111111111111100001111111101111111111111111111111111
111111111811111111011111100011111111111111111111110111111111111111111111111101111111111111111111111111
111111111811111111101111101111111111111111111111110111111111111111111111111011111111111111111111111111
111111111181111111110111101111111111111111111111110111111111111111111111111011111111111111111111111111
111111111181111111111011101111111111111100000000000111111111111111111111110011111111111111111111111111
111111111118111111111101101111111111111101101110110000001111111111111100001011111111111111111111111111
111111111111811111111101101111111111111101101110110111110000000000000011111011111111111111111111111111
111111111111181111111101000000000000111101101110110111111111111111111111111011111111111111111111111111
111111111111118111111100111110111111011101101110110111111111111111111111111011111111111111111111111111
111111111111111811111101111110111100000000000000110111111111111111111111111011111111111111111111111111
111111111111111181111110111110000011111111100000000000000000000111111111111011111111111111111111111111
111111111111111118111110111111111111110000011111111111111111111000000000000011111111111111111111111111
111111111111111111811111011111111111001111111111111111111111111111111111111111111111111111111111111111
111111111111111111181111011111100000111111111111111111111111111111111111111111111111111111111111111111
111111111111111111118111100000011111111111111111111111111111111111111111111111111111111111111111111111
111111111111111111111811111111111111111111111111111111111111111111111111111111111111111111111111111111
144444444444444444444444444444444444444444444444444444444444444444444444444444444444444444444444444441
144444444444444444444444444444444444444444444444444444444444444444444444444444444444444444444444444441
144444444444444444444444444444444444444444444444444444444444444444444444444444444444444444444444444441
144444444444444444444444444444444444444444444444444444444444444444444444444444444444444444444444444441
144444444444444444444444444444444444444444444444444444444444444444444444444444444444444444444444444441
144444444444444444444444444444444444444444444444444444444444444444444444444444444444444444444444444441
144444444444444444444444444444444444444444444444444444444444444444444444444444444444444444444444444441
144444444444444444444444444444444444444444444444444444444444444444444444444444444444444444444444444441
144444444444444444444444444444444444444444444444444444444444444444444444444444444444444444444444444441
144444444444444444444444444444444444444444444444444444444444444444444444444444444444444444444444444441
111111111111111111111111111111111111111111111111111111111111111111111111111111111111111111111111111111