111111111111111111111111111111111111111111111111111111111111111111111111111111111111111111111111111111
111111111111111111111111111111111111111111111111111111111111111111111111111181111111111111111111111111
111111111111111111111111111111111111111111111111111111888888888888888888888811000000000001111111111111
111111111111111111111111111111111111111111111888888888111111111111111111111110101111111110000000000011
111111111111111111111111111111111111111111888111111111100011111111111111111101101111111111111111110011
111111111111111111111111111111111111111188111111111111011101111111111111111011101111111111111111101011
111111111111111111111111111111111111888811111111111110111110111000001111110111110111111111111110011011
111111111111111111111111111111118888111111111111111101011111000111110111101111111011111111111101111011
111111111111111111111111111888881111111111111111111101011111011111111010011111111011111111111011111011
111111111111111111111111118111111111111111111111111011101111011111111100111111110001111111110111111011
111111111111111111111111811111111111111111111111000011101111011111111011011111101111111111001111111011
111111111111111111111181111111111111111111111000111011101111011111110111100000001111111100111111111011
111111111111111111118111111111111111111000000101111011101111011000000111111110110111110011111111111011
111111111111111111181111111111111111100111111101111011101111100111111011111001111000001111111111111011
111111111111111111811111111111111111011111111110111011101111101111111100110111111111011111111111111011
111111111111111181111111111111111100111111111110110111101111101111111111000001111110111111111111111011
111111111111111811111111111111100011111111111110000000000000001111111111011110001110111111111111111011
111111111111118111111111111111001100111111111110110111101111100111111100111111110101111111111111111011
111111111111811111111111110000101111011111111110110111101111101011110011111111111011111111111111111011
111111111118111111111111001111101111100000000000000000001111101100001111111111110111111111111111111011
111111111181111111111110100011101111111111111111110111101111101111011111111111101111111111111111111011
111111111811111111111101101101101111111111111111110111101111101111011111111111011111111111111111111011
111111118111111111111011101110000000000000001111110111101111101111011111111110111111111111111111111011
111111118111111111110111101111011111111111110000000000000000000000111111111101111111111111111111111011
111111118111111111101111101111011111111111111111111111111111111110000111111101111111111111111111110111
111111118111111110011111101111011111111111111111111111111111111110111011111011111111111111111100001111
111111181111110001111111101111011111111111111111111111111111111110111101110111111111111111110011111111
111111181110001111111111101111011111111111111111111111111111111110111110000111111011111100001111111111
111111181001111111111111101111011111111111111111111111111111111110111111011011111000000011111111111111
111111811011111111111111100001011111111111111111111111111111111111011110111101111010101111111111111111
111111811011111111111111101110011111111111111111111111111111111111101001111110111010101111111111111111
111111811011111111111111101111011111111111111111111111111111111111110111111111011010101111111111111111
111111811101111111111111101111011111111111111111111111111111111111101111111111101010101111111111111111
111118111101111111111111101111011111111111111111111111111111111111011111111111110010101111111111111111
111118111101111111111111100011011111111111111111111111111111111110011111111111111010101111111111111111
111118111101111111111111101100011111111111111111111111111111111110101111111111111100000001111111111111
111181111101111111111111101111011111111111111111111111111111111101110111111111111101111010111111111111
111181111101111111111111101111011111111111111111111111111111111101111011111111110011110111011111111111
111181111110111000000000001111011111111111111111111111111111111011111101110000001111110111101111111111
111181111111000111111111101111011111111111111111111111111111110111111110001111111111110111110111111111
111181111111101111111111101111011000000000111111111111111111101011111101111111111111110111111011111111
111181111111101111111111101111011011111111000000000001111111011100110001111111111111110111111101111111
111181111111101111111111101111011011111111111111011110000000111111001101111111111111110111111110111111
111181111111110111111111101111011011111111111111011111011110011110111101111111111111101111111111011111
111181111111110111111111101111011011111111111111011110111110100101111011111111111111101111111111100111
111181111111110111111111101111000000000000000000000110111101111011111011111111111111011111111111111011
111181111111110111111111101111111111111111111110111000111001110111110111111111111111011111111111111011
111181111111110111111111101111111111111111111110111110111010001111110111111111111111011111111111111011
111181111111111011111111011111111111111111111110111101110111101111110000000111111110111111111111110111
111181111111111101111111011111111111111111111110111011110111101111101111111000011110111111111111110111
111181111111110000000000000000000000011111111110111011101111110111101111111101100001111111111111110111
111181100000001101111111011111110111101111111110000011011111110111101111111101111100000000001111110111
111181011111111101111111011111110111110011111110110111011111111011011111111101111011111111110111110111
111181101111111101111111011111111011111011111110110111011111111101011111111101111011111111111011101111
111181110111111101111111011111111011111011111110110111011111111110111111111000000011111111111100001111
111181110111111101111111011111111011111000000000110111011111111111011111111011110111111111111111111111
111181111011111101111111011111111011111111111111000001011111111111101111110111110111111111111111111111
111181111011111101111111011111111011101111111111111110011111111111100000000111110111111111111111111111
111181111101111110111111011111000000001111111111111110111111111111011111110111101111111111111111111111
111181111101111110000000000000111111101111111111111101111111111110111111111011101111111111111111111111
111181111110111111111111101111111111101111111111111101111111111101111111111011011111111111111111111111
111118111111011111111111101111111111101111111111111011111111111011111111111101011111111111111111111111
111118111111011111111111101111111111101111111111111011111100000111111111111110011111111111111111111111
111118111111011111111111101111111111101111111111110011111011110111000000000000111111111111111111111111
111111811111011111111111101111111111101111111111101001111011101110111111111111011111111111111111111111
111111811111011111111111101111111111101100000000011010000111011110111111111111011111111111111111111111
111111811111011111111111101111111111101011101111111011110111011101111111111111101111111111111111111111
111111181111011111111111101111111111100111110111111011110000011101111111111111101111111111111111111111
111111181111101111111111100000000000001111110111110111110111100000000000000000001111111111111111111111
111111181111110111111111101111111111101111110000000111110111111011111011111111101111111111111111111111
111111181111111011111111101111111111101111111111110111110111110111111011111111011111111111111111111111
111111181111111101111111101111111111101111111111110111110111101111111011111111011111111111111111111111
111111118111111110111111101111111111101111111111110111110111101111111011111111011111111111111111111111
111111118111111110111111101111111111101111111111110111110111011111110111111110111111111111111111111111
111111118111111110111111101111111111101111111111110000000000001111101111111101111111111111111111111111
111111118111111110111111101111100000001111111111110111111111110000001111111101111111111111111111111111
111111111811111111011111100000011111111111111111110111111111111111111111111101111111111111111111111111
111111111811111111101111101111111111111111111111110111111111111111111111111011111111111111111111111111
111111111181111111101111110111111111111111111111110111111111111111111111111011111111111111111111111111
111111111181111111101111110111111111111100000000000000111111111111111111100011111111111111111111111111
111111111118111111110111110111111111111101101110110111000111111111111110011011111111111111111111111111
111111111111811111111011110111111111111101101110110111111000000000000001111011111111111111111111111111
111111111111181111111011110000000000111101101110110111111111111111111111111011111111111111111111111111
111111111111118111111100001110111110111101101110110111111111111111111111111011111111111111111111111111
111111111111111811111101111110111110000000000000110111111111111111111111111011111111111111111111111111
111111111111111181111110111110000001111111100000000000111111111111111111111011111111111111111111111111
111111111111111118111110111111111000000000011111111111000000000000000000000011111111111111111111111111
111111111111111111811110111100000111111111111111111111111111111111111111111111111111111111111111111111
111111111111111111181111010011111111111111111111111111111111111111111111111111111111111111111111111111
111111111111111111118111101111111111111111111111111111111111111111111111111111111111111111111111111111
111111111111111111111811111111111111111111111111111111111111111111111111111111111111111111111111111111
144444444444444444444444444444444444444444444444444444444444444444444444444444444444444444444444444441
144444444444444444444444444444444444444444444444444444444444444444444444444444444444444444444444444441
144444444444444444444444444444444444444444444444444444444444444444444444444444444444444444444444444441
144444444444444444444444444444444444444444444444444444444444444444444444444444444444444444444444444441
144444444444444444444444444444444444444444444444444444444444444444444444444444444444444444444444444441
144444444444444444444444444444444444444444444444444444444444444444444444444444444444444444444444444441
144444444444444444444444444444444444444444444444444444444444444444444444444444444444444444444444444441
144444444444444444444444444444444444444444444444444444444444444444444444444444444444444444444444444441
144444444444444444444444444444444444444444444444444444444444444444444444444444444444444444444444444441
144444444444444444444444444444444444444444444444444444444444444444444444444444444444444444444444444441
111111111111111111111111111111111111111111111111111111111111111111111111111111111111111111111111111111