111111111111111111111111111111111111111111111111111111111111111111111111111111111111111111111111111111
111111111111111111111111111111111111111111111111111111111111111111111111111181111111111111111111111111
111111111111111111111111111111111111111111111111111111888888888888888888888811000000000001111111111111
111111111111111111111111111111111111111111111888888888111111111111111111111110011111111110000000000011
111111111111111111111111111111111111111111888111111111111011111111111111111101101111111111111111110011
111111111111111111111111111111111111111188111111111111100101111111111111111011110111111111111111101011
111111111111111111111111111111111111888811111111111110011110110000001111110111110111111111111110011011
111111111111111111111111111111118888111111111111111101011111001111110111101111111011111111111101111011
111111111111111111111111111888881111111111111111111011101111011111111011011111111011111111111011111011
111111111111111111111111118111111111111111111111111011101111101111111100111111111001111111100111111011
111111111111111111111111811111111111111111111111100011101111101111111011011111110111111111011111111011
111111111111111111111181111111111111111111100000011011101111101111110111100000001111111100111111111011
111111111111111111118111111111111111111000011101111011101111101111101111111110100000010011111111111011
111111111111111111181111111111111111100111111101111011101111100000010111111101111111101111111111111011
111111111111111111811111111111111110011111111110111011101111101111111001111011111111011111111111111011
111111111111111181111111111111110001111111111110110111101111101111111110000111111111011111111111111011
111111111111111811111111111111001111111111111110000000000000001111111101110011111110111111111111111011
111111111111118111111111111110100000111111111110110111101111100001111011111100111101111111111111111011
111111111111811111111111111101101111011111111110110111101111101110010111111111000011111111111111111011
111111111118111111111111100011101111100000000000000000001111101111101111111111110111111111111111111011
111111111181111111111111001000101111111111111111110111101111101111011111111111101111111111111111111011
111111111811111111111110101111001111111111111111110111101111101110111111111111011111111111111111111011
111111118111111111110001101111100000001111111111110111101111101110111111111110111111111111111111111011
111111118111111111101111101111101111110000000000000000000000000000111111111101111111111111111111111011
111111118111111111011111101111101111111111111111111111111111111110011111111011111111111111111110000111
111111118111111110111111101111101111111111111111111111111111111110101111111011111111111111111101111111
111111181111111101111111101111101111111111111111111111111111111110110011110111111111111111111011111111
111111181111000011111111101111101111111111111111111111111111111110111100001111111001110000000111111111
111111181000111111111111101111101111111111111111111111111111111110111111010111111010001111111111111111
111111811011111111111111101111101111111111111111111111111111111111011110111011111010101111111111111111
111111811011111111111111100000011111111111111111111111111111111111101001111101111010101111111111111111
111111811101111111111111101111011111111111111111111111111111111111110111111110011010101111111111111111
111111811101111111111111101111011111111111111111111111111111111111101111111111101010101111111111111111
111118111101111111111111101111011111111111111111111111111111111111011111111111110010101111111111111111
111118111101111111111111100111011111111111111111111111111111111110111111111111111000101111111111111111
111118111110111111111111101000011111111111111111111111111111111110011111111111111100000001111111111111
111181111110111111111111101111011111111111111111111111111111111101100111111111000011111100111111111111
111181111110111111111111101111011111111111111111111111111111111011111011110000111111111101011111111111
111181111111011111111000001111011111111111111111111111111111110111111101001111111111111101101111111111
111181111111000000000111101111011111111111111111111111111111110111111100111111111111111101110011111111
111181111111011111111111101111011000000000000111111111111111101011111010111111111111111101111101111111
111181111111011111111111101111011011111111111000000000011111011100110110111111111111111011111110111111
111181111111101111111111101111011011111111111111011111100000111111001110111111111111110111111111011111
111181111111110111111111101111011011111111111111011111011110011110111110111111111111110111111111101111
111181111111110111111111011111011011111111111111011110111101101101111101111111111111110111111111110111
111181111111110111111111011111000000000000000000011110111011110011111101111111111111110111111111111011
111181111111111011111111011111111111111111111111000000111001110111111011111111111111110111111111111011
111181111111111011111111011111111111111111111111011101111010001111110111111111111111101111111111110111
111181111111111011111111011111111111111111111110111101111011101111110000000111111111011111111111110111
111181111111111011111111011111111111111111111110111101110111110111101111111000001110111111111111101111
111181111111110000000000000000000001111111111110000011110111111011101111111101110000111111111111101111
111181100000001101111111011111110110111111111110111011101111111011101111111101111101000111111111101111
111181011111111101111111011111110111000011111110111011101111111101101111111101111101111000001111101111
111181011111111101111111011111110111111011111110110111101111111110011111111101111101111111110011101111
111181101111111110111111011111110111111011111110110111101111111110111111111000000011111111111100001111
111181110111111110111111011111110111111000000000010111011111111111011111110111111011111111111111111111
111181110111111110111111011111110111111111111111100011011111111111100011110111110111111111111111111111
111181110111111110111111101111110111001111111111111100011111111111101100000111110111111111111111111111
111181111011111110111111101111110000101111111111111111011111111111011111111011110111111111111111111111
111181111011111110000000000000001111101111111111111111011111111110111111111011101111111111111111111111
111181111011111111111111101111111111101111111111111111011111111110111111111101011111111111111111111111
111118111011111111111111101111111111101111111111111110111111111101111111111110111111111111111111111111
111118111011111111111111101111111111101111111111111101111100001011111111111110111111111111111111111111
111118111101111111111111101111111111101111111111111011111011110111000000000000111111111111111111111111
111111811101111111111111101111111111101111111110000000111011110110111111111110111111111111111111111111
111111811110111111111111101111111111101000000001111011011011101110111111111110111111111111111111111111
111111811111011111111111101111111111100111101111110111100111011101111111111111011111111111111111111111
111111181111011111111111101111000000001111110111110111110000011101111111111111011111111111111111111111
111111181111011111111111100000111111101111110111110111110111100000000000000000001111111111111111111111
111111181111101111111111101111111111101111110000000111110111111011111101111111101111111111111111111111
111111181111110111111111101111111111101111111111110111110111111011111011111111011111111111111111111111
111111181111111011111111101111111111101111111111110111110111110111111011111111011111111111111111111111
111111118111111101111111101111111111101111111111110111110111101111110111111111011111111111111111111111
111111118111111110111111101111111111101111111111110111110111101111110111111111011111111111111111111111
111111118111111110111111101111111111101111111111110000000000000001110111111110111111111111111111111111
111111118111111110111111101100000000001111111111110111111111111110001111111110111111111111111111111111
111111111811111111011111100011111111111111111111110111111111111111111111111110111111111111111111111111
111111111811111111011111101111111111111111111111110111111111111111111111111101111111111111111111111111
111111111181111111101111110111111111111111111111110111111111111111111111111101111111111111111111111111
111111111181111111101111110111111111111100000000000001111111111111111111000011111111111111111111111111
111111111118111111110111110111111111111101101110110110000001111111110000111011111111111111111111111111
111111111111811111110111110111111111111101101110110111111110000000001111111011111111111111111111111111
111111111111181111110111110000000000111101101110110111111111111111111111111011111111111111111111111111
111111111111118111111011001110111111011101101110110111111111111111111111111011111111111111111111111111
111111111111111811111100111110100000000000000000110111111111111111111111111011111111111111111111111111
111111111111111181111110111110011111111111110000000000001111111111111111111011111111111111111111111111
111111111111111118111110111111111111111000001111111111110000000000000000000011111111111111111111111111
111111111111111111811110111110000000000111111111111111111111111111111111111111111111111111111111111111
111111111111111111181111010001111111111111111111111111111111111111111111111111111111111111111111111111
111111111111111111118111101111111111111111111111111111111111111111111111111111111111111111111111111111
111111111111111111111811111111111111111111111111111111111111111111111111111111111111111111111111111111
144444444444444444444444444444444444444444444444444444444444444444444444444444444444444444444444444441
144444444444444444444444444444444444444444444444444444444444444444444444444444444444444444444444444441
144444444444444444444444444444444444444444444444444444444444444444444444444444444444444444444444444441
144444444444444444444444444444444444444444444444444444444444444444444444444444444444444444444444444441
144444444444444444444444444444444444444444444444444444444444444444444444444444444444444444444444444441
144444444444444444444444444444444444444444444444444444444444444444444444444444444444444444444444444441
144444444444444444444444444444444444444444444444444444444444444444444444444444444444444444444444444441
144444444444444444444444444444444444444444444444444444444444444444444444444444444444444444444444444441
144444444444444444444444444444444444444444444444444444444444444444444444444444444444444444444444444441
144444444444444444444444444444444444444444444444444444444444444444444444444444444444444444444444444441
111111111111111111111111111111111111111111111111111111111111111111111111111111111111111111111111111111