1111111111111111111111111111111111111111111111111111111111111111111111111111111111111111111111111111111111111111111111111111111111111111111111111111111111111111111111111111111111111111111111111111111111
1111111111111111111111111111111111111111111111111111111111111111111111111111111111111111111188888888888888888888811111111111111111111111111111111111111111111111111111111111111111111111111111111111111111
1111111111111111111111111111111111111111111111111111111111111111111111111111111111111888888888888888888888888888888111111111111111111111111111111111111111111111111111111111111111111111111111111111111111
1111111111111111111111111111111111111111111111111111111111111111111111111111118888888888888888888888888888888888888881111111111111111111111111111111111111111111111111111111111111111111111111111111111111
1111111111111111111111111111111111111111111111111111111111111111111111888888888888888888888811111111111111111111118888881111111111111111111111111111111111111111111111111111111111111111111111111111111111
1111111111111111111111111111111111111111111111111111111111111118888888888888888888888000000000000000000000001111111888888811111111111111111111111111111111111111111111111111111111111111111111111111111111
1111111111111111111111111111111111111111111111111111111888888888888888888888881100011111111111111111111111100000111111888888111111111111111111111111111111111111111111111111111111111111111111111111111111
1111111111111111111111111111111111111111111111118888888888888888888888111100000011111111111111111111111111101111000011188888881111111111111111111111111111111111111111111111111111111111111111111111111111
1111111111111111111111111111111111111111188888888888888888888811111111110011111101111111111111111111111111101111111000011188888881111111111111111111111111111111111111111111111111111111111111111111111111
1111111111111111111111111111111111188888888888888888888111111111111111100111111110111111111111111111111111101111111011100011888888811111111111111111111111111111111111111111111111111111111111111111111111
1111111111111111111111111111188888888888888888881111111111000000000000001111111110111111111111111111111111101111111011101101118888888811111111111111111111111111111111111111111111111111111111111111111111
1111111111111111111111118888888888811111111111111111100000110111111111011111111111011111111111111111111111101111110111101110111188888888111111111111111111111111111111111111111111111111111111111111111111
1111111111111111111111888888811111111111111111111000011111101111111110111111111111011111111111111111111111011111110111101111001111888888881111111111111111111111111111111111111111111111111111111111111111
1111111111111111111188881111111111111111111110000111111111011111111101111111111111101111111111111111111110111111110111101111110111118888888811111111111111111111111111111111111111111111111111111111111111
1111111111111111118888111111111111111100000001111111111110111111111011111111111111010111111111111111111100111111101111011111111011111118888888811111111111111111111111111111111111111111111111111111111111
1111111111111111888811111111111111110011111111111111111101111111110111111111111110111011111111111111111001111111101110111111111100011111188888888111111111111111111111111111111111111111111111111111111111
1111111111111188881111111111111111101111111111111111111010111111110111111111111101111101111111111111110011111111101110111111111101101111111888888881111111111111111111111111111111111111111111111111111111
1111111111118888111111111111111111011111111111111111110111011111101111111111100011111110111111111110001011111111101110111111111101110111111118888888811111111111111111111111111111111111111111111111111111
1111111111888811111111111111111110111111111111111111101111101110011111111111011111111111011111111101111011111111101110111111111101111001111111118888888811111111111111111111111111111111111111111111111111
1111111188881111111111111111111101011111111111111110011111110101101111111110111111111111101111111011111011111111101110111111111101111110111111111188888888111111111111111111111111111111111111111111111111
1111118888111111111111111111110011101111111111110001111111111011110111111101111111111111101111000111111011111111101110111111111101111111011111111111188888888111111111111111111111111111111111111111111111
1111888811111111111111111111001111101111111111101111111111110101111011111011111111111111110110111111111011111111101110111111111101111111101111111111111888888881111111111111111111111111111111111111111111
1188881111111111111111111100111111101111111111011111111111001110111101100111111111111111111001111111111011111111011101111111111101111111110001111111111188888888111111111111111111111111111111111111111111
1888111111111111111111100011111111110111111110111111111110111110111100011111111111111111110101111111111011111111011011111111111101111111111110111111111111888888881111111111111111111111111111111111111111
1881111111111111111111010111111111111011111101111111111101111111011011011111111111111110001110111111100101111110111011111111111101111111111111011111111111188888888111111111111111111111111111111111111111
1111111111111111111100110111111111111011111011111111110011111111100111101111111111111101111110111111010110000000000011111111111011111111111111100111111111118888888811111111111111111111111111111111111111
1111111111111111110011111011111111111100000111111111001111111110011111101111111111111011111110111000110111111101110101111111111011111111111111111001111111111888888881111111111111111111111111111111111111
1111111111111111001111111101111111111001111111111110111111111101111111110111111111110111111110100111110111111101101110000000000011111111111111111110001111111188888888111111111111111111111111111111111111
1111111111111110011111111110111111100110111111111101111111111011111111111011111111101111111111011111101111111101011111101111111011111111111111111111100111111111888888881111111111111111111111111111111111
1111111111111101011111111110111111010110111111111011111111110111111111111101111111110111111110011111011111111011011111101111111011111111111111111110011111111111188888888111111111111111111111111111111111
1111111111111011011111111111011110110111011111110101111111101111111111111101111111111011111001101110111111111011011111101111111011111111111111111001111111111111118888888811111111111111111111111111111111
1111111111110111011111111111011101111011101111001110111110011111111111111101111111111101110111110110111111110111011111101111111011111111111111110111111111111111111888888881111111111111111111111111111111
1111111111101111011111111111010011111101101100111110111101111111111111111110111111111101101111111010111111110110111111101111111011111111111111101111111111111111111188888888111111111111111111111111111111
1111111111101111011111111111101111111101110011111111010011111111111111111110111111111110000001111010111111101110111111011111111011111111111110011111111111111111111111888888881111111111111111111111111111
1111111111011111011111111111110111111110101111111111001111111111111111111111011111111001111110000000000000000000000000000000111011111111111001111111111111111111111111188888888111111111111111111111111111
1111111110111000011111111111111011111111011111111000111111111111111111111111101111100111111111111111111111101111111111011111000011111111100111111111111111111111111111118888888811111111111111111111111111
1111111111010111100111111111111011111100111111110111111111111111111111111111110111011111111111111111111111101111111111011111111011111111011111111111111111111111111111111888888881111111111111111111111111
1111111111001111111000011111111011110011111111001111111111111111111111111111111000111111111111111111111111101111111111011111111011111110111111111111111111111111111111111188888888111111111111111111111111
1111111111011111111011100111111011101111111110111111111111111111111111111111111101111111111111111111111111101111111111011111111011111101111111111111111111111111111111111111888888881111111111111111111111
1111111110101111110111111001111101011111111101111111111111111111111111111111111101111111111111111111111111011111111111011111111011111011111111111111111111111111111111111111188888888111111111111111111111
1111111001101111101111111110111100111111111011111111111111111111111111111111111101111111111111111111111111011111111111011111111011110111111111111111111111111111111111111111118888888811111111111111111111
1111110111110110011111111111001001111111110111111111111111111111111111111111111101111111111111111111111111011111111111011111110111101111111111111111111111111111111111111111118888888881111111111111111111
1111101111110101111111111111100110111111101111111111111111111111111111111111111110111111111111111111111111011111111111011111110110011111111111111111111111111111111111111111111888888888111111111111111111
1111011111111011111111111111011110111111011111111111111111111111111111111111111110111111111111111111111111011111111111011111110101111111111111111111111111111111111111111111111188888888881111111111111111
1110111111100101111111111000111111011110111111111111111111111111111111111111111110111111111111111111111110000000000111011111110011111111111111111111111111111111111111111111111118888888888111111111111111
1101111100011110111111110111111111101101111111111111111111111111111111111111111111011111111111111111111101011111111000011111110111111111111111111111111111111111111111111111111111888888888811111111111111
1110111011111110011111101111111111110011111111111111111111111111111111111111111111011111111111111111111011101111111111011111100111111111111111111111111111111111111111111111111111888888888881111111111111
1110000111110001101110011111111111000111111111111111111111111111111111111111111111101111111111111111110111101111111111011111010111111111111111111111111111111111111111111111111111188888888888811111111111
1110111111101111110101111111111110111011111111111111111111111111111111111111111111101111111111111111101111101111111111011110110111111111111111111111111111111111111111111111111111118888888888888111111111
1110111110011111110011111111111101111011111111111111111111111111111111111111111111101111111111111111011111101111111111011101110111111111111111111111111111111111111111111111111111111888888888888811111111
1110111101111111001011111111111011111011111111111111111111111111111111111111111111110111111111111110111111101111111111010011110111111111111111111111111111111111111111111111111111111888888881118888111111
1111011011111110111101111111110111111101111111111111111111111111111111111111111111110111111111111101111111101111111111001111110111111111111111111111111111111111111111111111111111111118888888111888881111
1111000111111101111101111111101111111101111111111111111111111111111111111111111111110111111111111011111111101111111110111111110111111111111111111111111111111111111111111111111111111118888888111118888811
1111011111111011111110111111011111111101111111111111111111111111111111111111111111110111111111100111111111101111111101111111110111111111111111111111111111111111111111111111111111111111188888811111188881
1111100111000111111110111100111111111101111111111111111111111111111111111111111111110111111111011111111111110111111011111111110111111111111111111111111111111111111111111111111111111111188888811111111881
1111111010111111111111011011111111111110111111111111111111111111111111111111111111110111111110111111111111110111110111111111111011111111100111111111111111111111111111111111111111111111118888881111111111
1111111101111111111111100111111111111111011111111111111111111111111111111111111111110111111101111111111111110100001111111111111011111100010111111111111111111111111111111111111111111111111888881111111111
1111111110111111111111010111111111111111101111111111111111111111111111111111111111111011111011111111111111110011111111111111000000000011110111111111111111111111111111111111111111111111111888888111111111
1111111110111111111110111011111111111111101111111111111111111111111111111111111111111011110111111111111111110000000000000000111011111111110111111111111111111111111111111111111111111111111888888111111111
1111111110111111111001111011111111111111110111111111111111111111111111111111111111111101001111111111111110001111111111101111111011111111110111111111111111111111111111111111111111111111111188888811111111
1111111110111111100111111011111111111111110111111111111111111111111111111111111111111100111110000000000001111111111111101111111011111111110111111111111111111111111111111111111111111111111188888811111111
1111111110111111011111111101111111111111111011111111111111111111111111111100000000000000000001111111111111111111111111101111111101111111110111111111111111111111111111111111111111111111111118888881111111
1111111111011110111111111110111111111111111011111111111111111111111111000011111111111101111111111111111111111111111111101111111101111111110111111111111111111111111111111111111111111111111111888881111111
1111111111000001111111111111011111111111111011111111111111111111100000111111111111111101111111111111111111111111111111101111111101111111110111111111111111111111111111111111111111111111111111188888111111
1111111111011111111111111111011111111111111101111111100000000000011111111111111111111101111111111111111111111111111111101111111101111111111011111111111111111111111111111111111111111111111111188888111111
1111111111011111111111111111101111111111111101110000011011111111011111111111111111111101111111111111111111111111111111101111111101111111111011111111111111111111111111111111111111111111111111118888811111
1111111111011111111111111111101111110000000000001011111011111111011111111111111111111101111111111111111111111111111111101111111101111111111011111111111111111111111111111111111111111111111111118888811111
1111111111011111111111111111110111101110111110111011111011111111101111111111111111111101111111111111111111111111111111101111111101111111111011111111111111111111111111111111111111111111111111111888881111
1111111111011111111111111111110000011101111101111011111011111111101111111111111111111101111111111111111111111111111111101111111101111111111011111111111111111111111111111111111111111111111111111888881111
1111111111011111111111111111100111111011111101111011111011111111101111111111111111111101111111111111111111111111111111101111111101111111111011111111111111111111111111111111111111111111111111111188888111
1111111111011111111111111111011111110111111101111011111011111111101111111111111111111101111111111111111111111111111111101111111101111111111011111111111111111111111111111111111111111111111111111188888111
1111111111011111111111111110111111101111111101111011111011111111101111111111111111111101111111111111111111111111111111101111111101111111111011111111111111111111111111111111111111111111111111111118888811
1111111111011111111111100001111111011111111101111011111011111111101111111111111111111101111111111111111111111111111111101111111101111111111011111111111111111111111111111111111111111111111111111118888811
1111111111011111110000011111111110111111111010011011111011111111110111111111111111111101111111111111111111111111111111101111111101111111111011111111111111111111111111111111111111111111111111111111888881
1111111111101111001111111111111101111111111011100000000001111111110111111111111111111101111111111111111111111111111111101111111110111111111011111111111111111111111111111111111111111111111111111111888881
1111111111100000111111111111111011111111111011111011111101111111110111111111111111111101111111111111111111111111111111110111111110111111111011111111111111111111111111111111111111111111111111111111888881
1111111111101111111111111111100111111111111011110111111101111111110111111111111111111101111111111111111111111111111111110111111110111111111011111111111111111111111111111111111111111111111111111111888881
1111111111101111111111111111011111111111110111101111111101111111110111111111111111111101111111111111111111111111111111111011111110111111111011111111111111111111111111111111111111111111111111111111888881
1111111111101111111111111110111111111111110111101111111101111111110111111111111111111101111111111111111111111111111111111011111110111111111011111111111111111111111111111111111111111111111111111111888881
1111111111101111111111111101111111111111101111101111111101111111110111111111111111111101111111111111111111111111111111000011111110111111111011111111111111111111111111111111111111111111111111111111888881
1111111111101111111111111011111111111111101111101111111101111111110111111111111111111101111111111111111111111111111000111111111110111111111101111111111111111111111111111111111111111111111111111111888881
1111111111101111111111110111111111111111101111101111111101111111110111111111111111111101111111111111111111111111110111111111111110111111111101111111111111111111111111111111111111111111111111111111888881
1111111111101111111111101111111111111111101111011111111101111111110111111111111111111110111111111111111111111111101111111111111110111111111101111111111111111111111111111111111111111111111111111111888881
1111111111101111111111011111111111111111101111011111111101111111110111111111111111111110111111111111111111111111011111111111111110111111111101111111111111111111111111111111111111111111111111111111888881
1111111111101111111110111111111111111111101111011100000001111111110111111111111111111110111111111111111111111110111111111111111111000000000001111111111111111111111111111111111111111111111111111111888881
1111111111101111111101111111111111111111000000000011111110111111111011111111111111111110111111111111111111111110111111111111000000111111111011111111111111111111111111111111111111111111111111111111888881
1111111111101111111011111111111111111111111111101111111110111111111011111111111111111111011111111111111111111101111111111000111111111111111011111111111111111111111111111111111111111111111111111111888881
1111111111101111110111111111111111111111111111101111111110111111111011111111111111111111011111111111111111111101111111110111111111111111111011111111111111111111111111111111111111111111111111111111888881
1111111111101111101111111111111111111111111111101111111110111111111011111111111111111111101111111111111111111011111110001111111111111111111011111111111111111111111111111111111111111111111111111118888881
1111111111101111011111111111111111111111111111101111111110111111111011111111111111111111101111111111111111111000000001111111111111111111111011111111111111111111111111111111111111111111111111111118888881
1111111111101100111111111111111111111111111111101111111110111111111011111111111111111111101111111111111000000111111111111111111111111111111011111111111111111111111111111111111111111111111111111118888881
1111111111101011111111111111111111111111111111101111111110111111111011111111000000000000000000000000000111110111111111111111111111111111111011111111111111111111111111111111111111111111111111111188888881
1111111111100111111111111111111111111111111111101111111110111111111000000000111111111111101111111111111111110111111111111111111111111111111011111111111111111111111111111111111111111111111111111188888881
1111111111100000000000000000000000000001111111101111111110111111111011111111111111111111110111111111111111110111111111111111111111111111111011111111111111111111111111111111111111111111111111111888888881
1111111111110111111111111111111111111110000000001111111110111111111011111111111111111111110111111111111111111011111111111111111111111111111011111111111111111111111111111111111111111111111111111888888881
1111111111111011111111111111111111111111111111101111111110111111111011111111111111111111110111111111111111111011111111111111111111111111111011111111111111111111111111111411111111111111111111118888888811
1111111111111101111111111111111111111111111111101111111110111111111011111111111111111111110111111111111111111101111111111111111111111111111011111111111111111111111111114444411111111111111111188888888811
1111111111111101111111111111111111111111111111101111111110111111111011111111111111111111110111111111111111111101111111111111111111111111111011111111111111111111111111144444444441111111111111188888888811
1111111111111101111111111111111111111111111111110111111111011111111011111111111111111111110111111111111111111110111111111111111111111111111011111111111111111111111111144444444444444111111111888888888111
1111111111111101111111111111111111111111111111111011111111011111111011111111111111111111111011111111111111111110111111111111111111111111111011111111111111111111111111144444444444444444411118888888888111
1111111111111110111111111111111111111111111111111011111111011111111011111111111111111111111011111111111111111110111111111111111111111111111011111111111111111111111111144444444444444444411118888888888111
1111111111111110111111111111111111111111111111111011111111011111111011111111111111111111111011111111111111111110111111111111111111000000000011111111111111111111111111444444444444444444111188888888881111
1111111111111111011111111111111111111111111111111011111111011111111011111111111111111111111011111111111111111110111111111110000000111111110111111111111111111111111111444444444444444444111188888888881111
1111111111111111011111111111111111111111111111111011111000011111111101111111111111111111111011111111111111111110111100000001111111111111101111111111111111111111111111444444444444444444111888888888811111
1111111111111111011111111111111111111111111111111000000111011111111101111111111111111111111011111100000000000000000011111111111111111111011111111111111111111111111114444444444444444441111888888888811111
1111111111111111011111111111111111111111111111111011111111011111111101111111111111111111111010000011111111111111111111111111111111111110111111111111111111111111111114444444444444444441118888888888811111
1111111111111111011111111111111111111111111111111111111111011111111101111111111111111111111001111111111111111111111111111111111111111101111111111111111111111111111114444444444444444441188888888888111111
1111111111111111011111111111111111111111111111111111111111011111111101111111111111111111111011111111111111111111111111111111111111111011111111111111111111111111111144444444444444444411188888888888111111
1111111111111111011111111111111111111111111111111111111111011111111101111111111111111111111011111111111111111111111111111111111111110111111111111111111111111111111144444444444444444411888888888881111111
1111111111111111011111111111111111111111111111111111111111101111111101111111111111111111111011111111111111111111111111111111111111101111111111111111111111111111111144444444444444444411888888888881111111
1111111111111111101111111111111111111111111111111111111111101111111101111111111111111111111011111111111111111111111111111111111111011111111111111111111111111111111444444444444444444118888888888811111111
1111111111111111101111111111111111111111111111111111111111101111111101111111111111111111111011111111111111111111111111111111111110111111111111111111111111111111111444444444444444444118888888888811111111
1111111111111111110111111111111111111111111111111111111111101111111101111111111111111111111011111111111111111111111111111111111101111111111111111111111111111111111444444444444444444444444444444411111111
1111111111111111110111111111111111111111111111111111111111101111111101111111111111111111111011111111111111111111111111111111111011111111111111111111111111111111114444444444444444444444444444444111111111
1111111111111111110111111111111111111111111111111111111111101111111101111111111111111111111011111111111111111111111111111111110111111111111111111111111111111111114444444444444444444444444444444111111111
1111111111111111110111111111111111111111111111111111111111101111111110111111111111111111111011111111111111111111111111111111101111111111111111111111111111111111114444444444444444444444444444441111111111
1111111111111111110111111111111111111111111111111111111111101111111111011111111111111111111011111111111111111111111111111111011111111111111111111111111111111111144444444444444444444444444444441111111111
1111111111111111111011111111111111111111111111111111111111101111111111011111111111111111111011111111111111111111111111111110111111111111111111111111111111111111144444444444444444444444444444441111111111
1111111111111111111011111111111111111111111111111111111111101111111111011111111111111111111011111111111111111111111111111101111111111111111111111111111111111111144444444444444444444444444444411111111111
1111111111111111111101111111111111111111111111111111111111101111111111011111111111111111111011111111111111111111111111111011111111111111111111111111111111111111444444444444444444444444444444411111111111
1111111111111111111101111111111111111111111111111111111111101111111111011111111111111111111011111111111111111111111111110111111111111111111111111111111111111111444444444444444444444444444444111111111111
1111111111111111111101111111111111111111111111111111111111101111111111011111111111111111111011111111111111111111111111101111111111111111111111111111111111111111444444444444444444444444444444111111111111
1111111111111111111101111111111111111111111111111111111111110111111111011111111111110000000001111111111111111111111111011111111111111111111111111111111111111114444444444444444444444444444441111111111111
1111111111111111111101111111111111111111111111111111111111110000000000000000000000001111111101111111111111111111111110111111111111111111111111111111111111111114444444444444444444444444444441111111111111
1111111111111111111101111111111111111111111111111111111111111011111111111111111111111111111101111111111111111111111101111111111111111111111111111111111111111114444444444444444444444444444441111111111111
1111111111111111111101111111111111111111111111111111111111111011111111111111111111111111111101111111111111111111111011111111111111111111111111111111111111111144444444444444444444444444444411111111111111
1111111111111111111101111111111111111111111111111111111111111011111111111111111111111111111101111111111111111111110111111111111111111111111111111111111111111144444444444444444444444444444411111111111111
1111111111111111111101111111111111111111111111111111111111111011111111111111111111111111111101111111111111111111101111111111111111111111111111111111111111111144444444444444444444444444444111111111111111
1111111111111111111110111111111111111111111111111111111111111011111111111111111111111111111101111111111111111111011111111111111111111111111111111111111111111444444444444444444444444444444111111111111111
1111111111111111111111011111111111111111111111111111111111111011111111111111111111111111111101111111111111111111011111111111111111111111111111111111111111111444444444444444444444444444444111111111111111
1111111111111111111111101111111111111111111111111111111111111011111111111111111111111111111110111111111111111110111111111111111111111111111111111111111111111444444444444444444444444444441111111111111111
1111111111111111111111110111111111111111111111111111111111111011111111111111111111111111111110111111111111111110111111111111111111111111111111111111111111114444444444444444444444444444441111111111111111
1111111111111111111111110111111111111111111111111111111111111011111111111111111111111111111110111111111111111101111111111111111111111111111111111111111111114444444444444444444444444444411111111111111111
1111111111111111111111111011111111111111111111111111111111111011111111111111111111111111111111011111111111111011111111111111111111111111111111111111111111114444444444444444444444444444411111111111111111
1111111111111111111111111011111111111111111111111111111111111011111111111111111111111111111111011111111111110100011111111111111111111111111111111111111111144444444444444444444444444444111111111111111111
1111111111111111111111111011111111111111111111111111111111111011111111111111111111111111111111101111111111101111101111111111111111111111111111111111111111144444444444444444444444444444111111111111111111
1111111111111111111111111101111111111111111111111111111111111101111111111111111111111111111111101111111111011111110111111111111111111111111111111111111111144444444444444444444444444444111111111111111111
1111111111111111111111111101111111111111111111111111111111111101111111111111111111111111111111101111111110111111111001111111111111111111111111111111111111444444444444444444444444444441111111111111111111
1111111111111111111111111101111111111111111111111111111111111101111111111111111111111111111111101111111110111111111101111111111111111111111111111111111111444444444444444444444444444441111111111111111111
1111111111111111111111111110111111111111111111111111111111111101111111111111111111111111111111101111111101111111111011111111111111111111111111111111111111444444444444444444444444444411111111111111111111
1111111111111111111111111111011111111111111111111111111111111101111111111111111111111111111111101111111011111111111011111111111111111111111111111111111114444444444444444444444444444411111111111111111111
1111111111111111111111111111101111111111111111111111111111111101111111111111111111111111111111101111110111111111111011111111111111111111111111111111111114444444444444444444444444444411111111111111111111
1111111111111111111111111111110111111111111111111111111111111101111111111111111111111111111111101111101111111111111011111111111111111111111111111111111114444444444444444444444444444111111111111111111111
1111111111111111111111111111111011111111111111111111111111111101111111111111111111111111111111110111101111111111111011111111111111111111111111111111111144444444444444444444444444444111111111111111111111
1111111111111111111111111111111011111111111111111111111111111101111111111111111111111111111111110111011111111111110111111111111111111111111111111111111144444444444444444444444444441111111111111111111111
1111111111111111111111111111111101111111111111111111111111111101111111111111111111111111111111110110111111111111110111111111111111111111111111111111111144444444444444444444444444441111111111111111111111
1111111111111111111111111111111110111111111111111111111111111100000000000000000000000000001111111001111111111111110111111111111111111111111111111111111444444444444444444444444444411111111111111111111111
1111111111111111111111111111111110111111111111111111110000000011111111111111111111111111110000000001111111111111101111111111111111111111111111111111111444444444444444444444444444411111111111111111111111
1111111111111111111111111111111110111111111111110000001111111111111111111111111111111111111111110110011111111111011111111111111111111111111111111111111444444444444444444444444444411111111111111111111111
1111111111111111111111111111111110111111111000001111111111111111111111111111111111111111111111101111100111111110111111111111111111111111111111111111114444444444444444444444444444111111111111111111111111
1111000000000011111111111111111110111111100111111111111111111111111111111111111111111111111111011111111001111101111111111111111111111111111111111111114444444444444444444444444444111111111111111111111111
1111011111111100000000000000001110111111011111111111111111111111111111111111111111111111111110111111111110000001111111111111111111111111111111111111114444444444444444444444444441111111111111111111111111
1111011111111111111111111111110110110000111111111111111111111111111111111111111111111111111101111111111111111101111111111111111111111111111111111111144444444444444444444444444441111111111111111111111111
1111011111111111111111111111111000000000111111111111111111111111111111111111111111111111111011111111111111111111111111111111111111111111111111111111144444444444444444444444444441111111111111111111111111
1111011111111111111111111111111111011111011111111111111111111111111111111111111111111111110111111111111111111111111111111111111111111111111111111111144444444444444444444444444411111111111111111111111111
1111011111111111111111111111111110111111100000111111111111111111111111111111111111111111101111111111111111111111111111111111111111111111111111111111144444444444444444444444444411111111111111111111111111
1110111111111111111111111111111110111111111111000000011111111111111111111111111111111111011111111111111111111111111111111111111111111111111111111111144444444444444444444444444411111111111111111111111111
1110111111111111111111111111111110111111111111111101100000000000000000000000000000001110111111111111111111111111111111111111111111111111111111111111144444444444444444444444444411111111111111111111111111
1110111111111111111111111111111110111111111111111101111111111111111101111111111111110000001111111111111111111111111111111111111111111111111111111111144444444444444444444444444411111111111111111111111111
1110111111111111111111111111111110111111111111111101111111111111111101111111111111111101110000000000111111111111111111111111111111111111111111111111144444444444444444444444444411111111111111111111111111
1110111111111111111111111111111110111111111111111011111111111111111101111111111111111011111111111111000111111111111111111111111111111111111111111111444444444444444444444444444411111111111111111111111111
1110111111111111111111111111111110111111111111111011111111111111111101111111111111111011111111111111011000011111111111111111111111111111111111111111444444444444444444444444444411111111111111111111111111
1110111111111111111111111111111101111111111111111011111111111111111101111111111111111011111111111111011111100000001111111111111111111111111111111111444444444444444444444444444411111111111111111111111111
1110111111111111111111111111111101111111111111111011111111111111111101111111111111111011111111111111011111111111110001111111111111111111111111111111444444444444444444444444444411111111111111111111111111
1101111111111111111111111111111101111111111111111011111111111111111101111111111111111011111111111111011111111111111101111111111111111111111111111111444444444444444444444444444411111111111111111111111111
1101111111111111111111111111111101111111111111111011111111111111111101111111111111110111111111111111011111111111111101111111111111111111111111111111444444444444444444444444444441111111111111111111111111
1101111111111111111111111111111101111111111111111011111111111111111101111111111111110111111111111111011111111111111101111111111111111111111111111114444444444444444444444444444444441111111111111111111111
1100000000000000000000111111111101111111111111111011111111111111111101111111111111110111111111111111011111111111111101111111111111111111111111111114444444444444444444444444444444444441111111111111111111
1111111111111111111111001111111101111111111111111011111111111111111011111111111111110111111111111111011111111111111101111111111111111111111111111114444444444444444444444444444444444444441111111111111111
1111111111111111111111110000111011111111111111111011111111111111111011111111111111110111111111111111011111111111111101111111111111111111111111111114444444444444444444444444444444444444444441111111111111
1111111111111111111111111111000011111111111111111011111111111111111011111111111111110111111111111111011111111111111101111111111111111111111111111114444444444444444444444444444444444444444444441111111111
1111111111111111111111111111111100000000111111111011111111111111111011111111111111110111111111111111011111111111111101111111111111111111111111111114444444444444444444444444444444444444444444444441111111
1111111111111111111111111111111111111111001111111011111111111111111011111111111111110111111111111111011111111111111101111111111111111111111111111144444444444444444444444444444444444444444444444444441111
1111111111111111111111111111111111111111110011111011111111111111111011111111111111110111111111111111011111111111111101111111111111111111111111111144444444444444444444444444444444444444444444444444444441
1111111111111111111111111111111111111111111100000000000000001111111011111111111111110111111111111111011111111111111101111111111111111111111111111144444444444444444444444444444444444444444444444444444441
1111111111111111111111111111111111111111111111111111111111110000000000000000111111110111111111111110111111111111111101111111111111111111111111111144444444444444444444444444444444444444444444444444444441
1111111111111111111111111111111111111111111111111111111111111111111111111111000000110111111111111110111111111111111101111111111111111111111111111144444444444444444444444444444444444444444444444444444441
1111111111111111111111111111111111111111111111111111111111111111111111111111111111000000000000001110111111111111111011111111111111111111111111111444444444444444444444444444444444444444444444444444444441
1111111111111111111111111111111111111111111111111111111111111111111111111111111111111111111111110110111111111111111011111111111111111111111111111444444444444444444444444444444444444444444444444444444441
1441111111111111111111111111111111111111111111111111111111111111111111111111111111111111111111111000000011111111111011111111111111111111111111111444444444444444444444444444444444444444444444444444444441
1444111111111111111111111111111111111111111111111111111111111111111111111111111111111111111111111111111101111111111011111111111111111111111111111444444444444444444444444444444444444444444444444444444441
1444444111111111111111111111111111111111111111111111111111111111111111111111111111111111111111111111111110000000000111111111111111111111111111111444444444444444444444444444444444444444444444444444444441
1444444444111111111111111111111111111111111111111111111111111111111111111111111111111111111111111111111111111111111111111111111111111111111111111444444444444444444444444444444444444444444444444444444441
1444444444444111111111111111111111111111111111111111111111111111111111111111111111111111111111111111111111111111111111111111111111111111111111114444444444444444444444444444444444444444444444444444444441
1444444444444444111111111111111111111111111111111111111111111111111111111111111111111111111111111111111111111111111111111111111111111111111111114444444444444444444444444444444444444444444444444444444441
1444444444444444444111111111111111111111111111111111111111111111111111111111111111111111111111111111111111111111111111111111111111111111111111114444444444444444444444444444444444444444444444444444444441
1444444444444444444444444444444444411111111111111111111111111111111111111111111111111111111111111111111111111111111111111111111111111111111111114444444444444444444444444444444444444444444444444444444441
1444444444444444444444444444444444444111111111111111111111111111111111111111111111111111111111111111111111111111111111111111111111111111111111114444444444444444444444444444444444444444444444444444444441
1444444444444444444444444444444444444441111111111111111111111111111111111111111111111111111111111111111111111111111111111111111111111111111111114444444444444444444444444444444444444444444444444444444441
1444444444444444444444444444444444444444411111111111111111111111111111111111111111111111111111111111111111111111111111111111111111111111111111144444444444444444444444444444444444444444444444444444444441
1444444444444444444444444444444444444444444111111111111111111111111111111111111111111111111111111111111111111111111111111111111111111111111111144444444444444444444444444444444444444444444444444444444441
1444444444444444444444444444444444444444444411111111111111111111111111111111111111111111111111111111111111111111111111111111111111111111111111144444444444444444444444444444444444444444444444444444444441
1444444444444444444444444444444444444444444441111111111111111111111111111111111111111111111111111111111111111111111111111111111111111111111111144444444444444444444444444444444444444444444444444444444441
1444444444444444444444444444444444444444444444111111111111111111111111111111111111111111111111111111111111111111111111111111111111111111111111144444444444444444444444444444444444444444444444444444444441
1444444444444444444444444444444444444444444444411111111111111111111111111111111111111111111111111111111111111111111111111111111111111111111111144444444444444444444444444444444444444444444444444444444441
1444444444444444444444444444444444444444444444441111111111111111111111111111111111111111111111111111111111111111111111111111111111111111111111444444444444444444444444444444444444444444444444444444444441
1444444444444444444444444444444444444444444444444444444444111111111111111111111111111111111111111111111111111111111111111111111111111111111111444444444444444444444444444444444444444444444444444444444441
1444444444444444444444444444444444444444444444444444444444444444444411111111111111111111111111111111111111111111111111111111111111111111111111444444444444444444444444444444444444444444444444444444444441
1444444444444444444444444444444444444444444444444444444444444444444444444444411111111111111111111111111111111111111111111111111111111111111111444444444444444444444444444444444444444444444444444444444441
1444444444444444444444444444444444444444444444444444444444444444444444444444444444444411111111111111111111111111111111111111111111111111111111444444444444444444444444444444444444444444444444444444444441
1444444444444444444444444444444444444444444444444444444444444444444444444444444444444444444441111111111111111111111111111111111111111111111111444444444444444444444444444444444444444444444444444444444441
1111111111111111111111111111111111111111111111111111111111111111111111111111111111111111111111111111111111111111111111111111111111111111111111111111111111111111111111111111111111111111111111111111111111