111111111111111111111111111111111111111111111111111111111111111111111111111111111111111111111111111111
111111111111111111111111111111111111111111111111111111111111111111111111111111111111111111111111111111
111111111111111111111111111111111111111111111111111111111111111111111111111111000000000001111111111111
111111111111111111111111111111111111111111111111111111111111111111111111111110011111111110000000000011
111111111111111111111111111111111111111111111111111111111011111111111111111101011111111111111111110011
111111111111111111111111111111111111111111111111111111110101111111111111111011101111111111111111101011
111111111111111111111111111111111111111111111111111110001110111111101111110111101111111111111111011011
111111111111111111111111111111111111111111111111111110111111000000010111001111110111111111111100111011
111111111111111111111111111111111111111111111111111101011111011111111010111111111011111111111011111011
111111111111111111111111111111111111111111111111111101101111101111111101111111110001111111110111111011
111111111111111111111111111111111111111111111110000011101111101111111010000111101111111111101111111011
111111111111111111111111111111111111111111111101111011101111101111110111111000001111111111011111111011
111111111111111111111111111111111111110000000001111011101111101111000111111110110000011100111111111011
111111111111111111111111111111111111101111111101111011101111100000111011111101111111100011111111111011
111111111111111111111111111111111111011111111101111011101111101111111100011011111111011111111111111011
111111111111111111111111111111111000111111111101110111101111101111111111100111111110111111111111111011
111111111111111111111111111111000001111111111110000000000000001111111111011001111101111111111111111011
111111111111111111111111111100101110111111111110110111101111100011111100111110011101111111111111111011
111111111111111111111111110011101111011111111110110111101111101101110011111111100011111111111111111011
111111111111111111111110001111101111100000000000000000001111101110001111111111110111111111111111111011
111111111111111111111101100111101111111111111111110111101111101111101111111111101111111111111111111011
111111111111111111110011101000001111111111111111110111101111101111101111111111011111111111111111111011
111111111111111111101111101111100000011111111111110111101111101111011111111110111111111111111111111011
111111111111111111011111101111101111100000000000000000000000000000111111111101111111111111111111110011
111111111111111110111111101111101111111111111111111111111111111110000111111011111111111111111100001111
111111111111111001111111101111011111111111111111111111111111111110111000110111111111111111111011111111
111111111111110111111111101111011111111111111111111111111111111110111111010111111111111111110111111111
111111111111001111111111101111011111111111111111111111111111111110111111001111111001111111001111111111
111111111000111111111111101111011111111111111111111111111111111110111110110111111010000000111111111111
111111111011111111111111101111011111111111111111111111111111111111011101111011111010101111111111111111
111111111011111111111111100000011111111111111111111111111111111111101011111100111010101111111111111111
111111111101111111111111101111011111111111111111111111111111111111110111111111011010101111111111111111
111111111110111111111111101111011111111111111111111111111111111111101111111111101010101111111111111111
111111111110111111111111101111011111111111111111111111111111111111011111111111110010101111111111111111
111111111110111111111111100111011111111111111111111111111111111110111111111111111000101111111111111111
111111111110111111111111101000011111111111111111111111111111111110011111111111111110000001111111111111
111111111110111111111111101111011111111111111111111111111111111101101111111111000001111100111111111111
111111111111011111111111101111011111111111111111111111111111111011110011111110111111111101011111111111
111111111111011111111111101111011111111111111111111111111111111011111101100001111111111101101111111111
111111111111000000000000001111011111111111111111111111111111110111111110011111111111111101110111111111
111111111111011111111111101111011000111111111111111111111111101001111101111111111111111101111011111111
111111111111101111111111101111011011000000000000000001111111011110111001111111111111111101111101111111
111111111111110111111111101111011011111111111111011110000000111111000011111111111111111011111110111111
111111111111110111111111101111011011111111111111011111011110011110111011111111111111110111111111011111
111111111111110111111111101111011011111111111111011110111101100101111011111111111111101111111111101111
111111111111110111111111011111000000000000000000001110111101111011111011111111111111011111111111110011
111111111111111011111111011111111111111111111111010000111001111011110111111111111111011111111111110111
111111111111111011111111011111111111111111111111011101111010010111110000011111111110111111111111110111
111111111111111101111111011111111111111111111110111101110111101111101111100011111110111111111111110111
111111111111111101111111011111111111111111111110111011110111110111011111111100111110111111111111110111
111111111111111000000000000000000000111111111110000011110111110111011111111011000000000011111111110111
111111111111100101111111011111110111000111111110111011110111111010111111111011111101111100111111101111
111111000000011101111111011111110111111011111110111011110111111100111111111011111101111111000000101111
111111101111111101111111011111110111111011111110110111110111111100111111111011111101111111111111001111
111111110111111110111111011111110111111011111110110111101111111110111111111000000011111111111111101111
111111111011111110111111011111110111111000000000000111101111111111011111111011111011111111111111111111
111111111101111110111111011111111011111111111111110011011111111111100000001011111011111111111111111111
111111111101111110111111011111111010001111111111111100011111111111011111110111111011111111111111111111
111111111110111110111111100000000001101111111111111111011111111111011111110111110111111111111111111111
111111111111011110000000001111111111101111111111111110111111111110111111110111101111111111111111111111
111111111111011111111111101111111111101111111111111101111111111101111111111011101111111111111111111111
111111111111011111111111101111111111101111111111111101111111111011111111111101011111111111111111111111
111111111111101111111111101111111111101111111111111101111100111011111111111110111111111111111111111111
111111111111110111111111101111111111101111111111111011111101000111000000000000111111111111111111111111
111111111111110111111111101111111111101111110000000001111101110110111111111110111111111111111111111111
111111111111110111111111101111111111101111001111111010001011110110111111111110111111111111111111111111
111111111111111011111111101111111111101110011111110111110111101101111111111110111111111111111111111111
111111111111111101111111100000000000000001011111110111110000000101111111111111011111111111111111111111
111111111111111101111111101111111111101111101111110111110111111000000000000000001111111111111111111111
111111111111111110111111101111111111101111110000000111110111111011111011111111011111111111111111111111
111111111111111110111111101111111111101111111111110111110111110111111011111110111111111111111111111111
111111111111111111011111101111111111101111111111110111110111110111110111111110111111111111111111111111
111111111111111111011111101111111111101111111111110111110111110111110111111101111111111111111111111111
111111111111111111011111101111111111101111111111110111110111101111101111111101111111111111111111111111
111111111111111111011111101111111111101111111111110000000000000001101111111101111111111111111111111111
111111111111111111011111101110000000001111111111110111111111111110001111111101111111111111111111111111
111111111111111111101111100001111111111111111111110111111111111111111111111101111111111111111111111111
111111111111111111101111101111111111111111111111110111111111111111111111111101111111111111111111111111
111111111111111111110111101111111111111111111111110111111111111111111111111101111111111111111111111111
111111111111111111111011101111111111111100000000000000111111111111111110000011111111111111111111111111
111111111111111111111011101111111111111101101110110111000000111110000001111011111111111111111111111111
111111111111111111111011101111111111111101101110110111111111000001111111111011111111111111111111111111
111111111111111111111101110000000000111101101110110111111111111111111111111011111111111111111111111111
111111111111111111111100001110111111011101101110110111111111111111111111111011111111111111111111111111
111111111111111111111101111110110000000000000000110111111111111111111111111011111111111111111111111111
111111111111111111111101111110001111111100000000000000000000000000000011111011111111111111111111111111
111111111111111111111110111111111111110011111111111111111111111111111100000011111111111111111111111111
111111111111111111111110111111111111001111111111111111111111111111111111111111111111111111111111111111
111111111111111111111111011111111100111111111111111111111111111111111111111111111111111111111111111111
111111111111111111111111100000000011111111111111111111111111111111111111111111111111111111111111111111
111111111111111111111111111111111111111111111111111111111111111111111111111111111111111111111111111111
144444444444444444444444444444444444444444444444444444444444444444444444444444444444444444444444444441
144444444444444444444444444444444444444444444444444444444444444444444444444444444444444444444444444441
144444444444444444444444444444444444444444444444444444444444444444444444444444444444444444444444444441
144444444444444444444444444444444444444444444444444444444444444444444444444444444444444444444444444441
144444444444444444444444444444444444444444444444444444444444444444444444444444444444444444444444444441
144444444444444444444444444444444444444444444444444444444444444444444444444444444444444444444444444441
144444444444444444444444444444444444444444444444444444444444444444444444444444444444444444444444444441
144444444444444444444444444444444444444444444444444444444444444444444444444444444444444444444444444441
144444444444444444444444444444444444444444444444444444444444444444444444444444444444444444444444444441
144444444444444444444444444444444444444444444444444444444444444444444444444444444444444444444444444441
111111111111111111111111111111111111111111111111111111111111111111111111111111111111111111111111111111