111111111111111111111111111111111111111111111111111111111111111111111111111111111111111111111111111111
111111111111111111111111111111111111111111111111111111111111111111111111111181111111111111111111111111
111111111111111111111111111111111111111111111111111111888888888888888888888811000000000000000000001111
111111111111111111111111111111111111111111111888888888111111111111111111111110101111111111111111110011
111111111111111111111111111111111111111111888111111111111011111111111111111001110111111111111111110011
111111111111111111111111111111111111111188111111111111100101111111111111110111111011111111111111101011
111111111111111111111111111111111111888811111111111110011110111100001111101111111011111111111110011011
111111111111111111111111111111118888111111111111111110111111000011110111011111111101111111111101111011
111111111111111111111111111888881111111111111111111110011111011111111010111111111101111111111011111011
111111111111111111111111118111111111111111111111111101101111011111111100001111111101111111110111111011
111111111111111111111111811111111111111111111111111011101111101111111011110001100011111111101111111011
111111111111111111111181111111111111111110000000000011101111101111110111111110011111111110011111111011
111111111111111111118111111111111111100001111101111011101111101111101111111110100001111001111111111011
111111111111111111181111111111111111011111111110111011101111100000010000111101111110000111111111111011
111111111111111111811111111111111000111111111110110111101111101111111111011011111111011111111111111011
111111111111111181111111111111110111111111111110110111101111101111111111100111111110111111111111111011
111111111111111811111111111111101111111111111110000000000000001111111111011000011110111111111111111011
111111111111118111111111111111000111111111111110110111101111100011111100111111100101111111111111111011
111111111111811111111111111000101011111111111110110111101111101101111011111111111011111111111111111011
111111111118111111111111000111101100000000000000000000001111101110000111111111110111111111111111111011
111111111181111111111100100011101111111111111111110111101111101111101111111111101111111111111111111011
111111111811111111111011101101101111111111111111110111101111101111101111111111011111111111111111111011
111111118111111111110111101110001111111111111111110111101111101111011111111110111111111111111111111011
111111118111111110001111101111010000000000000000000000000000000111011111111101111111111111111111110011
111111118111110001111111101111011111111111111111111111111111111000011111111011111111111111111111101111
111111118111001111111111101111011111111111111111111111111111111110100111111011111111111111111110011111
111111181110111111111111101111011111111111111111111111111111111110111001110111111111111111111101111111
111111181101111111111111101111011111111111111111111111111111111110111110001111111011111110000011111111
111111181011111111111111101111011111111111111111111111111111111110111110110111111000000001111111111111
111111811011111111111111100001011111111111111111111111111111111111011101111011111010101111111111111111
111111811011111111111111101110011111111111111111111111111111111111101011111101111010101111111111111111
111111811011111111111111101111011111111111111111111111111111111111110111111110111010101111111111111111
111111811011111111111111101111011111111111111111111111111111111111101111111111011010101111111111111111
111118111011111111111111101111011111111111111111111111111111111111011111111111101010101111111111111111
111118111101111111111111100000011111111111111111111111111111111110111111111111110010101111111111111111
111118111101111111111111101111011111111111111111111111111111111101011111111110000000000001111111111111
111181111101111111111111101111011111111111111111111111111111111011100111111101111111111100111111111111
111181111101111111111111101111011111111111111111111111111111111011111011110011111111111101001111111111
111181111110111100000000001111011111111111111111111111111111111011111101101111111111111101110111111111
111181111111000011111111101111011111111111111111111111111111110111111110011111111111111101111011111111
111181111111101111111111101111011000111111111111111111111111101001111100111111111111111011111101111111
111181111111101111111111101111011011000000000000001111111111011110100001111111111111111011111110111111
111181111111101111111111101111011011111111111111010000000000011111011011111111111111110111111111011111
111181111111101111111111011111011011111111111111011111101110101110111011111111111111101111111111101111
111181111111101111111111011111011011111111111111011111011110110101111011111111111111011111111111110111
111181111111101111111111011111000000000000000000000011011101111011111011111111111110111111111111111011
111181111111110111111111011111111111111111111111011100111011110111110111111111111110111111111111111011
111181111111111011111111011111111111111111111111011101111000110111110000001111111101111111111111110111
111181111111111011111111011111111111111111111111011101111011001111101111110011111101111111111111110111
111181111111111011111111011111111111111111111111011101111011101111101111111100001101111111111111110111
111181111111111100000000000000000011111111111110000011111011110111011111111011110000011111111111110111
111181111111110001111111101111110100011111111110111011110111111011011111111011111011100111111111110111
111181000000001110111111101111111011100011111110111011110111111011011111111011111011111001111111110111
111181011111111110111111101111111011111011111110111011101111111100111111111011111011111110000111110111
111181101111111110111111101111111011111011111110111011011111111110111111111000000011111111111000001111
111181110111111110111111101111111011111000000000011011011111111111011111111011110111111111111111111111
111181110111111110111111101111111011111111111111100111011111111111100000010111110111111111111111111111
111181111011111110111111101111111000001111111111111000011111111111011111100111101111111111111111111111
111181111011111110111111101111000011101111111111111111011111111110111111111011101111111111111111111111
111181111101111110000000000000111111101111111111111110111111111101111111111011011111111111111111111111
111181111110111111111111101111111111101111111111111110111111111011111111111011011111111111111111111111
111118111111011111111111101111111111101111111111111101111111110111111111111101011111111111111111111111
111118111111011111111111101111111111101111111111111101111100000111111111111110011111111111111111111111
111118111111101111111111101111111111101111111111111011111011110111000000000000111111111111111111111111
111111811111101111111111101111111111101111111111100001111011110111011111111110111111111111111111111111
111111811111101111111111101111111111101110000000011010110111101110111111111111011111111111111111111111
111111811111110111111111101111111111101101101111110111000111101101111111111111101111111111111111111111
111111181111110111111111101111111110000011110111110111110000011011111111111111101111111111111111111111
111111181111111011111111100000000001101111110111110111110111100000000000000000001111111111111111111111
111111181111111011111111101111111111101111110000000111110111111011111101111111101111111111111111111111
111111181111111101111111101111111111101111111111110111110111110111111101111111011111111111111111111111
111111181111111110111111101111111111101111111111110111110111101111111011111111011111111111111111111111
111111118111111111011111101111111111101111111111110111110111101111110111111111011111111111111111111111
111111118111111111011111101111111111101111111111110111110111101111110111111111011111111111111111111111
111111118111111111011111101111111111101111111111110000000000000111101111111110111111111111111111111111
111111118111111111101111101111110000001111111111110111111111111000001111111101111111111111111111111111
111111111811111111101111100000001111111111111111110111111111111111111111111101111111111111111111111111
111111111811111111110111101111111111111111111111110111111111111111111111111101111111111111111111111111
111111111181111111111011101111111111111111111111110111111111111111111111111101111111111111111111111111
111111111181111111111101110111111111111100000000000000001111111111111111000011111111111111111111111111
111111111118111111111101110111111111111101101110110111110001111111111000111011111111111111111111111111
111111111111811111111101110111111111111101101110110111111110000000000111111011111111111111111111111111
111111111111181111111101100000000000111101101110110111111111111111111111111011111111111111111111111111
111111111111118111111101011110111111011101101110110111111111111111111111111011111111111111111111111111
111111111111111811111100111110111110000000000000110111111111111111111111111011111111111111111111111111
111111111111111181111110111110000001111111110000000000000000000011111111111011111111111111111111111111
111111111111111118111111011111111111110000001111111111111111111100000000000011111111111111111111111111
111111111111111111811111101111000000001111111111111111111111111111111111111111111111111111111111111111
111111111111111111181111101110111111111111111111111111111111111111111111111111111111111111111111111111
111111111111111111118111100001111111111111111111111111111111111111111111111111111111111111111111111111
111111111111111111111811111111111111111111111111111111111111111111111111111111111111111111111111111111
144444444444444444444444444444444444444444444444444444444444444444444444444444444444444444444444444441
144444444444444444444444444444444444444444444444444444444444444444444444444444444444444444444444444441
144444444444444444444444444444444444444444444444444444444444444444444444444444444444444444444444444441
144444444444444444444444444444444444444444444444444444444444444444444444444444444444444444444444444441
144444444444444444444444444444444444444444444444444444444444444444444444444444444444444444444444444441
144444444444444444444444444444444444444444444444444444444444444444444444444444444444444444444444444441
144444444444444444444444444444444444444444444444444444444444444444444444444444444444444444444444444441
144444444444444444444444444444444444444444444444444444444444444444444444444444444444444444444444444441
144444444444444444444444444444444444444444444444444444444444444444444444444444444444444444444444444441
144444444444444444444444444444444444444444444444444444444444444444444444444444444444444444444444444441
111111111111111111111111111111111111111111111111111111111111111111111111111111111111111111111111111111