111111111111111111111111111111111111111111111111111111111111111111111111111111111111111111111111111111
111111111111111111111111111111111118888888888888888888888888888888888888888881111111111111111111111111
111111111111111111111111118888888888888888888888888888888888888888888888888811001111111111111111111111
111111111111111111118888888888888888888888888888888888111111111111111111111110100000000000000000000011
111111111111111188888888888888888888888888888111111111111011111111111111111101110111111111111111110011
111111111111888888888888888888888888888888111111111111110101111111111111110011111011111111111111101011
111111111118888888888888888888888888888811111111111110001110111000001111101111111011111111111111011011
111111111888888888888888888888888888111111111111111100111111000111110111011111111011111111111110111011
111111188888888888888888888888881111111111111111111101011111011111111010111111111101111111111001111011
111111888888888888888888888111111111111111111111111101101111011111111101111111111001111110000111111011
111118888888888888888888811111111111111111111111100011101111101111111010000000110111111101111111111011
111118888888888888888881111111111111111100000000011011101111101111110111111111001111111011111111111011
111188888888888888888111111111111111110011111101111011101111101111101111111100100000110111111111111011
111188888888888888881111111111111111101111111110111011101111100000010111111011111111001111111111111011
111188888888888888811111111111111110011111111110111011101111101111111000110111111111011111111111111011
111888888888888881111111111111110001111111111110111011101111101111111110000111111110111111111111111011
111888888888888811111111111111100111111111111110000000000000000001111101111011111101111111111111111011
118888888888888111111111111110001011111111111110110111101111101110111011111100001011111111111111111011
118888888888811111111111110001101101111111111110110111101111101111010111111111110011111111111111111011
118888888888111111111111001111101110000000000000000000001111101111101111111111110111111111111111111011
188888888881111111111110100001101111111111111111110111101111101111101111111111101111111111111111111011
188888888811111111110001101110101111111111111111110111101111101111101111111111011111111111111111111011
188888888111111111101111101111000000000000001111110111101111101111011111111110111111111111111111111011
188888888111111111011111101111101111111111110000000000000000000010111111111101111111111111111111111011
188888888111110000111111101111101111111111111111111111111111111100011111111011111111111111111111100111
188888888111101111111111101111011111111111111111111111111111111110101111110111111111111111100000011111
188888881110011111111111101111011111111111111111111111111111111110110000001111111111111100011111111111
188888881101111111111111101111011111111111111111111111111111111110111111101111111001110011111111111111
188888881011111111111111101111011111111111111111111111111111111110111111010011111010001111111111111111
188888811011111111111111100111011111111111111111111111111111111111011110111101111010101111111111111111
188888811101111111111111101000011111111111111111111111111111111111101101111110111010101111111111111111
188888811101111111111111101111011111111111111111111111111111111111110011111111011010101111111111111111
188888811101111111111111101111011111111111111111111111111111111111101111111111101010101111111111111111
188888111101111111111111101111011111111111111111111111111111111111011111111111110010101111111111111111
188888111101111111111111100011011111111111111111111111111111111110111111111111111010101111111111111111
188888111110111111111111101100011111111111111111111111111111111101011111111111111100000001111111111111
188881111110111111111111101111011111111111111111111111111111111011101111111111100011111100111111111111
188881111110111111111111101111011111111111111111111111111111110111110111111000011111111011011111111111
188881111111011111100000001111011111111111111111111111111111110111111001000111111111111011100111111111
188881111111000000011111101111011111111111111111111111111111110111111100111111111111111011111011111111
188881111111101111111111101111011011111111111111111111111111101011111010111111111111110111111101111111
188881111111101111111111101111011000000000000000000000111111011100100101111111111111101111111110111111
188881111111110111111111101111011011111111111111011111000000011111011101111111111111011111111111011111
188881111111110111111111101111011011111111111111011111011101101110111011111111111110111111111111101111
188881111111111011111111101111011011111111111111011111011011110101110111111111111110111111111111110111
188881111111111011111111101111000000000000000000000010111011111011110111111111111110111111111111111011
188881111111111101111111101111111111111111111111011100111011111011110111111111111110111111111111111011
188881111111111101111111101111111111111111111110111101111001110111110000000111111110111111111111111011
188881111111111101111111101111111111111111111110111101111010001111101111111011111110111111111111110111
188881111111111101111111101111111111111111111110111101111011101111101111111100001110111111111111110111
188881111111111100000000000000000011111111111110111101111011110111011111111101110000111111111111110111
188881111110000001111111011111111000001111111110000011111011111011011111111101111011000111111111110111
188881000001111101111111011111111011110011111110111011111011111100111111111011111011111000111111110111
188881011111111110111111011111111011111011111110110111110111111110111111111011111011111111000011101111
188881011111111110111111011111111011111011111110110111110111111110111111111000000011111111111100001111
188881011111111110111111011111111011111000000000000111101111111111011111110111110111111111111111111111
188881011111111110111111011111111011111111111111110011011111111111101111110111110111111111111111111111
188881101111111110111111011111111010001111111111111100011111111111100000000111110111111111111111111111
188881110111111110111111011100000001101111111111111111011111111111011111111011110111111111111111111111
188881110111111110000000000011111111101111111111111110111111111110111111111011101111111111111111111111
188881111011111111111111101111111111101111111111111110111111111101111111111011011111111111111111111111
188888111011111111111111101111111111101111111111111101111111111101111111111010111111111111111111111111
188888111011111111111111101111111111101111111111111011111101111011111111111100111111111111111111111111
188888111101111111111111101111111111101111111111100011111100000111000000000000111111111111111111111111
188888811110111111111111101111111111101111111100011000011011101110111111111110111111111111111111111111
188888811110111111111111101111111111101110000011110111100111101101111111111110111111111111111111111111
188888811110111111111111101111111111100001011111110111110000011101111111111111011111111111111111111111
188888881111011111111111101111111111101111011111110111110111001011111111111111011111111111111111111111
188888881111101111111111100000000000001111101111110111110111110000000000000000001111111111111111111111
188888881111101111111111101111111111101111110000000111110111111011111101111111101111111111111111111111
188888881111110111111111101111111111101111111111110111110111110111111011111111101111111111111111111111
188888881111110111111111101111111111101111111111110111110111110111111011111111011111111111111111111111
188888888111111011111111101111111111101111111111110111110111101111110111111111011111111111111111111111
188888888111111011111111101111111111101111111111110111110111101111110111111111011111111111111111111111
188888888111111101111111101111111111101111111111110000000000011111101111111111011111111111111111111111
188888888111111110111111101111111000001111111111110111111111100000001111111111011111111111111111111111
188888888811111111011111100000000111111111111111110111111111111111111111111110111111111111111111111111
188888888811111111011111101111111111111111111111110111111111111111111111111101111111111111111111111111
188888888881111111011111101111111111111111111111110111111111111111111111111101111111111111111111111111
188888888881111111011111101111111111111100000000000000001111111111111111111011111111111111111111111111
188888888888111111101111101111111111111101101110110111110011110000000000000011111111111111111111111111
188888888888811111101111101111111111111101101110110111111100001111111111111011111111111111111111111111
188888888888881111110111000000000000111101101110110111111111111111111111111011111111111111111111111111
188888888888888111111010111110111110111101101110110111111111111111111111111011111111111111111111111111
188888888888888811111101111110100000000000000000110111111111111111111111111011111111111111111111111111
188888888888888881111101111110011111111111100000000000000000000000000000011011111111111111111111111111
188888888888888888111101111111111111111000011111111111111111111111111111100011111111111111111111111111
188888888888888888811110111111111111110111111111111111111111111111111111111111111111111111111111111111
188888888888888888881111011111111000001111111111111111111111111111111111111111111111111111111111111111
188888888888888888888111100000000111111111111111111111111111111111111111111111111111111111111111111111
188888888888888888888811111111111111111111111111111111111111111111111111111111111111111111111111111111
144444444444444444444444444444444444444444444444444444444444444444444444444444444444444444444444444441
144444444444444444444444444444444444444444444444444444444444444444444444444444444444444444444444444441
144444444444444444444444444444444444444444444444444444444444444444444444444444444444444444444444444441
144444444444444444444444444444444444444444444444444444444444444444444444444444444444444444444444444441
144444444444444444444444444444444444444444444444444444444444444444444444444444444444444444444444444441
144444444444444444444444444444444444444444444444444444444444444444444444444444444444444444444444444441
144444444444444444444444444444444444444444444444444444444444444444444444444444444444444444444444444441
144444444444444444444444444444444444444444444444444444444444444444444444444444444444444444444444444441
144444444444444444444444444444444444444444444444444444444444444444444444444444444444444444444444444441
144444444444444444444444444444444444444444444444444444444444444444444444444444444444444444444444444441
111111111111111111111111111111111111111111111111111111111111111111111111111111111111111111111111111111