111111111111111111111111111111111111111111111111111111111111111111111111111111111111111111111111111111
111111111111111111111111111111111111111111111111111111111111111111111111111181111111111111111111111111
111111111111111111111111111111111111111111111111111111888888888888888888888811000111111111111111111111
111111111111111111111111111111111111111111111888888888111111111111111111111110101000000000000000000011
111111111111111111111111111111111111111111888111111111110011111111111111111101110111111111111111110011
111111111111111111111111111111111111111188111111111111001101111111111111111011110111111111111111101011
111111111111111111111111111111111111888811111111111110111110110000001111110111111011111111111111011011
111111111111111111111111111111118888111111111111111101011111001111110111001111111101111111111110111011
111111111111111111111111111888881111111111111111111101101111011111111010111111111101111111111101111011
111111111111111111111111118111111111111111111111111011101111011111111100000011110001111111110011111011
111111111111111111111111811111111111111111111111111011101111101111111011111101101111111111001111111011
111111111111111111111181111111111111111111111100000011101111101111110111111110001111111110111111111011
111111111111111111118111111111111111111000000001111011101111101111000111111110110011111101111111111011
111111111111111111181111111111111111110111111101111011101111100000111011111101111100000011111111111011
111111111111111111811111111111111111101111111101111011101111101111111101111011111111101111111111111011
111111111111111181111111111111111110011111111101110111101111101111111110000111111111011111111111111011
111111111111111811111111111110000001111111111110000000000000000111111111010111111110111111111111111011
111111111111118111111111111101101101111111111110110111101111101011111100111000011101111111111111111011
111111111111811111111111110011101110011111111110110111101111101101111011111111100011111111111111111011
111111111118111111111111001111101111100000000000000000001111101110000111111111110111111111111111111011
111111111181111111111110100011101111111111111111110111101111101111011111111111101111111111111111111011
111111111811111111111101101101101111111111111111110111101111101111011111111111011111111111111111111011
111111118111111111110011101110000000001111111111110111101111101111011111111110111111111111111111111011
111111118111111111001111101111101111110000000000000000000000001111011111111101111111111111111111110011
111111118111111110111111101111101111111111111111111111111111110000111111111011111111111111111111101111
111111118111111001111111101111101111111111111111111111111111111110011111110111111111111110000000011111
111111181111000111111111101111101111111111111111111111111111111110100000110111111111111101111111111111
111111181100111111111111101111101111111111111111111111111111111110111111001111111011111011111111111111
111111181011111111111111101111101111111111111111111111111111111110111111010111111000000111111111111111
111111811011111111111111101111101111111111111111111111111111111111011110111011111010101111111111111111
111111811101111111111111100000011111111111111111111111111111111111101001111100111010101111111111111111
111111811101111111111111101111011111111111111111111111111111111111110111111111011010101111111111111111
111111811101111111111111101111011111111111111111111111111111111111101111111111101010101111111111111111
111118111110111111111111101111011111111111111111111111111111111111011111111111110010101111111111111111
111118111110111111111111100111011111111111111111111111111111111110111111111111111010101111111111111111
111118111110111111111111101000011111111111111111111111111111111101011111111111111100000001111111111111
111181111110111111111111101111011111111111111111111111111111111011101111111111110001111100111111111111
111181111110111111111111101111011111111111111111111111111111111011110111111100001111111101011111111111
111181111111010000000000001111011111111111111111111111111111111011111011000011111111111101101111111111
111181111111001111111111101111011111111111111111111111111111110111111100111111111111111101110111111111
111181111111011111111111101111011000000111111111111111111111101001111100111111111111111011111011111111
111181111111101111111111101111011011111000000000000011111111011110100010111111111111111011111100111111
111181111111101111111111011111011011111111111111011100000000111111011110111111111111111011111111011111
111181111111110111111111011111011011111111111111011111011101011110111101111111111111110111111111101111
111181111111110111111111011111011011111111111111011111011101101101111011111111111111110111111111110111
111181111111110111111111011111000000000000000000001111011011110011111011111111111111101111111111111011
111181111111110111111111011111111111111111111110110000111001110111111011111111111111011111111111110111
111181111111111011111111011111111111111111111110111110111010010111110000111111111111011111111111110111
111181111111111011111111011111111111111111111110111101111011101111110111000011111111011111111111110111
111181111111111011111111011111111111111111111110111101110111110111110111111100000110111111111111110111
111181111111111000000000000000000000111111111110000011110111111011110111111101111000011111111111101111
111181111000000101111111011111110111000111111110111011110111111101110111111101111011100000001111101111
111181000111111101111111011111111011111011111110111011110111111101101111111101111011111111110001101111
111181011111111101111111011111111011111011111110111011110111111101011111111011111011111111111110001111
111181101111111101111111011111111011111011111110111011110111111110111111111000000011111111111111101111
111181101111111101111111101111111011111000000000010111101111111111011111111011111011111111111111111111
111181101111111110111111101111111011111111111111100011101111111111100011111011110111111111111111111111
111181101111111110111111101111111011101111111111111100011111111111011100000111110111111111111111111111
111181101111111110111111101111111000001111111111111111011111111110111111111011110111111111111111111111
111181110111111110000000000000000111101111111111111111011111111110111111111011101111111111111111111111
111181110111111111111111101111111111101111111111111111011111111110111111111101101111111111111111111111
111118110111111111111111101111111111101111111111111110111111111101111111111110011111111111111111111111
111118111011111111111111101111111111101111111111111101111100111011111111111110111111111111111111111111
111118111011111111111111101111111111101111111111111000111101000111000000000000111111111111111111111111
111111811011111111111111101111111111101111111100000011011101110111011111111111011111111111111111111111
111111811101111111111111101111111111101111000011111011101011101110111111111111011111111111111111111111
111111811101111111111111101111111111101100101111111011110111011101111111111111011111111111111111111111
111111181101111111111111101111100000000011110111111011110000000101111111111111101111111111111111111111
111111181101111111111111100000011111101111110111111011110111111000000000000000001111111111111111111111
111111181110111111111111101111111111101111110000000111110111110111111101111111011111111111111111111111
111111181111011111111111101111111111101111111111110111110111110111111101111111011111111111111111111111
111111181111011111111111101111111111101111111111110111110111110111111011111111011111111111111111111111
111111118111101111111111101111111111101111111111110111110111101111110111111111011111111111111111111111
111111118111110111111111101111111111101111111111110111110111101111110111111111011111111111111111111111
111111118111111011111111101111111111101111111111110000000000000000001111111111011111111111111111111111
111111118111111101111111101111111111101111111111110111111111111111101111111110111111111111111111111111
111111111811111110111111100000000000011111111111110111111111111111111111111110111111111111111111111111
111111111811111111011111110111111111111111111111110111111111111111111111111101111111111111111111111111
111111111181111111011111110111111111111111111111110111111111111111111111111101111111111111111111111111
111111111181111111011111110111111111111100000000000111111111111111111111000011111111111111111111111111
111111111118111111101111110111111111111101101110110000111111111111111000111011111111111111111111111111
111111111111811111110111110111111111111101101110110111000000000000000111111011111111111111111111111111
111111111111181111111011110000000000111101101110110111111111111111111111111011111111111111111111111111
111111111111118111111101101110111110111101101110110111111111111111111111111011111111111111111111111111
111111111111111811111100011110110000000000000000110111111111111111111111111011111111111111111111111111
111111111111111181111110111110001111111110000000000000000001111111111111111011111111111111111111111111
111111111111111118111110111111111111100001111111111111111110000000000000000011111111111111111111111111
111111111111111111811111011111111110011111111111111111111111111111111111111111111111111111111111111111
111111111111111111181111100000000001111111111111111111111111111111111111111111111111111111111111111111
111111111111111111118111101111111111111111111111111111111111111111111111111111111111111111111111111111
111111111111111111111811111111111111111111111111111111111111111111111111111111111111111111111111111111
144444444444444444444444444444444444444444444444444444444444444444444444444444444444444444444444444441
144444444444444444444444444444444444444444444444444444444444444444444444444444444444444444444444444441
144444444444444444444444444444444444444444444444444444444444444444444444444444444444444444444444444441
144444444444444444444444444444444444444444444444444444444444444444444444444444444444444444444444444441
144444444444444444444444444444444444444444444444444444444444444444444444444444444444444444444444444441
144444444444444444444444444444444444444444444444444444444444444444444444444444444444444444444444444441
144444444444444444444444444444444444444444444444444444444444444444444444444444444444444444444444444441
144444444444444444444444444444444444444444444444444444444444444444444444444444444444444444444444444441
144444444444444444444444444444444444444444444444444444444444444444444444444444444444444444444444444441
144444444444444444444444444444444444444444444444444444444444444444444444444444444444444444444444444441
111111111111111111111111111111111111111111111111111111111111111111111111111111111111111111111111111111