111111111111111111111111111111111111111111111111111111111111111111111111111111111111111111111111111111
111111111111111111111111111111111111111111111111111111111111111111111111111111111111111111111111111111
111111111111111111111111111111111111111111111111111111111111111111111111111110000000011111111111111111
111111111111111111111111111111111111111111111111111111111111111111111111111101011111100000000000000011
111111111111111111111111111111111111111111111111111111111011111111111111111011101111111111111111110011
111111111111111111111111111111111111111111111111111111110101111111111111110111101111111111111111101011
111111111111111111111111111111111111111111111111111110001110111000001111101111110111111111111111011011
111111111111111111111111111111111111111111111111111101011111000111110111011111111011111111111110111011
111111111111111111111111111111111111111111111111111101101111011111111010111111111101111111111001111011
111111111111111111111111111111111111111111111111111101101111011111111101111111111001111111100111111011
111111111111111111111111111111111111111111111111111011101111011111111010000111110111111110011111111011
111111111111111111111111111111111111111100000000000011101111101111110111111000001111111101111111111011
111111111111111111111111111111111111111011111101111011101111101000000111111100100111111011111111111011
111111111111111111111111111111111111100111111101110111101111100111111011111011111000000111111111111011
111111111111111111111111111111111100011111111101110111101111101111111100110111111111011111111111111011
111111111111111111111111111111110011111111111101110111101111101111111111000111111111011111111111111011
111111111111111111111111111111100011111111111110000000000000000111111111011011111110111111111111111011
111111111111111111111111111111001101111111111110110111101111101000111100111100001101111111111111111011
111111111111111111111111111000101110111111111110110111101111101111010011111111110011111111111111111011
111111111111111111111111100111101111000000000000000000001111101111101111111111110111111111111111111011
111111111111111111111111001001101111111111111111110111101111101111101111111111101111111111111111111011
111111111111111111111000101110001111111111111111110111101111101111011111111111011111111111111111111011
111111111111111110000111101111100111111111111111110111101111101111011111111110111111111111111111111011
111111111111111101111111101111101000000000000000000000000000000111011111111101111111111111111111000011
111111111111111011111111101111101111111111111111111111111111111000111111111011111111111111111000111111
111111111111000111111111101111101111111111111111111111111111111110000011111011111111111111110111111111
111111111110111111111111101111011111111111111111111111111111111110111100010111111111111111101111111111
111111111101111111111111101111011111111111111111111111111111111110111111101111111011111100011111111111
111111111011111111111111101111011111111111111111111111111111111110111110010111111000000011111111111111
111111111011111111111111101111011111111111111111111111111111111111011101111011111010101111111111111111
111111111011111111111111100000011111111111111111111111111111111111101011111101111010101111111111111111
111111111011111111111111101111011111111111111111111111111111111111110111111110111010101111111111111111
111111111011111111111111101111011111111111111111111111111111111111101111111111011010101111111111111111
111111111101111111111111101111011111111111111111111111111111111111011111111111100010101111111111111111
111111111101111111111111100000011111111111111111111111111111111110111111111111111010101111111111111111
111111111101111111111111101111011111111111111111111111111111111110011111111111111100000001111111111111
111111111101111111111111101111011111111111111111111111111111111101100111111110000001111100111111111111
111111111110111111111111101111011111111111111111111111111111111101111011111001111111111101011111111111
111111111110111100000000001111011111111111111111111111111111111011111101110111111111111011100111111111
111111111111000011111111101111011111111111111111111111111111110111111100001111111111110111111011111111
111111111111011111111111101111011001111111111111111111111111101011111010111111111111110111111101111111
111111111111011111111111101111011010000000000000000111111111011100110101111111111111101111111110111111
111111111111011111111111101111011011111111111111011000000000111111001101111111111111101111111111011111
111111111111011111111111101111011011111111111111011111101101011110111011111111111111101111111111101111
111111111111101111111111101111011011111111111111011111011101100101111011111111111111101111111111110111
111111111111110111111111101111000000000000000000000001011101111011111011111111111111101111111111111011
111111111111110111111111101111111111111111111111011110111011110111110111111111111111011111111111110111
111111111111110111111111011111111111111111111111011110111001110111110011111111111110111111111111110111
111111111111110111111111011111111111111111111111011101110110001111110100000111111110111111111111101111
111111111111111011111111011111111111111111111111011101110111101111110111111000000001111111111111101111
111111111100000000000000000000000111111111111110000101110111110111110111111101111100000111111111101111
111111111011111101111111011111110000000111111110111011101111111011101111111011111101111000111111101111
111111000111111110111111011111110111111011111110111011101111111101101111111011111101111111001111101111
111111101111111110111111011111110111111011111110110111101111111101011111111011111101111111110001101111
111111110111111110111111011111110111111011111110110111101111111110111111111000000011111111111110001111
111111110111111110111111011111110111111000000000010111011111111111011111111011110111111111111111111111
111111111011111110111111011111110111111111111111100000011111111111100001110111101111111111111111111111
111111111011111110111111011111111011001111111111111111011111111111011110000111101111111111111111111111
111111111011111110111111101111110000101111111111111110111111111110111111110111101111111111111111111111
111111111101111110000000000000001111101111111111111110111111111101111111110111101111111111111111111111
111111111110111111111111101111111111101111111111111101111111111011111111110111011111111111111111111111
111111111110111111111111101111111111101111111111111101111111111011111111111011011111111111111111111111
111111111111011111111111101111111111101111111111111101111101110111111111111101011111111111111111111111
111111111111011111111111101111111111101111111111000001111100000111000000000000111111111111111111111111
111111111111011111111111101111111111101111111110111010111101110110111111111111011111111111111111111111
111111111111101111111111101111111111101111000001111011011011110110111111111111101111111111111111111111
111111111111101111111111101111111111100000011111110111100000101101111111111111101111111111111111111111
111111111111110111111111101111100000001111101111110111110111000101111111111111101111111111111111111111
111111111111111011111111100000011111101111101111110111110111111000000000000000001111111111111111111111
111111111111111011111111101111111111101111110000000111110111111011111101111111011111111111111111111111
111111111111111011111111101111111111101111111111110111110111110111111101111111011111111111111111111111
111111111111111011111111101111111111101111111111110111110111101111111011111111011111111111111111111111
111111111111111101111111101111111111101111111111110111110111101111111011111111011111111111111111111111
111111111111111101111111101111111111101111111111110111110111101111110111111110111111111111111111111111
111111111111111101111111101111111111101111111111110000000000011111101111111101111111111111111111111111
111111111111111101111111101111111111001111111111110111111111100000001111111101111111111111111111111111
111111111111111101111111100000000000111111111111110111111111111111111111111101111111111111111111111111
111111111111111110111111101111111111111111111111110111111111111111111111111011111111111111111111111111
111111111111111111011111101111111111111111111111110111111111111111111111111011111111111111111111111111
111111111111111111011111101111111111111100000000000000000111111111111110000011111111111111111111111111
111111111111111111011111101111111111111101101110110111111001111111110001111011111111111111111111111111
111111111111111111101111110111111111111101101110110111111110000000001111111011111111111111111111111111
111111111111111111110111110000000000111101101110110111111111111111111111111011111111111111111111111111
111111111111111111111011001110111111011101101110110111111111111111111111111011111111111111111111111111
111111111111111111111100111110111111000000000000110111111111111111111111111011111111111111111111111111
111111111111111111111101111110000000111111100000000000000000000111111111111011111111111111111111111111
111111111111111111111101111111111111110000011111111111111111111000000000000011111111111111111111111111
111111111111111111111110111111111111101111111111111111111111111111111111111111111111111111111111111111
111111111111111111111111011111111100011111111111111111111111111111111111111111111111111111111111111111
111111111111111111111111100000000011111111111111111111111111111111111111111111111111111111111111111111
111111111111111111111111111111111111111111111111111111111111111111111111111111111111111111111111111111
144444444444444444444444444444444444444444444444444444444444444444444444444444444444444444444444444441
144444444444444444444444444444444444444444444444444444444444444444444444444444444444444444444444444441
144444444444444444444444444444444444444444444444444444444444444444444444444444444444444444444444444441
144444444444444444444444444444444444444444444444444444444444444444444444444444444444444444444444444441
144444444444444444444444444444444444444444444444444444444444444444444444444444444444444444444444444441
144444444444444444444444444444444444444444444444444444444444444444444444444444444444444444444444444441
144444444444444444444444444444444444444444444444444444444444444444444444444444444444444444444444444441
144444444444444444444444444444444444444444444444444444444444444444444444444444444444444444444444444441
144444444444444444444444444444444444444444444444444444444444444444444444444444444444444444444444444441
144444444444444444444444444444444444444444444444444444444444444444444444444444444444444444444444444441
111111111111111111111111111111111111111111111111111111111111111111111111111111111111111111111111111111