111111111111111111111111111111111111111111111111111111111111111111111111111111111111111111111111111111
111111111111111111111111111111111111111111111111111111111111111111111111111181111111111111111111111111
111111111111111111111111111111111111111111111111111111888888888888888888888811000000000000000111111111
111111111111111111111111111111111111111111111888888888111111111111111111111110011111111111111000000011
111111111111111111111111111111111111111111888111111111111011111111111111111101101111111111111111101011
111111111111111111111111111111111111111188111111111111110101111111111111111011101111111111111111011011
111111111111111111111111111111111111888811111111111110001110100000001111110111110111111111111110111011
111111111111111111111111111111118888111111111111111110011111011111110111101111110111111111111101111011
111111111111111111111111111888881111111111111111111110011111011111111011011111111011111111111011111011
111111111111111111111111118111111111111111111111111101101111011111111100111111111101111111110111111011
111111111111111111111111811111111111111111111110000011101111011111111010000001110011111111101111111011
111111111111111111111181111111111111111111111101111011101111011111110111111110000000111100011111111011
111111111111111111118111111111111111111000000001110111101111101100001111111110111111011011111111111011
111111111111111111181111111111111111110111111110110111101111100011110111111101111111100111111111111011
111111111111111111811111111111111100001111111110110111101111101111111000011011111111011111111111111011
111111111111111181111111111111111011111111111110110111101111101111111110000111111110111111111111111011
111111111111111811111111111111000111111111111110000000000000000111111101110000011101111111111111111011
111111111111118111111111111110100111111111111110110111101111101011111011111111101101111111111111111011
111111111111811111111111110001101000111111111110110111101111101100110111111111110011111111111111111011
111111111118111111111111101111101111000000000000000000001111101111001111111111110111111111111111111011
111111111181111111111110000000101111111111111111110111101111101111011111111111101111111111111111111011
111111111811111111111101101111001111111111111111110111101111101111011111111111011111111111111111111011
111111118111111111111011101111100011111111111111110111101111101110111111111110111111111111111111111011
111111118111111111100111101111101100000000000000000000000000000010111111111101111111111111111111110011
111111118111111111011111101111011111111111111111111111111111111100000111111011111111111111111111001111
111111118111111000111111101111011111111111111111111111111111111110111011110111111111111111110000111111
111111181111000111111111101111011111111111111111111111111111111110111100110111111111111111001111111111
111111181110111111111111101111011111111111111111111111111111111110111111001111111001111000111111111111
111111181001111111111111101111011111111111111111111111111111111110111111010111111010000111111111111111
111111811011111111111111101111011111111111111111111111111111111111011110111011111010101111111111111111
111111811101111111111111100000011111111111111111111111111111111111101101111101111010101111111111111111
111111811110111111111111101111011111111111111111111111111111111111110011111110111010101111111111111111
111111811110111111111111101111011111111111111111111111111111111111101111111111001010101111111111111111
111118111110111111111111101111011111111111111111111111111111111111011111111111110010101111111111111111
111118111111011111111111101111011111111111111111111111111111111110011111111111111000101111111111111111
111118111111011111111111100000011111111111111111111111111111111101101111111111111100000001111111111111
111181111111011111111111101111011111111111111111111111111111111011110111111111110011111100111111111111
111181111111011111111111101111011111111111111111111111111111111011111011111100001111111101011111111111
111181111111011000000000001111011111111111111111111111111111111011111101100011111111111011101111111111
111181111111000111111111101111011111111111111111111111111111110111111110011111111111110111110111111111
111181111111101111111111101111011000000000001111111111111111101011111100111111111111101111111011111111
111181111111101111111111011111011011111111110000001111111111011100111001111111111111101111111101111111
111181111111101111111111011111011011111111111111010000000000111111000011111111111111101111111110111111
111181111111110111111111011111011011111111111111011111011101011110110111111111111111101111111111011111
111181111111110111111111011111011011111111111111011111011101100101110111111111111111011111111111100111
111181111111110111111111011111000000000000000000011111011101111011110111111111111111011111111111111011
111181111111110111111111011111111111111111111111000000111011110111110111111111111111011111111111111011
111181111111111011111111011111111111111111111111011110111000010111110001111111111111011111111111111011
111181111111111011111111011111111111111111111111011110110111101111101110001111111110111111111111111011
111181111111111101111111011111111111111111111111011101101111101111101111110000000010111111111111111011
111181111111111000000000000000000111111111111110111101101111101111011111111101111100111111111111110111
111181111111100110111111011111110000000111111110000011101111110110111111111101111101000000011111101111
111181000000011110111111011111110111111011111110111011101111111010111111111101111011111111101111101111
111181101111111110111111101111110111111011111110110111101111111100111111111101111011111111110011101111
111181110111111110111111101111111011111011111110110111101111111110111111111000000011111111111100001111
111181110111111110111111101111111011111000000000110111011111111111011111110111110111111111111111111111
111181111011111110111111101111111011111111111111000011011111111111100011110111110111111111111111111111
111181111101111110111111101111111011001111111111111100011111111111011100000111101111111111111111111111
111181111101111110111111101111110000101111111111111111011111111110111111110111101111111111111111111111
111181111101111110000000000000001111101111111111111110111111111101111111111011101111111111111111111111
111181111101111111111111101111111111101111111111111101111111111101111111111011101111111111111111111111
111118111101111111111111101111111111101111111111111101111111111011111111111101011111111111111111111111
111118111101111111111111101111111111101111111111111101111100110111111111111110011111111111111111111111
111118111101111111111111101111111111101111111111000000111101000111000000000000111111111111111111111111
111111811101111111111111101111111111101111111110111011011101101110111111111111011111111111111111111111
111111811110111111111111101111111111101111000001111011101011011110111111111111101111111111111111111111
111111811110111111111111101111111111101000011111111011110111011110111111111111101111111111111111111111
111111181110111111111111101111111111100111101111111011110000001101111111111111101111111111111111111111
111111181110111111111111100000000000001111110111110111110111110000000000000000001111111111111111111111
111111181110111111111111101111111111101111110000000111110111111011111011111111011111111111111111111111
111111181111011111111111101111111111101111111111110111110111110111110111111110111111111111111111111111
111111181111101111111111101111111111101111111111110111110111101111110111111110111111111111111111111111
111111118111101111111111101111111111101111111111110111110111101111110111111110111111111111111111111111
111111118111110111111111101111111111101111111111110111110111101111101111111110111111111111111111111111
111111118111110111111111101111111111101111111111110000000000000011101111111110111111111111111111111111
111111118111111011111111101000000000001111111111110111111111111100001111111101111111111111111111111111
111111111811111101111111100111111111111111111111110111111111111111111111111101111111111111111111111111
111111111811111110111111101111111111111111111111110111111111111111111111111101111111111111111111111111
111111111181111111011111101111111111111111111111110111111111111111111111111011111111111111111111111111
111111111181111111011111101111111111111100000000000001111111111111111000000011111111111111111111111111
111111111118111111011111101111111111111101101110110110000001110000000111111011111111111111111111111111
111111111111811111101111110111111111111101101110110111111110001111111111111011111111111111111111111111
111111111111181111110111110000000000111101101110110111111111111111111111111011111111111111111111111111
111111111111118111111010001110111110111101101110110111111111111111111111111011111111111111111111111111
111111111111111811111101111110111111000000000000110111111111111111111111111011111111111111111111111111
111111111111111181111110111110000000111100000000000000000000000000001111111011111111111111111111111111
111111111111111118111111011111111100000011111111111111111111111111110000000011111111111111111111111111
111111111111111111811111101110000011111111111111111111111111111111111111111111111111111111111111111111
111111111111111111181111100001111111111111111111111111111111111111111111111111111111111111111111111111
111111111111111111118111101111111111111111111111111111111111111111111111111111111111111111111111111111
111111111111111111111811111111111111111111111111111111111111111111111111111111111111111111111111111111
144444444444444444444444444444444444444444444444444444444444444444444444444444444444444444444444444441
144444444444444444444444444444444444444444444444444444444444444444444444444444444444444444444444444441
144444444444444444444444444444444444444444444444444444444444444444444444444444444444444444444444444441
144444444444444444444444444444444444444444444444444444444444444444444444444444444444444444444444444441
144444444444444444444444444444444444444444444444444444444444444444444444444444444444444444444444444441
144444444444444444444444444444444444444444444444444444444444444444444444444444444444444444444444444441
144444444444444444444444444444444444444444444444444444444444444444444444444444444444444444444444444441
144444444444444444444444444444444444444444444444444444444444444444444444444444444444444444444444444441
144444444444444444444444444444444444444444444444444444444444444444444444444444444444444444444444444441
144444444444444444444444444444444444444444444444444444444444444444444444444444444444444444444444444441
111111111111111111111111111111111111111111111111111111111111111111111111111111111111111111111111111111