111111111111111111111111111111111111111111111111111111111111111111111111111111111111111111111111111111
111111111111111111111111111111111118888888888888888888888888888888888888888881111111111111111111111111
111111111111111111111111118888888888888888888888888888888888888888888888888811000000000000111111111111
111111111111111111118888888888888888888888888888888888111111111111111111111100011111111111000000000011
111111111111111188888888888888888888888888888111111111111011111111111111111011101111111111111111110011
111111111111888888888888888888888888888888111111111111110101111111111111110111110111111111111111101011
111111111118888888888888888888888888888811111111111110001110111110001111101111111011111111111110011011
111111111888888888888888888888888888111111111111111110011111000001110111011111111101111111111101111011
111111188888888888888888888888881111111111111111111101011111011111111010111111111101111111111011111011
111111888888888888888888888111111111111111111111111101101111011111111100011111111001111111110111111011
111118888888888888888888811111111111111111111111110011101111011111111011100000100111111111001111111011
111118888888888888888881111111111111111111110000000111101111011111110111111110000111111000111111111011
111188888888888888888111111111111111100000001101110111101111011100000111111101111001110111111111111011
111188888888888888881111111111111111011111111110110111101111100011111011111011111110001111111111111011
111188888888888888811111111111111110111111111110110111101111101111111100110111111111011111111111111011
111888888888888881111111111111110001111111111110110111101111101111111111001111111110111111111111111011
111888888888888811111111111111000111111111111110000000000000001111111110110000001110111111111111111011
118888888888888111111111111110101001111111111110110111101111100111111101111111110101111111111111111011
118888888888811111111111110001101110111111111110110111101111101001110011111111111011111111111111111011
118888888888111111111111100111101111000000000000000000001111101110001111111111110111111111111111111011
188888888881111111111110001011101111111111111111110111101111101111101111111111101111111111111111111011
188888888811111111111001101101101111111111111111110111101111101111101111111111011111111111111111111011
188888888111111111110111101110000000000111111111110111101111101111011111111110111111111111111111111011
188888888111111111101111101111101111111000000000000000000000000111011111111101111111111111111111111011
188888888111111111011111101111101111111111111111111111111111111000011111111011111111111111111111000111
188888888111111000111111101111101111111111111111111111111111111110101111111011111111111111111000111111
188888881111110111111111101111101111111111111111111111111111111110110011110111111111111111110111111111
188888881100001111111111101111101111111111111111111111111111111110111100001111111011111000001111111111
188888881011111111111111101111101111111111111111111111111111111110111111010111111000000111111111111111
188888811101111111111111101111011111111111111111111111111111111111011100111011111010101111111111111111
188888811101111111111111100000011111111111111111111111111111111111101011111100111010101111111111111111
188888811101111111111111101111011111111111111111111111111111111111110111111111011010101111111111111111
188888811101111111111111101111011111111111111111111111111111111111101111111111101010101111111111111111
188888111110111111111111101111011111111111111111111111111111111111011111111111110010101111111111111111
188888111111011111111111100111011111111111111111111111111111111110111111111111111000101111111111111111
188888111111011111111111101000011111111111111111111111111111111101011111111111111000000001111111111111
188881111111011111111111101111011111111111111111111111111111111011101111111111110111111010011111111111
188881111111011111111111101111011111111111111111111111111111111011110011111110001111110111101111111111
188881111111011111000000001111011111111111111111111111111111110111111101100001111111110111110111111111
188881111111000000111111101111011111111111111111111111111111110011111110011111111111101111111011111111
188881111111101111111111101111011000111111111111111111111111101101111001111111111111101111111101111111
188881111111101111111111101111011011000000000000000001111111011110110101111111111111101111111110111111
188881111111101111111111101111011011111111111111011110000000111111001011111111111111101111111111011111
188881111111101111111111101111011011111111111111011111011101001110111011111111111111011111111111101111
188881111111101111111111101111011011111111111111011111011101110101110111111111111111011111111111110111
188881111111101111111111101111000000000000000000001111011101111011110111111111111111011111111111111011
188881111111110111111111101111111111111111111111010000111000110111110111111111111111011111111111111011
188881111111110111111111101111111111111111111111011110111011001111110111111111111110111111111111110111
188881111111111011111111011111111111111111111110111101111011101111101000111111111110111111111111110111
188881111111111101111111011111111111111111111110111101111011110111101111000000001110111111111111110111
188881111111100000000000000000000011111111111110001011111011111011011111111101110001111111111111110111
188881111111011101111111011111110100001111111110110011110111111101011111111011111010000011111111110111
188881000000111110111111011111110111110011111110111011101111111110011111111011111011111101111111110111
188881101111111110111111011111110111111011111110111011101111111110011111111011111011111110000111110111
188881110111111110111111011111110111111011111110110111101111111110111111111000000011111111111000001111
188881110111111110111111011111110111111000000000000111101111111111011111110111110111111111111111111111
188881111011111110111111011111110111111111111111110111101111111111100001110111101111111111111111111111
188881111011111110111111011111110110001111111111111000011111111111011110000111101111111111111111111111
188881111101111110111111101111100001101111111111111110111111111110111111110111011111111111111111111111
188881111110111110000000000000011111101111111111111110111111111101111111110111011111111111111111111111
188881111111011111111111101111111111101111111111111101111111111101111111111010111111111111111111111111
188888111111101111111111101111111111101111111111111101111111111101111111111100111111111111111111111111
188888111111101111111111101111111111101111111111111011111101111011111111111110111111111111111111111111
188888111111110111111111101111111111101111111111110000111010000111000000000000111111111111111111111111
188888811111110111111111101111111111101111110000000111011011101111011111111110111111111111111111111111
188888811111111011111111101111111111101110001111110111101011011110111111111110111111111111111111111111
188888811111111011111111101111111111101101101111110111110001011101111111111111011111111111111111111111
188888881111111011111111101111111111100011101111110111110110001011111111111111101111111111111111111111
188888881111111101111111100000000000001111101111110111110111110000000000000000001111111111111111111111
188888881111111110111111101111111111101111110000000111110111110111111101111111101111111111111111111111
188888881111111110111111101111111111101111111111110111110111110111111011111111011111111111111111111111
188888881111111111011111101111111111101111111111110111110111101111111011111111011111111111111111111111
188888888111111111101111101111111111101111111111110111110111101111111011111110111111111111111111111111
188888888111111111101111101111111111101111111111110111110111011111110111111110111111111111111111111111
188888888111111111101111101111111111101111111111110000000000000000101111111110111111111111111111111111
188888888111111111101111101111000000001111111111110111111111111111001111111110111111111111111111111111
188888888811111111110111100000111111111111111111110111111111111111111111111101111111111111111111111111
188888888811111111111011110111111111111111111111110111111111111111111111111101111111111111111111111111
188888888881111111111011110111111111111111111111110111111111111111111111111101111111111111111111111111
188888888881111111111101110111111111111100000000000000111111111111111110000011111111111111111111111111
188888888888111111111101110111111111111101101110110111000011111111000001111011111111111111111111111111
188888888888811111111101110111111111111101101110110111111100000000111111111011111111111111111111111111
188888888888881111111101110000000000111101101110110111111111111111111111111011111111111111111111111111
188888888888888111111101101110111110111101101110110111111111111111111111111011111111111111111111111111
188888888888888811111100011110111110000000000000110111111111111111111111111011111111111111111111111111
188888888888888881111101111110000001111110000000000000000000000000000000001011111111111111111111111111
188888888888888888111110111111111111110001111111111111111111111111111111110011111111111111111111111111
188888888888888888811111011111000000001111111111111111111111111111111111111111111111111111111111111111
188888888888888888881111011000111111111111111111111111111111111111111111111111111111111111111111111111
188888888888888888888111100111111111111111111111111111111111111111111111111111111111111111111111111111
188888888888888888888811111111111111111111111111111111111111111111111111111111111111111111111111111111
144444444444444444444444444444444444444444444444444444444444444444444444444444444444444444444444444441
144444444444444444444444444444444444444444444444444444444444444444444444444444444444444444444444444441
144444444444444444444444444444444444444444444444444444444444444444444444444444444444444444444444444441
144444444444444444444444444444444444444444444444444444444444444444444444444444444444444444444444444441
144444444444444444444444444444444444444444444444444444444444444444444444444444444444444444444444444441
144444444444444444444444444444444444444444444444444444444444444444444444444444444444444444444444444441
144444444444444444444444444444444444444444444444444444444444444444444444444444444444444444444444444441
144444444444444444444444444444444444444444444444444444444444444444444444444444444444444444444444444441
144444444444444444444444444444444444444444444444444444444444444444444444444444444444444444444444444441
144444444444444444444444444444444444444444444444444444444444444444444444444444444444444444444444444441
111111111111111111111111111111111111111111111111111111111111111111111111111111111111111111111111111111