1111111111111111111111111111111111111111111111111111111111111111111111111111111111111111111111111111111111111111111111111111111111111111111111111111111111111111111111111111111111111111111111111111111111
1111111111111111111111111111111111111111111111111111111111111111111111111111111111111111111188888888888888888888811111111111111111111111111111111111111111111111111111111111111111111111111111111111111111
1111111111111111111111111111111111111111111111111111111111111111111111111111111111111888888888888888888888888888888111111111111111111111111111111111111111111111111111111111111111111111111111111111111111
1111111111111111111111111111111111111111111111111111111111111111111111111111118888888888888888888888888888888888888881111111111111111111111111111111111111111111111111111111111111111111111111111111111111
1111111111111111111111111111111111111111111111111111111111111111111111888888888888888888888811111111111111111111118888881111111111111111111111111111111111111111111111111111111111111111111111111111111111
1111111111111111111111111111111111111111111111111111111111111118888888888888888888888111111111111111111111001111111888888811111111111111111111111111111111111111111111111111111111111111111111111111111111
1111111111111111111111111111111111111111111111111111111888888888888888888888881111111111111111111111100000010000011111888888111111111111111111111111111111111111111111111111111111111111111111111111111111
1111111111111111111111111111111111111111111111118888888888888888888888111100000000000000000000000000011111011111100011188888881111111111111111111111111111111111111111111111111111111111111111111111111111
1111111111111111111111111111111111111111188888888888888888888811111111110001111011111111111111111111111111011111111000001188888881111111111111111111111111111111111111111111111111111111111111111111111111
1111111111111111111111111111111111188888888888888888888111111111110000001011111101111111111111111111111111011111111011110111888888811111111111111111111111111111111111111111111111111111111111111111111111
1111111111111111111111111111188888888888888888881111111100000000001111110111111110111111111111111111111110111111111011110011118888888811111111111111111111111111111111111111111111111111111111111111111111
1111111111111111111111118888888888811111111111111111100011110111111111101111111110111111111111111111111110111111111011110100111188888888111111111111111111111111111111111111111111111111111111111111111111
1111111111111111111111888888811111111111111111111111011111101111111111011111111111011111111111111111111110111111111011110111011111888888881111111111111111111111111111111111111111111111111111111111111111
1111111111111111111188881111111111111111111111111000111111011111111110111111111111001111111111111111111110111111111011101111101111118888888811111111111111111111111111111111111111111111111111111111111111
1111111111111111118888111111111111111111111000000111111110111111111101111111111100101111111111111111111000111111111011101111110011111118888888811111111111111111111111111111111111111111111111111111111111
1111111111111111888811111111111111111111100111111111110001111111111011111111111011110111111111111111110110111111111011011111111101111111188888888111111111111111111111111111111111111111111111111111111111
1111111111111188881111111111111111111111011111111111101110111111110111111111110111111011111111111111101110111111110111011111111100011111111888888881111111111111111111111111111111111111111111111111111111
1111111111118888111111111111111111111100111111111111011111011111101111111111101111111101111111111110011101111111110111011111111101100011111118888888811111111111111111111111111111111111111111111111111111
1111111111888811111111111111111110000011111111110000111111101110011111111111011111111110111111111101111101111111110111011111111011111100011111118888888811111111111111111111111111111111111111111111111111
1111111188881111111111111111111001011111111111101111111111110101101111111100111111111111011111111011111011111111101111011111111011111111101111111188888888111111111111111111111111111111111111111111111111
1111118888111111111111111111110111011111111111011111111111111011110111111011111111111111101111110111111011111111101110111111111011111111110001111111188888888111111111111111111111111111111111111111111111
1111888811111111111111111110001111101111111100111111111111100101111011100111111111111111110100001111111011111111101110111111111011111111111110111111111888888881111111111111111111111111111111111111111111
1188881111111111111111111101111111110111111011111111111111011101111101011111111111111111111011111111111011111111101110111111111011111111111111001111111188888888111111111111111111111111111111111111111111
1888111111111111111111000011111111110111110111111111111110111110111110111111111111111111100011111111000000011111011110111111111011111111111111110111111111888888881111111111111111111111111111111111111111
1881111111111111111110110111111111111011001111111111111101111111011101011111111111111111011101111110110111101110111101111111111011111111111111111011111111188888888111111111111111111111111111111111111111
1111111111111111111001111011111111111100111111111111110011111111100011101111111111111100111110111001101111110000000001111111111011111111111111111101111111118888888811111111111111111111111111111111111111
1111111111111111110111111101111111111101111111111111101111111111011111110111111111111011111111010111101111111101111010111111111011111111111111111110111111111888888881111111111111111111111111111111111111
1111111111111111001111111101111111111010111111111111011111111100111111111011111111110111111111001111101111111011111011000000000011111111111111111111001111111188888888111111111111111111111111111111111111
1111111111111110011111111110111111110111011111111110111111111011111111111101111111101111111110011111011111111011110111011111111011111111111111111111100111111111888888881111111111111111111111111111111111
1111111111111110011111111111011111001011011111110001111111110111111111111110111111110111111101101111011111110111101111011111111011111111111111111111011111111111188888888111111111111111111111111111111111
1111111111111101011111111111011110111101011111101101111111101111111111111110111111111011111011110111011111101111101111011111111011111111111111111110111111111111118888888811111111111111111111111111111111
1111111111111011011111111111011001111110011111011110111110011111111111111111011111111011100111110110111111101111011111011111111011111111111111110001111111111111111888888881111111111111111111111111111111
1111111111110111011111111111100111111110101000111111011001111111111111111111101111111101011111111001111111101110111111011111111011111111111111001111111111111111111188888888111111111111111111111111111111
1111111111101111011111111111101111111111010111111111100111111111111111111111101111111110000000001101111111101110111111011111111011111111111110111111111111111111111111888888881111111111111111111111111111
1111111111011111011111111111101111111111001111111111101111111111111111111111101111111001111111110000000000000000000000000111111011111111111001111111111111111111111111188888888111111111111111111111111111
1111111110111111001111111111101111111111011111111111011111111111111111111111110110000111111111111111111111101111111111011000000011111111110111111111111111111111111111118888888811111111111111111111111111
1111111110111000110111111111101111111100111111111110111111111111111111111111111001111111111111111111111111101111111111011111111011111111001111111111111111111111111111111888888881111111111111111111111111
1111111111000111111000011111101111100011111111111101111111111111111111111111111011111111111111111111111111101111111111011111111011111110111111111111111111111111111111111188888888111111111111111111111111
1111111111011111111101101111110111011111111111111011111111111111111111111111111011111111111111111111111111101111111111011111111011111101111111111111111111111111111111111111888888881111111111111111111111
1111111110101111111011110011111010111111111111110111111111111111111111111111111011111111111111111111111111101111111111011111111011111011111111111111111111111111111111111111188888888111111111111111111111
1111111101101111100111111101111101111111111111001111111111111111111111111111111011111111111111111111111111101111111111011111111011110111111111111111111111111111111111111111118888888811111111111111111111
1111111011110110011111111110011001111111110000111111111111111111111111111111111101111111111111111111111111011111111111011111111011101111111111111111111111111111111111111111118888888881111111111111111111
1111110111111001111111111111100110111111101111111111111111111111111111111111111101111111111111111111111111011111111111011111111011011111111111111111111111111111111111111111111888888888111111111111111111
1111101111111011111111111111101111011111011111111111111111111111111111111111111101111111111111111111111110000011111111011111110110111111111111111111111111111111111111111111111188888888881111111111111111
1110011111100101111111111111011111011110111111111111111111111111111111111111111101111111111111111111111101011100011111011111110001111111111111111111111111111111111111111111111118888888888111111111111111
1101111111011110111111110000111111011101111111111111111111111111111111111111111101111111111111111111111011011111100000011111110111111111111111111111111111111111111111111111111111888888888811111111111111
1110111000111111011111101111111111101011111111111111111111111111111111111111111101111111111111111111110111011111111111011111100111111111111111111111111111111111111111111111111111888888888881111111111111
1110110111111100101111011111111111110111111111111111111111111111111111111111111101111111111111111111101111011111111111011111010111111111111111111111111111111111111111111111111111188888888888811111111111
1110001111111011110110111111111111101011111111111111111111111111111111111111111101111111111111111111011111011111111111011100110111111111111111111111111111111111111111111111111111118888888888888111111111
1110111111000111110001111111111111011011111111111111111111111111111111111111111101111111111111111110111111101111111111011011111011111111111111111111111111111111111111111111111111111888888888888811111111
1110111110111111001011111111111000111011111111111111111111111111111111111111111110111111111111111101111111101111111111000111111011111111111111111111111111111111111111111111111111111888888881118888111111
1110111101111110111011111111110111111101111111111111111111111111111111111111111110111111111111111011111111101111111111011111111011111111111111111111111111111111111111111111111111111118888888111888881111
1111011011111101111101111111101111111101111111111111111111111111111111111111111111011111111111110111111111101111111000111111111011111111111111111111111111111111111111111111111111111118888888111118888811
1111000111111011111110111110011111111110111111111111111111111111111111111111111111011111111111101111111111110111110111111111111011111111111111111111111111111111111111111111111111111111188888811111188881
1111110111110111111111011001111111111111011111111111111111111111111111111111111111011111111111011111111111110111101111111111111011111111111111111111111111111111111111111111111111111111188888811111111881
1111111011101111111111100111111111111111011111111111111111111111111111111111111111011111111110111111111111110110011111111111111011111111000111111111111111111111111111111111111111111111118888881111111111
1111111100011111111111101111111111111111011111111111111111111111111111111111111111101111111101111111111111110101111111111111111000000000110111111111111111111111111111111111111111111111111888881111111111
1111111101111111111111010111111111111111011111111111111111111111111111111111111111110111111011111111111111110011111111100000000011111111110111111111111111111111111111111111111111111111111888888111111111
1111111110111111111100111011111111111111011111111111111111111111111111111111111111111011110111111111111111000000000000011111111011111111110111111111111111111111111111111111111111111111111888888111111111
1111111110111111100011111101111111111111011111111111111111111111111111111111111111111011101111111111111110111111111111101111111011111111110111111111111111111111111111111111111111111111111188888811111111
1111111111011111011111111101111111111111101111111111111111111111111111111111111111111101011111100000000001111111111111101111111011111111110111111111111111111111111111111111111111111111111188888811111111
1111111111011110111111111110111111111111101111111111111111111111111111111111111111110000000000011111111111111111111111101111111011111111110111111111111111111111111111111111111111111111111118888881111111
1111111111011001111111111110111111111111110111111111111111111111111111111111110000001110111111111111111111111111111111101111111101111111110111111111111111111111111111111111111111111111111111888881111111
1111111111000111111111111110111111111111111011111111111111111111111110000000001111111110111111111111111111111111111111101111111101111111110111111111111111111111111111111111111111111111111111188888111111
1111111111011111111111111110111111111111111101111110000000000000000001111111111111111110111111111111111111111111111111110111111101111111110111111111111111111111111111111111111111111111111111188888111111
1111111111011111111111111111011111111111111101000001110111111111011111111111111111111110111111111111111111111111111111110111111101111111110111111111111111111111111111111111111111111111111111118888811111
1111111111011111111111111111101111111111000000111011111011111111011111111111111111111110111111111111111111111111111111110111111101111111110111111111111111111111111111111111111111111111111111118888811111
1111111111011111111111111111101111100000111110111011111011111111011111111111111111111110111111111111111111111111111111110111111101111111110111111111111111111111111111111111111111111111111111111888881111
1111111111011111111111111111110110011101111110111011111011111111011111111111111111111110111111111111111111111111111111110111111101111111110111111111111111111111111111111111111111111111111111111888881111
1111111111011111111111111100000001111011111110111011111011111111011111111111111111111110111111111111111111111111111111110111111101111111110111111111111111111111111111111111111111111111111111111188888111
1111111111101111111110000011111111110111111110111011111011111111011111111111111111111110111111111111111111111111111111110111111101111111110111111111111111111111111111111111111111111111111111111188888111
1111111111101111111101111111111111101111111110111011111101111111011111111111111111111111011111111111111111111111111111110111111101111111110111111111111111111111111111111111111111111111111111111118888811
1111111111101110000011111111111111011111111101111011111101111111011111111111111111111111011111111111111111111111111111110111111110111111110111111111111111111111111111111111111111111111111111111118888811
1111111111101101111111111111111100111111111100011011111101111111011111111111111111111111011111111111111111111111111111110111111110111111111011111111111111111111111111111111111111111111111111111111888881
1111111111100011111111111111111011111111111011100000000001111111011111111111111111111111011111111111111111111111111111110111111110111111111011111111111111111111111111111111111111111111111111111111888881
1111111111101111111111111111110111111111111011111011111101111111011111111111111111111111011111111111111111111111111111110111111110111111111011111111111111111111111111111111111111111111111111111111888881
1111111111101111111111111111101111111111111011111011111101111111011111111111111111111111011111111111111111111111111111110111111110111111111101111111111111111111111111111111111111111111111111111111888881
1111111111101111111111111111011111111111110111111011111101111111011111111111111111111111011111111111111111111111111111111011111110111111111101111111111111111111111111111111111111111111111111111111888881
1111111111101111111111111110111111111111110111111011111101111111011111111111111111111111011111111111111111111111111111111011111110111111111101111111111111111111111111111111111111111111111111111111888881
1111111111101111111111111101111111111111110111110111111101111111101111111111111111111111011111111111111111111111111111110011111110111111111101111111111111111111111111111111111111111111111111111111888881
1111111111101111111111111011111111111111110111110111111101111111101111111111111111111111011111111111111111111111111100001111111110111111111101111111111111111111111111111111111111111111111111111111888881
1111111111101111111111110111111111111111110111110111111101111111101111111111111111111111011111111111111111111111110011111111111111011111111101111111111111111111111111111111111111111111111111111111888881
1111111111101111111111001111111111111111101111110111111101111111101111111111111111111111011111111111111111111111101111111111111111011111111101111111111111111111111111111111111111111111111111111111888881
1111111111101111111110111111111111111111011111101111111101111111101111111111111111111111011111111111111111111111101111111111111111011111111101111111111111111111111111111111111111111111111111111111888881
1111111111101111111101111111111111111111011111010000000001111111101111111111111111111111011111111111111111111111011111111111111100000000000001111111111111111111111111111111111111111111111111111111888881
1111111111101111111011111111111111111111000000001111111101111111110111111111111111111111101111111111111111111110111111111111000011111111111101111111111111111111111111111111111111111111111111111111888881
1111111111101111110111111111111111111111111111011111111101111111110111111111111111111111101111111111111111111110111111111110111111111111111101111111111111111111111111111111111111111111111111111111888881
1111111111101111101111111111111111111111111111011111111101111111110111111111111111111111101111111111111111111101110000000001111111111111111101111111111111111111111111111111111111111111111111111111888881
1111111111101111011111111111111111111111111111011111111101111111110111111111111111111111101111111111111111111011101111111111111111111111111101111111111111111111111111111111111111111111111111111118888881
1111111111101110111111111111111111111111111111011111111110111111110111111111111111111111101111111111111111110000011111111111111111111111111101111111111111111111111111111111111111111111111111111118888881
1111111111101101111111111111111111111111111111011111111110111111111011111111111111111111101111100000000000000111111111111111111111111111111101111111111111111111111111111111111111111111111111111118888881
1111111111101011111111111111111111111111111111011111111110111111111011111111111111111110000000011111111111110111111111111111111111111111111101111111111111111111111111111111111111111111111111111188888881
1111111111100111111111111111111111111111111111011111111110111111111000000000000000000001101111111111111111110111111111111111111111111111111101111111111111111111111111111111111111111111111111111188888881
1111111111100000000000000000000000000011111111101111111110111111111011111111111111111111101111111111111111111011111111111111111111111111111011111111111111111111111111111111111111111111111111111888888881
1111111111101111111111111111111111111100000000001111111110111111111011111111111111111111101111111111111111111011111111111111111111111111111011111111111111111111111111111111111111111111111111111888888881
1111111111101111111111111111111111111111111111101111111110111111111011111111111111111111101111111111111111111011111111111111111111111111111011111111111111111111111111111411111111111111111111118888888811
1111111111101111111111111111111111111111111111101111111110111111111011111111111111111111101111111111111111111011111111111111111111111111111011111111111111111111111111114444411111111111111111188888888811
1111111111110111111111111111111111111111111111101111111110111111111011111111111111111111110111111111111111111011111111111111111111111111111011111111111111111111111111144444444441111111111111188888888811
1111111111111011111111111111111111111111111111101111111110111111111011111111111111111111110111111111111111111011111111111111111111111111111011111111111111111111111111144444444444444111111111888888888111
1111111111111011111111111111111111111111111111101111111111011111111011111111111111111111110111111111111111111011111111111111111111111111111011111111111111111111111111144444444444444444411118888888888111
1111111111111011111111111111111111111111111111101111111111011111111101111111111111111111111011111111111111111101111111111111111111111111111011111111111111111111111111144444444444444444411118888888888111
1111111111111011111111111111111111111111111111101111111111011111111101111111111111111111111011111111111111111101111111111111111111111100000011111111111111111111111111444444444444444444111188888888881111
1111111111111101111111111111111111111111111111101111111111011111111101111111111111111111111011111111111111111101111111111111111111111011111011111111111111111111111111444444444444444444111188888888881111
1111111111111110111111111111111111111111111111110111110000011111111101111111111111111111111011111111111111111110111111111111100000000111110111111111111111111111111111444444444444444444111888888888811111
1111111111111110111111111111111111111111111111111000000000011111111101111111111111111111111011111111100000000000000000000000011111111111101111111111111111111111111114444444444444444441111888888888811111
1111111111111111011111111111111111111111111111111011111111011111111101111111111111111111111011111110011111111111111111111111111111111111011111111111111111111111111114444444444444444441118888888888811111
1111111111111111101111111111111111111111111111111111111111011111111101111111111111111111111000000001111111111111111111111111111111111110111111111111111111111111111114444444444444444441188888888888111111
1111111111111111101111111111111111111111111111111111111111101111111101111111111111111111111101111111111111111111111111111111111111111101111111111111111111111111111144444444444444444411188888888888111111
1111111111111111110111111111111111111111111111111111111111101111111101111111111111111111111101111111111111111111111111111111111111111011111111111111111111111111111144444444444444444411888888888881111111
1111111111111111110111111111111111111111111111111111111111101111111110111111111111111111111101111111111111111111111111111111111111110111111111111111111111111111111144444444444444444411888888888881111111
1111111111111111111011111111111111111111111111111111111111101111111110111111111111111111111101111111111111111111111111111111111111101111111111111111111111111111111444444444444444444118888888888811111111
1111111111111111111101111111111111111111111111111111111111101111111110111111111111111111111101111111111111111111111111111111111111011111111111111111111111111111111444444444444444444118888888888811111111
1111111111111111111110111111111111111111111111111111111111101111111111011111111111111111111101111111111111111111111111111111111110111111111111111111111111111111111444444444444444444444444444444411111111
1111111111111111111110111111111111111111111111111111111111101111111111011111111111111111111101111111111111111111111111111111111101111111111111111111111111111111114444444444444444444444444444444111111111
1111111111111111111110111111111111111111111111111111111111101111111111011111111111111111111101111111111111111111111111111111111011111111111111111111111111111111114444444444444444444444444444444111111111
1111111111111111111110111111111111111111111111111111111111110111111111011111111111111111111101111111111111111111111111111111110111111111111111111111111111111111114444444444444444444444444444441111111111
1111111111111111111110111111111111111111111111111111111111110111111111011111111111111111111101111111111111111111111111111111101111111111111111111111111111111111144444444444444444444444444444441111111111
1111111111111111111111011111111111111111111111111111111111110111111111011111111111111111111101111111111111111111111111111111011111111111111111111111111111111111144444444444444444444444444444441111111111
1111111111111111111111101111111111111111111111111111111111110111111111011111111111111111111101111111111111111111111111111110111111111111111111111111111111111111144444444444444444444444444444411111111111
1111111111111111111111101111111111111111111111111111111111110111111111011111111111111111111101111111111111111111111111111101111111111111111111111111111111111111444444444444444444444444444444411111111111
1111111111111111111111110111111111111111111111111111111111110111111111011111111111111111111101111111111111111111111111111101111111111111111111111111111111111111444444444444444444444444444444111111111111
1111111111111111111111110111111111111111111111111111111111110111111111011111111111111111111101111111111111111111111111111011111111111111111111111111111111111111444444444444444444444444444444111111111111
1111111111111111111111110111111111111111111111111111111111110111111111011100000000000000000001111111111111111111111111110111111111111111111111111111111111111114444444444444444444444444444441111111111111
1111111111111111111111110111111111111111111111111111111111110000000000000011111111111111111101111111111111111111111111101111111111111111111111111111111111111114444444444444444444444444444441111111111111
1111111111111111111111110111111111111111111111111111111111110111111111111111111111111111111110111111111111111111111111011111111111111111111111111111111111111114444444444444444444444444444441111111111111
1111111111111111111111110111111111111111111111111111111111110111111111111111111111111111111111011111111111111111111110111111111111111111111111111111111111111144444444444444444444444444444411111111111111
1111111111111111111111110111111111111111111111111111111111110111111111111111111111111111111111011111111111111111111101111111111111111111111111111111111111111144444444444444444444444444444411111111111111
1111111111111111111111110111111111111111111111111111111111111011111111111111111111111111111111011111111111111111111011111111111111111111111111111111111111111144444444444444444444444444444111111111111111
1111111111111111111111111011111111111111111111111111111111111011111111111111111111111111111111011111111111111111110111111111111111111111111111111111111111111444444444444444444444444444444111111111111111
1111111111111111111111111101111111111111111111111111111111111011111111111111111111111111111111101111111111111111101111111111111111111111111111111111111111111444444444444444444444444444444111111111111111
1111111111111111111111111101111111111111111111111111111111111011111111111111111111111111111111101111111111111111011111111111111111111111111111111111111111111444444444444444444444444444441111111111111111
1111111111111111111111111110111111111111111111111111111111111011111111111111111111111111111111101111111111111110111111111111111111111111111111111111111111114444444444444444444444444444441111111111111111
1111111111111111111111111111011111111111111111111111111111111011111111111111111111111111111111101111111111111101111111111111111111111111111111111111111111114444444444444444444444444444411111111111111111
1111111111111111111111111111011111111111111111111111111111111011111111111111111111111111111111101111111111111001111111111111111111111111111111111111111111114444444444444444444444444444411111111111111111
1111111111111111111111111111011111111111111111111111111111111011111111111111111111111111111111101111111111110110011111111111111111111111111111111111111111144444444444444444444444444444111111111111111111
1111111111111111111111111111101111111111111111111111111111111011111111111111111111111111111111101111111111110111101111111111111111111111111111111111111111144444444444444444444444444444111111111111111111
1111111111111111111111111111101111111111111111111111111111111011111111111111111111111111111111110111111111110111110111111111111111111111111111111111111111144444444444444444444444444444111111111111111111
1111111111111111111111111111101111111111111111111111111111111011111111111111111111111111111111110111111111101111111001111111111111111111111111111111111111444444444444444444444444444441111111111111111111
1111111111111111111111111111110111111111111111111111111111111011111111111111111111111111111111110111111111011111111101111111111111111111111111111111111111444444444444444444444444444441111111111111111111
1111111111111111111111111111110111111111111111111111111111111011111111111111111111111111111111110111111110111111111011111111111111111111111111111111111111444444444444444444444444444411111111111111111111
1111111111111111111111111111110111111111111111111111111111111011111111111111111111111111111111110111111101111111111011111111111111111111111111111111111114444444444444444444444444444411111111111111111111
1111111111111111111111111111110111111111111111111111111111111011111111111111111111111111111111110111111011111111111011111111111111111111111111111111111114444444444444444444444444444411111111111111111111
1111111111111111111111111111110111111111111111111111111111111101111111111111111111111111111111110111110111111111110111111111111111111111111111111111111114444444444444444444444444444111111111111111111111
1111111111111111111111111111111011111111111111111111111111111101111111111111111111111111111111110111101111111111101111111111111111111111111111111111111144444444444444444444444444444111111111111111111111
1111111111111111111111111111111011111111111111111111111111111101111111111111111111111111111111110111011111111111011111111111111111111111111111111111111144444444444444444444444444441111111111111111111111
1111111111111111111111111111111101111111111111111111111111111101111111111111111111111111111111111010111111111111011111111111111111111111111111111111111144444444444444444444444444441111111111111111111111
1111111111111111111111111111111101111111111111111111111111000000000000000000001111111111111111111001111111111110111111111111111111111111111111111111111444444444444444444444444444411111111111111111111111
1111111111111111111111111111111110111111111111111111111100111111111111111111110000000000000000000001111111111110111111111111111111111111111111111111111444444444444444444444444444411111111111111111111111
1111111111111111111111111111111110111111111111111000000011111111111111111111111111111111111111110110111111111110111111111111111111111111111111111111111444444444444444444444444444411111111111111111111111
1111111111111111111111111111111110111111111111100111111111111111111111111111111111111111111111101111000000001110111111111111111111111111111111111111114444444444444444444444444444111111111111111111111111
1111000000000111111111111111111110111111111111011111111111111111111111111111111111111111111111011111111111110110111111111111111111111111111111111111114444444444444444444444444444111111111111111111111111
1111011111111000000111111111111110111111111100111111111111111111111111111111111111111111111110111111111111111001111111111111111111111111111111111111114444444444444444444444444441111111111111111111111111
1110111111111111111000000011111111011110000011111111111111111111111111111111111111111111111101111111111111111101111111111111111111111111111111111111144444444444444444444444444441111111111111111111111111
1110111111111111111111111100000000000001111111111111111111111111111111111111111111111111111011111111111111111111111111111111111111111111111111111111144444444444444444444444444441111111111111111111111111
1110111111111111111111111111111111010011111111111111111111111111111111111111111111111111110111111111111111111111111111111111111111111111111111111111144444444444444444444444444411111111111111111111111111
1110111111111111111111111111111111011100000000001111111111111111111111111111111111111111101111111111111111111111111111111111111111111111111111111111144444444444444444444444444411111111111111111111111111
1110111111111111111111111111111110111111111111110000000000000000001111111111111111111111011111111111111111111111111111111111111111111111111111111111144444444444444444444444444411111111111111111111111111
1110111111111111111111111111111110111111111111111101111111111111110000000000000000111110111111111111111111111111111111111111111111111111111111111111144444444444444444444444444411111111111111111111111111
1110111111111111111111111111111110111111111111111101111111111111111101111111111111000000011111111111111111111111111111111111111111111111111111111111144444444444444444444444444411111111111111111111111111
1110111111111111111111111111111110111111111111111101111111111111111101111111111111111101100001111111111111111111111111111111111111111111111111111111144444444444444444444444444411111111111111111111111111
1110111111111111111111111111111110111111111111111101111111111111111011111111111111111101111110000000000011111111111111111111111111111111111111111111444444444444444444444444444411111111111111111111111111
1101111111111111111111111111111101111111111111111101111111111111111011111111111111111101111111111110111100111111111111111111111111111111111111111111444444444444444444444444444411111111111111111111111111
1101111111111111111111111111111101111111111111111101111111111111111011111111111111111101111111111110111111011111111111111111111111111111111111111111444444444444444444444444444411111111111111111111111111
1101111111111111111111111111111011111111111111111101111111111111111011111111111111111011111111111110111111100000000001111111111111111111111111111111444444444444444444444444444411111111111111111111111111
1101111111111111111111111111111011111111111111111101111111111111111011111111111111111011111111111110111111111111111011111111111111111111111111111111444444444444444444444444444411111111111111111111111111
1101111111111111111111111111111011111111111111111101111111111111111011111111111111111011111111111110111111111111111011111111111111111111111111111111444444444444444444444444444441111111111111111111111111
1101111111111111111111111111111011111111111111111101111111111111111011111111111111111011111111111110111111111111111011111111111111111111111111111114444444444444444444444444444444441111111111111111111111
1100000000111111111111111111111011111111111111111101111111111111111011111111111111111011111111111110111111111111111011111111111111111111111111111114444444444444444444444444444444444441111111111111111111
1111111111000000000000000000001011111111111111111101111111111111111011111111111111111011111111111110111111111111111011111111111111111111111111111114444444444444444444444444444444444444441111111111111111
1111111111111111111111111111110011111111111111111101111111111111111011111111111111111011111111111110111111111111110111111111111111111111111111111114444444444444444444444444444444444444444441111111111111
1111111111111111111111111111111000011111111111111011111111111111111011111111111111111011111111111110111111111111110111111111111111111111111111111114444444444444444444444444444444444444444444441111111111
1111111111111111111111111111111111100011111111111011111111111111111011111111111111111011111111111110111111111111110111111111111111111111111111111114444444444444444444444444444444444444444444444441111111
1111111111111111111111111111111111111101111111111011111111111111111011111111111111111011111111111110111111111111110111111111111111111111111111111144444444444444444444444444444444444444444444444444441111
1111111111111111111111111111111111111110000000011011111111111111111011111111111111111011111111111110111111111111110111111111111111111111111111111144444444444444444444444444444444444444444444444444444441
1111111111111111111111111111111111111111111111100000000000000000001011111111111111110111111111111110111111111111110111111111111111111111111111111144444444444444444444444444444444444444444444444444444441
1111111111111111111111111111111111111111111111111111111111111111110000000001111111110111111111111110111111111111110111111111111111111111111111111144444444444444444444444444444444444444444444444444444441
1111111111111111111111111111111111111111111111111111111111111111111111111110000111101111111111111110111111111111110111111111111111111111111111111144444444444444444444444444444444444444444444444444444441
1111111111111111111111111111111111111111111111111111111111111111111111111111111000000000000111111110111111111111110111111111111111111111111111111444444444444444444444444444444444444444444444444444444441
1111111111111111111111111111111111111111111111111111111111111111111111111111111111111111111001111110111111111111110111111111111111111111111111111444444444444444444444444444444444444444444444444444444441
1441111111111111111111111111111111111111111111111111111111111111111111111111111111111111111110000000000000001111110111111111111111111111111111111444444444444444444444444444444444444444444444444444444441
1444111111111111111111111111111111111111111111111111111111111111111111111111111111111111111111111111111111110000010111111111111111111111111111111444444444444444444444444444444444444444444444444444444441
1444444111111111111111111111111111111111111111111111111111111111111111111111111111111111111111111111111111111111100111111111111111111111111111111444444444444444444444444444444444444444444444444444444441
1444444444111111111111111111111111111111111111111111111111111111111111111111111111111111111111111111111111111111111111111111111111111111111111111444444444444444444444444444444444444444444444444444444441
1444444444444111111111111111111111111111111111111111111111111111111111111111111111111111111111111111111111111111111111111111111111111111111111114444444444444444444444444444444444444444444444444444444441
1444444444444444111111111111111111111111111111111111111111111111111111111111111111111111111111111111111111111111111111111111111111111111111111114444444444444444444444444444444444444444444444444444444441
1444444444444444444111111111111111111111111111111111111111111111111111111111111111111111111111111111111111111111111111111111111111111111111111114444444444444444444444444444444444444444444444444444444441
1444444444444444444444444444444444411111111111111111111111111111111111111111111111111111111111111111111111111111111111111111111111111111111111114444444444444444444444444444444444444444444444444444444441
1444444444444444444444444444444444444111111111111111111111111111111111111111111111111111111111111111111111111111111111111111111111111111111111114444444444444444444444444444444444444444444444444444444441
1444444444444444444444444444444444444441111111111111111111111111111111111111111111111111111111111111111111111111111111111111111111111111111111114444444444444444444444444444444444444444444444444444444441
1444444444444444444444444444444444444444411111111111111111111111111111111111111111111111111111111111111111111111111111111111111111111111111111144444444444444444444444444444444444444444444444444444444441
1444444444444444444444444444444444444444444111111111111111111111111111111111111111111111111111111111111111111111111111111111111111111111111111144444444444444444444444444444444444444444444444444444444441
1444444444444444444444444444444444444444444411111111111111111111111111111111111111111111111111111111111111111111111111111111111111111111111111144444444444444444444444444444444444444444444444444444444441
1444444444444444444444444444444444444444444441111111111111111111111111111111111111111111111111111111111111111111111111111111111111111111111111144444444444444444444444444444444444444444444444444444444441
1444444444444444444444444444444444444444444444111111111111111111111111111111111111111111111111111111111111111111111111111111111111111111111111144444444444444444444444444444444444444444444444444444444441
1444444444444444444444444444444444444444444444411111111111111111111111111111111111111111111111111111111111111111111111111111111111111111111111144444444444444444444444444444444444444444444444444444444441
1444444444444444444444444444444444444444444444441111111111111111111111111111111111111111111111111111111111111111111111111111111111111111111111444444444444444444444444444444444444444444444444444444444441
1444444444444444444444444444444444444444444444444444444444111111111111111111111111111111111111111111111111111111111111111111111111111111111111444444444444444444444444444444444444444444444444444444444441
1444444444444444444444444444444444444444444444444444444444444444444411111111111111111111111111111111111111111111111111111111111111111111111111444444444444444444444444444444444444444444444444444444444441
1444444444444444444444444444444444444444444444444444444444444444444444444444411111111111111111111111111111111111111111111111111111111111111111444444444444444444444444444444444444444444444444444444444441
1444444444444444444444444444444444444444444444444444444444444444444444444444444444444411111111111111111111111111111111111111111111111111111111444444444444444444444444444444444444444444444444444444444441
1444444444444444444444444444444444444444444444444444444444444444444444444444444444444444444441111111111111111111111111111111111111111111111111444444444444444444444444444444444444444444444444444444444441
1111111111111111111111111111111111111111111111111111111111111111111111111111111111111111111111111111111111111111111111111111111111111111111111111111111111111111111111111111111111111111111111111111111111