1111111111111111111111111111111111111111111111111111111111111111111111111111111111111111111111111111111111111111111111111111111111111111111111111111111111111111111111111111111111111111111111111111111111
1111111111111111111111111111111111111111111111111111111111111111111111111111111111111111111111111111111111111111111111111111111111111111111111111111111111111111111111111111111111111111111111111111111111
1111111111111111111111111111111111111111111111111111111111111111111111111111111111111111111111111111111111111111111111111111111111111111111111111111111111111111111111111111111111111111111111111111111111
1111111111111111111111111111111111111111111111111111111111111111111111111111111111111111111188888888888888888888881111111111111111111111111111111111111111111111111111111111111111111111111111111111111111
1111111111111111111111111111111111111111111111111111111111111111111111111111111111111888888811111111111111111111118111111111111111111111111111111111111111111111111111111111111111111111111111111111111111
1111111111111111111111111111111111111111111111111111111111111111111111111111118888888111000000000000000000000111111888111111111111111111111111111111111111111111111111111111111111111111111111111111111111
1111111111111111111111111111111111111111111111111111111111111111111111888888881111111000111111111111111111101000000111811111111111111111111111111111111111111111111111111111111111111111111111111111111111
1111111111111111111111111111111111111111111111111111111111111188888888000000000000000111111111111111111111101111111000188811111111111111111111111111111111111111111111111111111111111111111111111111111111
1111111111111111111111111111111111111111111111111111111888888811111110111011111101111111111111111111111111011111111011001188111111111111111111111111111111111111111111111111111111111111111111111111111111
1111111111111111111111111111111111111111111111118888888111111111000001110111111110111111111111111111111111011111111011110111881111111111111111111111111111111111111111111111111111111111111111111111111111
1111111111111111111111111111111111188888888888881111111111110000111111101111111110111111111111111111111111011111111011101000118811111111111111111111111111111111111111111111111111111111111111111111111111
1111111111111111111111111111188888811111111111111111111111100111111111011111111111011111111111111111111111011111111011101111011188111111111111111111111111111111111111111111111111111111111111111111111111
1111111111111111111111118888811111111111111111111111110000001111111110111111111111011111111111111111111111011111111011011111101111881111111111111111111111111111111111111111111111111111111111111111111111
1111111111111111111118881111111111111111111111111111001111011111111101111111111111001111111111111111111110111111110111011111110111118881111111111111111111111111111111111111111111111111111111111111111111
1111111111111111111188111111111111111111111111111110111110111111111011111111111110110111111111111111111100111111110111011111111011111118811111111111111111111111111111111111111111111111111111111111111111
1111111111111111118811111111111111111111111111110001111101111111110111111111111001111011111111111111110010111111101110111111111100111111188111111111111111111111111111111111111111111111111111111111111111
1111111111111111881111111111111111111111111111001111111010111111110111111111110111111101111111111111001101111111011110111111111101001111111881111111111111111111111111111111111111111111111111111111111111
1111111111111888111111111111111111110000000000111111110111011111101111111111001111111110111111111110111101111111011110111111111101110011111118881111111111111111111111111111111111111111111111111111111111
1111111111111811111111111111111100001111111111111111101111101110011111111110111111111111011111110001111101111111011110111111111101111100011111118811111111111111111111111111111111111111111111111111111111
1111111111881111111111111111111010111111111111111111011111110101101111111001111111111111101111101111111101111110111110111111111011111111100011111188811111111111111111111111111111111111111111111111111111
1111111188111111111111111111110111011111111111111110111111110011110111110111111111111111101111011111111101111110111110111111111011111111111100111111188111111111111111111111111111111111111111111111111111
1111118811111111111111111110001111101111111111111101111111101011111011101111111111111111110110111111111011111110111101111111111011111111111111001111111811111111111111111111111111111111111111111111111111
1111181111111111111111111001111111110111111111100011111111011101111101011111111111111111110001111111111011111110111101111111111011111111111111110111111181111111111111111111111111111111111111111111111111
1118111111111111111111100111111111111011111111011111111100111110111100111111111111111111101011111111111011111110111011111111111011111111111111111011111111811111111111111111111111111111111111111111111111
1181111111111111111110001111111111111011110000111111111011111111011011011111111111111111011101111110000000011110111011111111111011111111111111111101111111181111111111111111111111111111111111111111111111
1111111111111111111001110111111111111100001111111111110111111111100111011111111111111100111110111101110111100000000001111111111011111111111111111110111111118111111111111111111111111111111111111111111111
1111111111111111100111111011111111111101111111111111101111111111011111101111111111111011111110110011110111111101111010011111111011111111111111111111011111111811111111111111111111111111111111111111111111
1111111111111111011111111011111111111001111111111111011111111110111111110111111111110111111111001111101111111101110111100000000011111111111111111111101111111181111111111111111111111111111111111111111111
1111111111111110011111111011111111110101111111111110111111111101111111111011111111101111111110011111101111111101101111101111111011111111111111111111100011111111811111111111111111111111111111111111111111
1111111111111101011111111101111111001010111111111001111111111011111111111101111111110111111101101111011111111101101111101111111011111111111111111110011101111111181111111111111111111111111111111111111111
1111111111111101011111111110111110111011011111110101111111110111111111111110111111111011110011101110111111111101011111101111111011111111111111111101111110111111118111111111111111111111111111111111111111
1111111111111011011111111111011001111101101111101110111110001111111111111110111111111101101111110101111111111101011111101111111011111111111111111011111111011111111811111111111111111111111111111111111111
1111111111110111011111111111010111111101101110011110111101111111111111111111011111111101011111111001111111111011011111101111111011111111111111100111111111101111111181111111111111111111111111111111111111
1111111111101111011111111111101111111110110001111111011011111111111111111111101111111100000111111101111111110110111111101111111011111111111110011111111111110111111111811111111111111111111111111111111111
1111111111011111011111111111101111111111001111111111100111111111111111111111101111000011111000000000000000000000000000000000001011111111110001111111111111111000111111181111111111111111111111111111111111
1111111110111111011111111111101111111111011111111111011111111111111111111111101110111111111111111111111111101111111111011111110011111111101111111111111111111111011111118111111111111111111111111111111111
1111111110111100100111111111110111111110111111111110111111111111111111111111110101111111111111111111111111101111111111011111111011111111011111111111111111111111101111111811111111111111111111111111111111
1111111111011011111000011111111011111001111111111001111111111111111111111111111011111111111111111111111111101111111111011111111011111110111111111111111111111111110111111181111111111111111111111111111111
1111111111000111111000100011111101000111111111110111111111111111111111111111111011111111111111111111111111011111111111011111111011111101111111111111111111111111111011111111811111111111111111111111111111
1111111110101111110111111101111100111111111111101111111111111111111111111111111011111111111111111111111111011111111111011111110111111011111111111111111111111111111101111111181111111111111111111111111111
1111111101101111101111111110011101111111111110011111111111111111111111111111111011111111111111111111111111011111111111011111110111110111111111111111111111111111111110111111118111111111111111111111111111
1111110011110111011111111111101010111111111101111111111111111111111111111111111101111111111111111111111111011111111111011111110111001111111111111111111111111111111111000111118111111111111111111111111111
1111101111110110111111111111110111011111111011111111111111111111111111111111111101111111111111111111111111011111111111011111110110111111111111111111111111111111111111111011111811111111111111111111111111
1111011111111001111111111000001111011111000111111111111111111111111111111111111101111111111111111111111110000011111111011111110101111111111111111111111111111111111111111101111181111111111111111111111111
1110111111000101111111110111111111011110111111111111111111111111111111111111111101111111111111111111111101011100000001011111110011111111111111111111111111111111111111111110111118111111111111111111111111
1101111110111110111111101111111111101101111111111111111111111111111111111111111101111111111111111111111011011111111110011111110111111111111111111111111111111111111111111111011111811111111111111111111111
1110111001111111011111011111111111101011111111111111111111111111111111111111111101111111111111111111110111011111111111011111100111111111111111111111111111111111111110000000111111811111111111111111111111
1110110111111110101110111111111111100111111111111111111111111111111111111111111110111111111111111111101111011111111111011111010111111111111111111111111111111111000001111111111111181111111111111111111111
1110001111111101110101111111111110010111111111111111111111111111111111111111111111011111111111111111011111011111111111011110110111111111111111111111111111111100111111111111111111118111111111111111111111
1110111111100011110011111111111001110111111111111111111111111111111111111111111111101111111111111110111111011111111111011101110111111111111111111111111111111011111111111111111111111811111111111111111111
1110111110011111101101111111110111111011111111111111111111111111111111111111111111101111111111111101111111101111111111011011110111111111111111111111111000000111111111111111111111111811111111111111111111
1110111001111111011110111111101111111101111111111111111111111111111111111111111111101111111111111011111111101111111111000111110111111111111111111111000111111111111111111111111111111118111111111111111111
1110100111111100111110111111011111111101111111111111111111111111111111111111111111101111111111110111111111101111111100111111110111111111111111111100111111111111111111111111111111111118111111111111111111
1111001111100011111111011110111111111101111111111111111111111111111111111111111111110111111111101111111111101111110011111111110111111111111111111011111111111111111111111111111111111111181111111111111111
1111110111011111111111011101111111111110111111111111111111111111111111111111111111110111111110011111111111110111101111111111110111111111111000000111111111111111111111111111111111111111181111111111111111
1111111010111111111111011011111111111110111111111111111111111111111111111111111111110111111101111111111111110111011111111111110111111111000111111111111111111111111111111111111111111111118111111111111111
1111111101111111111111000111111111111111011111111111111111111111111111111111111111110111111011111111111111110100111111111111111011111000110111111111111111111111111111111111111111111111111811111111111111
1111111101111111111110110111111111111111101111111111111111111111111111111111111111110111110111111111111111110011111111111111111000000111110111111111111111111111111111111111111111111111111811111111111111
1111111110111111111101110111111111111111101111111111111111111111111111111111111111111011101111000000000000000000000000000000000011111111110111111111111111111111111111111111111111111111111811111111111111
1111111110111111100011111011111111111111101111111111111111111111111111111111111111111011011110111111111111111111111111101111111011111111110111111111111111111111111111111111111111111111111181111111111111
1111111110111100011111111011111111111111110111111111111111111111111111111111111111111100100001111111111111111111111111101111111011111111110111111111111111111111111111111111111111111111111181111111111111
1111111110111011111111111101111111111111111011111111111111111111111111111111111111100000011111111111111111111111111111101111111011111111110111111111111111111111111111111111111111111111111118111111111111
1111111110110111111111111101111111111111111011111111111111111111111111111111110000011101111111111111111111111111111111101111111011111111110111111111111111111111111111111111111111111111111111811111111111
1111111111001111111111111101111111111111111011111111111111111111111111111000001111111101111111111111111111111111111111110111111011111111110111111111111111111111111111111111111111111111111111181111111111
1111111111011111111111111110111111111111111101111111110000000000000000000111111111111101111111111111111111111111111111110111111011111111111011111111111111111111111111111111111111111111111111181111111111
1111111111011111111111111111011111111111111110000000000111111111011111111111111111111101111111111111111111111111111111110111111011111111111011111111111111111111111111111111111111111111111111118111111111
1111111111011111111111111111011111111111000000111011110111111111011111111111111111111101111111111111111111111111111111110111111011111111111011111111111111111111111111111111111111111111111111118111111111
1111111111011111111111111111101111000000111110111011111011111111011111111111111111111101111111111111111111111111111111110111111011111111111011111111111111111111111111111111111111111111111111111811111111
1111111111011111111111111111110100111101111110111011111011111111011111111111111111111101111111111111111111111111111111110111111011111111111101111111111111111111111111111111111111111111111111111811111111
1111111111011111111111111111110011111011111110111011111011111111011111111111111111111101111111111111111111111111111111110111111011111111111101111111111111111111111111111111111111111111111111111181111111
1111111111011111111111111111101111110111111110111011111011111111011111111111111111111101111111111111111111111111111111110111111011111111111101111111111111111111111111111111111111111111111111111181111111
1111111111011111111111111111011111101111111101111011111011111111011111111111111111111101111111111111111111111111111111110111111101111111111101111111111111111111111111111111111111111111111111111118111111
1111111111011111111111111110111111011111111100111011111011111111101111111111111111111110111111111111111111111111111111110111111101111111111101111111111111111111111111111111111111111111111111111118111111
1111111111101111111100000001111110111111111011011011111011111111101111111111111111111110111111111111111111111111111111110111111101111111111101111111111111111111111111111111111111111111111111111111811111
1111111111101111111011111111111101111111110111100000000001111111101111111111111111111110111111111111111111111111111111110111111101111111111101111111111111111111111111111111111111111111111111111111811111
1111111111100000000111111111111011111111110111111011111101111111101111111111111111111110111111111111111111111111111111111011111101111111111101111111111111111111111111111111111111111111111111111111811111
1111111111101111111111111111110111111111110111110111111101111111101111111111111111111110111111111111111111111111111111111011111110111111111101111111111111111111111111111111111111111111111111111111811111
1111111111101111111111111111101111111111110111110111111101111111101111111111111111111110111111111111111111111111111111111011111110111111111101111111111111111111111111111111111111111111111111111111811111
1111111111101111111111111111011111111111110111110111111101111111101111111111111111111110111111111111111111111111111111111011111110111111111101111111111111111111111111111111111111111111111111111111811111
1111111111101111111111111100111111111111101111101111111101111111101111111111111111111110111111111111111111111111111111100011111110111111111101111111111111111111111111111111111111111111111111111111811111
1111111111101111111111111011111111111111101111011111111101111111110111111111111111111110111111111111111111111111111111011111111110111111111101111111111111111111111111111111111111111111111111111111811111
1111111111101111111111100111111111111111101111011111111101111111110111111111111111111111011111111111111111111111111110111111111110111111111101111111111111111111111111111111111111111111111111111111811111
1111111111101111111111011111111111111111011111011111111101111111110111111111111111111111011111111111111111111111100001111111111111011111111101111111111111111111111111111111111111111111111111111111811111
1111111111101111111110111111111111111111011111011111111101111111110111111111111111111111011111111111111111111111101111111111111111011111111101111111111111111111111111111111111111111111111111111111811111
1111111111101111111101111111111111111111011111011111111101111111110111111111111111111111011111111111111111111111011111111111111110000000000001111111111111111111111111111111111111111111111111111111811111
1111111111101111111011111111111111111111000000000000000001111111110111111111111111111111011111111111111111111110111111111111111101111111111101111111111111111111111111111111111111111111111111111111811111
1111111111101111110111111111111111111111111111011111111101111111111011111111111111111111011111111111111111111101111111111111100011111111111101111111111111111111111111111111111111111111111111111111811111
1111111111101111101111111111111111111111111111011111111110111111111011111111111111111111011111111111111111111101111111111110011111111111111101111111111111111111111111111111111111111111111111111111811111
1111111111101111011111111111111111111111111111011111111110111111111011111111111111111111101111111111111111111011000000000001111111111111111101111111111111111111111111111111111111111111111111111118111111
1111111111101110111111111111111111111111111111011111111110111111111011111111111111111111101111111111111111110100111111111111111111111111111101111111111111111111111111111111111111111111111111111118111111
1111111111101101111111111111111111111111111111011111111110111111111011111111111111111111101111111111111100000011111111111111111111111111111101111111111111111111111111111111111111111111111111111118111111
1111111111101011111111111111111111111111111111011111111110111111111011111111000000000000000000000000000011110111111111111111111111111111111101111111111111111111111111111111111111111111111111111181111111
1111111111100111111111111111111111111111111111011111111110111111111000000000111111111111101111111111111111110111111111111111111111111111111101111111111111111111111111111111111111111111111111111181111111
1111111111100000000000000000000000000000000111101111111110111111111011111111111111111111110111111111111111110111111111111111111111111111111101111111111111111111111111111111111111111111111111111811111111
1111111111101111111111111111111111111111111000001111111110111111111011111111111111111111110111111111111111110111111111111111111111111111111101111111111111111111111111111111111111111111111111111811111111
1111111111110111111111111111111111111111111111101111111111011111111011111111111111111111110111111111111111110111111111111111111111111111111011111111111111111111111111111411111111111111111111118111111111
1111111111110111111111111111111111111111111111110111111111011111111011111111111111111111110111111111111111111011111111111111111111111111111011111111111111111111111111114444411111111111111111181111111111
1111111111110111111111111111111111111111111111111011111111011111111011111111111111111111110111111111111111111011111111111111111111111111111011111111111111111111111111144444444441111111111111181111111111
1111111111110111111111111111111111111111111111111011111111011111111011111111111111111111110111111111111111111011111111111111111111111111111011111111111111111111111111144444444444444111111111811111111111
1111111111110111111111111111111111111111111111111011111111011111111011111111111111111111110111111111111111111101111111111111111111111111111011111111111111111111111111144444444444444444411118111111111111
1111111111111011111111111111111111111111111111111011111111011111111101111111111111111111110111111111111111111101111111111111111111111111111011111111111111111111111111144444444444444444411118111111111111
1111111111111011111111111111111111111111111111111011111111011111111101111111111111111111110111111111111111111110111111111111111111111100000011111111111111111111111111444444444444444444111181111111111111
1111111111111011111111111111111111111111111111111011111111011111111101111111111111111111110111111111111111111110111111111111000000000011110111111111111111111111111111444444444444444444111181111111111111
1111111111111011111111111111111111111111111111111011111000011111111101111111111111111111110111111111111111111110100000000000111111111111101111111111111111111111111111444444444444444444111811111111111111
1111111111111011111111111111111111111111111111111010000111101111111101111111111111111111110111111111111111000000011111111111111111111111011111111111111111111111111114444444444444444441111811111111111111
1111111111111101111111111111111111111111111111111001111111101111111101111111111111111111110111111111110000111111111111111111111111111110111111111111111111111111111114444444444444444441118111111111111111
1111111111111101111111111111111111111111111111111111111111101111111110111111111111111111111000000000001111111111111111111111111111111101111111111111111111111111111114444444444444444441181111111111111111
1111111111111101111111111111111111111111111111111111111111101111111110111111111111111111111011111111111111111111111111111111111111111011111111111111111111111111111144444444444444444411181111111111111111
1111111111111110111111111111111111111111111111111111111111101111111110111111111111111111111011111111111111111111111111111111111111110111111111111111111111111111111144444444444444444411811111111111111111
1111111111111111011111111111111111111111111111111111111111101111111110111111111111111111111011111111111111111111111111111111111111101111111111111111111111111111111144444444444444444411811111111111111111
1111111111111111101111111111111111111111111111111111111111101111111110111111111111111111111011111111111111111111111111111111111111011111111111111111111111111111111444444444444444444118111111111111111111
1111111111111111101111111111111111111111111111111111111111101111111110111111111111111111111011111111111111111111111111111111111110111111111111111111111111111111111444444444444444444118111111111111111111
1111111111111111110111111111111111111111111111111111111111101111111110111111111111111111111011111111111111111111111111111111111110111111111111111111111111111111111444444444444444444444444444444411111111
1111111111111111111011111111111111111111111111111111111111101111111110111111111111111111111101111111111111111111111111111111111101111111111111111111111111111111114444444444444444444444444444444111111111
1111111111111111111011111111111111111111111111111111111111101111111110111111111111111111111101111111111111111111111111111111111011111111111111111111111111111111114444444444444444444444444444444111111111
1111111111111111111101111111111111111111111111111111111111101111111111011111111111111111111101111111111111111111111111111111110111111111111111111111111111111111114444444444444444444444444444441111111111
1111111111111111111101111111111111111111111111111111111111101111111111011111111111111111111101111111111111111111111111111111101111111111111111111111111111111111144444444444444444444444444444441111111111
1111111111111111111110111111111111111111111111111111111111101111111111011111111111111111111101111111111111111111111111111111011111111111111111111111111111111111144444444444444444444444444444441111111111
1111111111111111111110111111111111111111111111111111111111101111111111011111111111111111111101111111111111111111111111111110111111111111111111111111111111111111144444444444444444444444444444411111111111
1111111111111111111111011111111111111111111111111111111111101111111111011111111111111111111101111111111111111111111111111101111111111111111111111111111111111111444444444444444444444444444444411111111111
1111111111111111111111101111111111111111111111111111111111110111111111011111111111111111111101111111111111111111111111111011111111111111111111111111111111111111444444444444444444444444444444111111111111
1111111111111111111111101111111111111111111111111111111111110111111111011111111111111111111101111111111111111111111111110111111111111111111111111111111111111111444444444444444444444444444444111111111111
1111111111111111111111110111111111111111111111111111111111110111111111011111000000000000000001111111111111111111111111101111111111111111111111111111111111111114444444444444444444444444444441111111111111
1111111111111111111111110111111111111111111111111111111111110000000000000000111111111111111110111111111111111111111111011111111111111111111111111111111111111114444444444444444444444444444441111111111111
1111111111111111111111110111111111111111111111111111111111110111111111111111111111111111111110111111111111111111111110111111111111111111111111111111111111111114444444444444444444444444444441111111111111
1111111111111111111111110111111111111111111111111111111111110111111111111111111111111111111110111111111111111111111101111111111111111111111111111111111111111144444444444444444444444444444411111111111111
1111111111111111111111110111111111111111111111111111111111110111111111111111111111111111111111011111111111111111111101111111111111111111111111111111111111111144444444444444444444444444444411111111111111
1111111111111111111111110111111111111111111111111111111111110111111111111111111111111111111111011111111111111111111011111111111111111111111111111111111111111144444444444444444444444444444111111111111111
1111111111111111111111111011111111111111111111111111111111110111111111111111111111111111111111011111111111111111110111111111111111111111111111111111111111111444444444444444444444444444444111111111111111
1111111111111111111111111101111111111111111111111111111111110111111111111111111111111111111111011111111111111111101111111111111111111111111111111111111111111444444444444444444444444444444111111111111111
1111111111111111111111111110111111111111111111111111111111110111111111111111111111111111111111011111111111111111011111111111111111111111111111111111111111111444444444444444444444444444441111111111111111
1111111111111111111111111110111111111111111111111111111111110111111111111111111111111111111111011111111111111110111111111111111111111111111111111111111111114444444444444444444444444444441111111111111111
1111111111111111111111111110111111111111111111111111111111110111111111111111111111111111111111011111111111111101111111111111111111111111111111111111111111114444444444444444444444444444411111111111111111
1111111111111111111111111110111111111111111111111111111111110111111111111111111111111111111111101111111111111011111111111111111111111111111111111111111111114444444444444444444444444444411111111111111111
1111111111111111111111111110111111111111111111111111111111110111111111111111111111111111111111101111111111110100011111111111111111111111111111111111111111144444444444444444444444444444111111111111111111
1111111111111111111111111111011111111111111111111111111111110111111111111111111111111111111111101111111111110111100111111111111111111111111111111111111111144444444444444444444444444444111111111111111111
1111111111111111111111111111101111111111111111111111111111110111111111111111111111111111111111101111111111110111111011111111111111111111111111111111111111144444444444444444444444444444111111111111111111
1111111111111111111111111111110111111111111111111111111111110111111111111111111111111111111111101111111111101111111101111111111111111111111111111111111111444444444444444444444444444441111111111111111111
1111111111111111111111111111110111111111111111111111111111110111111111111111111111111111111111101111111111011111111101111111111111111111111111111111111111444444444444444444444444444441111111111111111111
1111111111111111111111111111110111111111111111111111111111110111111111111111111111111111111111110111111110111111111011111111111111111111111111111111111111444444444444444444444444444411111111111111111111
1111111111111111111111111111111011111111111111111111111111110111111111111111111111111111111111110111111101111111111011111111111111111111111111111111111114444444444444444444444444444411111111111111111111
1111111111111111111111111111111101111111111111111111111111111011111111111111111111111111111111111011111011111111111011111111111111111111111111111111111114444444444444444444444444444411111111111111111111
1111111111111111111111111111111101111111111111111111111111111101111111111111111111111111111111111011110111111111110111111111111111111111111111111111111114444444444444444444444444444111111111111111111111
1111111111111111111111111111111110111111111111111111111111111101111111111111111111111111111111111011101111111111101111111111111111111111111111111111111144444444444444444444444444444111111111111111111111
1111111111111111111111111111111110111111111111111111111111111101111111111111111111111111111111111011011111111111011111111111111111111111111111111111111144444444444444444444444444441111111111111111111111
1111111111111111111111111111111110111111111111111111111111111101111111111111111111111111111111111010111111111110111111111111111111111111111111111111111144444444444444444444444444441111111111111111111111
1111111111111111111111111111111110111111111111111111111111111100000000000000000000000000000011111001111111111110111111111111111111111111111111111111111444444444444444444444444444411111111111111111111111
1111111111111111111111111111111111011111111111111111111110000011111111111111111111111111111100000001111111111110111111111111111111111111111111111111111444444444444444444444444444411111111111111111111111
1111111111111111111111111111111111011111111111111000000001111111111111111111111111111111111111110110000001111110111111111111111111111111111111111111111444444444444444444444444444411111111111111111111111
1111111111111111111111111111111111011111111111100111111111111111111111111111111111111111111111101111111110111101111111111111111111111111111111111111114444444444444444444444444444111111111111111111111111
1111001111111111111111111111111111011111111100011111111111111111111111111111111111111111111111011111111111000101111111111111111111111111111111111111114444444444444444444444444444111111111111111111111111
1111010000011111111111111111111111011100000011111111111111111111111111111111111111111111111110111111111111111001111111111111111111111111111111111111114444444444444444444444444441111111111111111111111111
1111011111100000000000000000000001011011111111111111111111111111111111111111111111111111111101111111111111111101111111111111111111111111111111111111144444444444444444444444444441111111111111111111111111
1110111111111111111111111111111110000111111111111111111111111111111111111111111111111111111011111111111111111111111111111111111111111111111111111111144444444444444444444444444441111111111111111111111111
1110111111111111111111111111111111000000001111111111111111111111111111111111111111111111110111111111111111111111111111111111111111111111111111111111144444444444444444444444444411111111111111111111111111
1110111111111111111111111111111111011111110000000111111111111111111111111111111111111111101111111111111111111111111111111111111111111111111111111111144444444444444444444444444411111111111111111111111111
1110111111111111111111111111111111011111111111111000011111111111111111111111111111111111011111111111111111111111111111111111111111111111111111111111144444444444444444444444444411111111111111111111111111
1110111111111111111111111111111111011111111111111101100000000000000000000000000000001110111111111111111111111111111111111111111111111111111111111111144444444444444444444444444411111111111111111111111111
1110111111111111111111111111111111011111111111111101111111111111111101111111111111110001111111111111111111111111111111111111111111111111111111111111144444444444444444444444444411111111111111111111111111
1110111111111111111111111111111110111111111111111101111111111111111101111111111111111100000000111111111111111111111111111111111111111111111111111111144444444444444444444444444411111111111111111111111111
1101111111111111111111111111111110111111111111111101111111111111111101111111111111111101111111000000011111111111111111111111111111111111111111111111444444444444444444444444444411111111111111111111111111
1101111111111111111111111111111110111111111111111101111111111111111101111111111111111101111111111111001111111111111111111111111111111111111111111111444444444444444444444444444411111111111111111111111111
1101111111111111111111111111111101111111111111111101111111111111111101111111111111111101111111111111010011111111111111111111111111111111111111111111444444444444444444444444444411111111111111111111111111
1101111111111111111111111111111101111111111111111101111111111111111101111111111111111101111111111111011100000000000001111111111111111111111111111111444444444444444444444444444411111111111111111111111111
1101111111111111111111111111111101111111111111111101111111111111111101111111111111111101111111111111011111111111111101111111111111111111111111111111444444444444444444444444444411111111111111111111111111
1101111111111111111111111111111101111111111111111101111111111111111101111111111111111101111111111111011111111111111101111111111111111111111111111111444444444444444444444444444441111111111111111111111111
1101111111111111111111111111111101111111111111111101111111111111111101111111111111111101111111111111011111111111111011111111111111111111111111111114444444444444444444444444444444441111111111111111111111
1101111111111111111111111111111101111111111111111101111111111111111101111111111111111011111111111111011111111111111011111111111111111111111111111114444444444444444444444444444444444441111111111111111111
1110011111111111111111111111111101111111111111111101111111111111111101111111111111111011111111111111011111111111111011111111111111111111111111111114444444444444444444444444444444444444441111111111111111
1111100011111111111111111111111011111111111111111011111111111111111011111111111111111011111111111111011111111111111011111111111111111111111111111114444444444444444444444444444444444444444441111111111111
1111111100000000000000000000000000000001111111111011111111111111111011111111111111110111111111111111011111111111110111111111111111111111111111111114444444444444444444444444444444444444444444441111111111
1111111111111111111111111111111111111110000111111011111111111111111011111111111111110111111111111111011111111111110111111111111111111111111111111114444444444444444444444444444444444444444444444441111111
1111111111111111111111111111111111111111111001111011111111111111111011111111111111110111111111111111011111111111110111111111111111111111111111111144444444444444444444444444444444444444444444444444441111
1111111111111111111111111111111111111111111110011011111111111111111011111111111111110111111111111111011111111111110111111111111111111111111111111144444444444444444444444444444444444444444444444444444441
1111111111111111111111111111111111111111111111100000000000000111111011111111111111110111111111111110111111111111110111111111111111111111111111111144444444444444444444444444444444444444444444444444444441
1111111111111111111111111111111111111111111111111111111111111000000011111111111111110111111111111110111111111111110111111111111111111111111111111144444444444444444444444444444444444444444444444444444441
1111111111111111111111111111111111111111111111111111111111111111111100000000001111110111111111111110111111111111110111111111111111111111111111111144444444444444444444444444444444444444444444444444444441
1111111111111111111111111111111111111111111111111111111111111111111111111111110000000011111111111110111111111111110111111111111111111111111111111444444444444444444444444444444444444444444444444444444441
1111111111111111111111111111111111111111111111111111111111111111111111111111111111111100000000000010111111111111110111111111111111111111111111111444444444444444444444444444444444444444444444444444444441
1441111111111111111111111111111111111111111111111111111111111111111111111111111111111111111111111100111111111111110111111111111111111111111111111444444444444444444444444444444444444444444444444444444441
1444111111111111111111111111111111111111111111111111111111111111111111111111111111111111111111111111000000001111110111111111111111111111111111111444444444444444444444444444444444444444444444444444444441
1444444111111111111111111111111111111111111111111111111111111111111111111111111111111111111111111111111111110000000111111111111111111111111111111444444444444444444444444444444444444444444444444444444441
1444444444111111111111111111111111111111111111111111111111111111111111111111111111111111111111111111111111111111111111111111111111111111111111111444444444444444444444444444444444444444444444444444444441
1444444444444111111111111111111111111111111111111111111111111111111111111111111111111111111111111111111111111111111111111111111111111111111111114444444444444444444444444444444444444444444444444444444441
1444444444444444111111111111111111111111111111111111111111111111111111111111111111111111111111111111111111111111111111111111111111111111111111114444444444444444444444444444444444444444444444444444444441
1444444444444444444111111111111111111111111111111111111111111111111111111111111111111111111111111111111111111111111111111111111111111111111111114444444444444444444444444444444444444444444444444444444441
1444444444444444444444444444444444411111111111111111111111111111111111111111111111111111111111111111111111111111111111111111111111111111111111114444444444444444444444444444444444444444444444444444444441
1444444444444444444444444444444444444111111111111111111111111111111111111111111111111111111111111111111111111111111111111111111111111111111111114444444444444444444444444444444444444444444444444444444441
1444444444444444444444444444444444444441111111111111111111111111111111111111111111111111111111111111111111111111111111111111111111111111111111114444444444444444444444444444444444444444444444444444444441
1444444444444444444444444444444444444444411111111111111111111111111111111111111111111111111111111111111111111111111111111111111111111111111111144444444444444444444444444444444444444444444444444444444441
1444444444444444444444444444444444444444444111111111111111111111111111111111111111111111111111111111111111111111111111111111111111111111111111144444444444444444444444444444444444444444444444444444444441
1444444444444444444444444444444444444444444411111111111111111111111111111111111111111111111111111111111111111111111111111111111111111111111111144444444444444444444444444444444444444444444444444444444441
1444444444444444444444444444444444444444444441111111111111111111111111111111111111111111111111111111111111111111111111111111111111111111111111144444444444444444444444444444444444444444444444444444444441
1444444444444444444444444444444444444444444444111111111111111111111111111111111111111111111111111111111111111111111111111111111111111111111111144444444444444444444444444444444444444444444444444444444441
1444444444444444444444444444444444444444444444411111111111111111111111111111111111111111111111111111111111111111111111111111111111111111111111144444444444444444444444444444444444444444444444444444444441
1444444444444444444444444444444444444444444444441111111111111111111111111111111111111111111111111111111111111111111111111111111111111111111111444444444444444444444444444444444444444444444444444444444441
1444444444444444444444444444444444444444444444444444444444111111111111111111111111111111111111111111111111111111111111111111111111111111111111444444444444444444444444444444444444444444444444444444444441
1444444444444444444444444444444444444444444444444444444444444444444411111111111111111111111111111111111111111111111111111111111111111111111111444444444444444444444444444444444444444444444444444444444441
1444444444444444444444444444444444444444444444444444444444444444444444444444411111111111111111111111111111111111111111111111111111111111111111444444444444444444444444444444444444444444444444444444444441
1444444444444444444444444444444444444444444444444444444444444444444444444444444444444411111111111111111111111111111111111111111111111111111111444444444444444444444444444444444444444444444444444444444441
1444444444444444444444444444444444444444444444444444444444444444444444444444444444444444444441111111111111111111111111111111111111111111111111444444444444444444444444444444444444444444444444444444444441
1111111111111111111111111111111111111111111111111111111111111111111111111111111111111111111111111111111111111111111111111111111111111111111111111111111111111111111111111111111111111111111111111111111111