1111111111111111111111111111111111111111111111111111111111111111111111111111111111111111111111111111111111111111111111111111111111111111111111111111111111111111111111111111111111111111111111111111111111
1111111111111111111111111111111111111111111111111111111111111111111111111111111111111111111188888888888888888888811111111111111111111111111111111111111111111111111111111111111111111111111111111111111111
1111111111111111111111111111111111111111111111111111111111111111111111111111111111111888888888888888888888888888888111111111111111111111111111111111111111111111111111111111111111111111111111111111111111
1111111111111111111111111111111111111111111111111111111111111111111111111111118888888888888888888888888888888888888881111111111111111111111111111111111111111111111111111111111111111111111111111111111111
1111111111111111111111111111111111111111111111111111111111111111111111888888888888888888888811111111111111111111118888881111111111111111111111111111111111111111111111111111111111111111111111111111111111
1111111111111111111111111111111111111111111111111111111111111118888888888888888888888111111110000000000000001111111888888811111111111111111111111111111111111111111111111111111111111111111111111111111111
1111111111111111111111111111111111111111111111111111111888888888888888888888881111111111110001111111111111010000000111888888111111111111111111111111111111111111111111111111111111111111111111111111111111
1111111111111111111111111111111111111111111111118888888888888888888888111100000000000000001111111111111111011111111000088888881111111111111111111111111111111111111111111111111111111111111111111111111111
1111111111111111111111111111111111111111188888888888888888888811111111111001111101111111111111111111111111011111110111101188888881111111111111111111111111111111111111111111111111111111111111111111111111
1111111111111111111111111111111111188888888888888888888111111110000000000011111101111111111111111111111110111111110111110011888888811111111111111111111111111111111111111111111111111111111111111111111111
1111111111111111111111111111188888888888888888881111111111100001111111110111111110111111111111111111111110111111101111110101118888888811111111111111111111111111111111111111111111111111111111111111111111
1111111111111111111111118888888888811111111111111111111100010111111111101111111111011111111111111111111110111111011111110110111188888888111111111111111111111111111111111111111111111111111111111111111111
1111111111111111111111888888811111111111111111111111100011101111111111011111111111101111111111111111111110111111011111101111011111888888881111111111111111111111111111111111111111111111111111111111111111
1111111111111111111188881111111111111111111111111000011111011111111110111111111111101111111111111111111110111111011111101111101111118888888811111111111111111111111111111111111111111111111111111111111111
1111111111111111118888111111111111111111111111100111111110111111111101111111111000010111111111111111111100111111011111011111110111111118888888811111111111111111111111111111111111111111111111111111111111
1111111111111111888811111111111111111110000000011111111101111111111011111111110111111011111111111111100010111111011111011111111000011111188888888111111111111111111111111111111111111111111111111111111111
1111111111111188881111111111111111111001111111111111111010111111110111111111101111111101111111111111011110111111011111011111111101101111111888888881111111111111111111111111111111111111111111111111111111
1111111111118888111111111111111111110111111111111111100111011111101111111111011111111110111111111110111101111111011110111111111101110111111118888888811111111111111111111111111111111111111111111111111111
1111111111888811111111111111111110001111111111111000011111101110011111111100111111111110111111110001111101111111011110111111111101111011111111118888888811111111111111111111111111111111111111111111111111
1111111188881111111111111111100001011111111111110111111111110101101111111011111111111111011111101111111101111111011110111111111011111100111111111188888888111111111111111111111111111111111111111111111111
1111118888111111111111111100011111101111111111001111111111111011110111110111111111111111101111011111111101111110111110111111111011111111011111111111188888888111111111111111111111111111111111111111111111
1111888811111111111111111011111111101111111110111111111111100101111011101111111111111111110110111111111101111110111101111111111011111111100111111111111888888881111111111111111111111111111111111111111111
1188881111111111111111110111111111110111111101111111111111011101111101011111111111111111111001111111111101111110111101111111111011111111111011111111111188888888111111111111111111111111111111111111111111
1888111111111111111111001111111111111011111011111111111100111110111110111111111111111111100011111111111000001110111101111111111011111111111101111111111111888888881111111111111111111111111111111111111111
1881111111111111111000110111111111111011110111111111110011111111011001011111111111111110011011111111110011110000111101111111111011111111111110001111111111188888888111111111111111111111111111111111111111
1111111111111111110111110111111111111011101111111111101111111111100111101111111111111101111101111110001011111110000011111111111011111111111111110001111111118888888811111111111111111111111111111111111111
1111111111111111101111110111111111111100011111111111011111111111011111110111111111111011111110111101111011111101110100011111111011111111111111111110011111111888888881111111111111111111111111111111111111
1111111111111111011111111011111111111010111111111110111111111110111111111011111111110111111110100011110111111101101111100000000011111111111111111111101111111188888888111111111111111111111111111111111111
1111111111111110011111111101111111000111011111111101111111111101111111111101111111101111111111011111101111111011101111101111111011111111111111111111110111111111888888881111111111111111111111111111111111
1111111111111101011111111110111110110111101111111011111111000011111111111110111111110111111000101111101111111011011111011111111011111111111111111111101111111111188888888111111111111111111111111111111111
1111111111111011011111111111011101111011101111110101111110111111111111111111011111111011110111101111011111111011011111011111111011111111111111111111011111111111118888888811111111111111111111111111111111
1111111111110111011111111111101011111101101111101110111101111111111111111111011111111101101111110111011111111011011111011111111011111111111111110000111111111111111888888881111111111111111111111111111111
1111111111101111011111111111100111111110101110011111011011111111111111111111011111111110011111111011011111110111011111011111111011111111111111101111111111111111111188888888111111111111111111111111111111
1111111111011111011111111111101111111111010001111111100111111111111111111111101111111110000000000010111111101110111111011111111011111111111111011111111111111111111111888888881111111111111111111111111111
1111111110111111011111111111101111111111001111111111101111111111111111111111110111111001111111111100000000000000000000000000001011111111111000111111111111111111111111188888888111111111111111111111111111
1111111110111110001111111111110111111110011111111110011111111111111111111111110110000111111111111111111111011111111111011111110011111111110111111111111111111111111111118888888811111111111111111111111111
1111111110111001110001111111110111111101111111111101111111111111111111111111110101111111111111111111111111011111111111011111111011111111101111111111111111111111111111111888888881111111111111111111111111
1111111110100111111110011111110111100011111111110011111111111111111111111111111011111111111111111111111111011111111111011111111011111110011111111111111111111111111111111188888888111111111111111111111111
1111111111011111111110100111111011011111111111101111111111111111111111111111111101111111111111111111111111011111111111011111111011111101111111111111111111111111111111111111888888881111111111111111111111
1111111110101111111101111011111100111111111111011111111111111111111111111111111110111111111111111111111111011111111111011111111011111011111111111111111111111111111111111111188888888111111111111111111111
1111111101101111110011111101111101111111111110111111111111111111111111111111111111011111111111111111111111011111111111011111111011110111111111111111111111111111111111111111118888888811111111111111111111
1111111011101111101111111110111010111111111101111111111111111111111111111111111111011111111111111111111111011111111111011111111011101111111111111111111111111111111111111111118888888881111111111111111111
1111110111110100011111111110000110111111110011111111111111111111111111111111111111011111111111111111111111011111111111011111111011011111111111111111111111111111111111111111111888888888111111111111111111
1111001111111011111111111101111111011111101111111111111111111111111111111111111111011111111111111111111111011111111111011111111000111111111111111111111111111111111111111111111188888888881111111111111111
1110111111110101111111111011111111101111011111111111111111111111111111111111111111011111111111111111111110000000011111011111111011111111111111111111111111111111111111111111111118888888888111111111111111
1101111110001110111111100111111111101110111111111111111111111111111111111111111111011111111111111111111101011111100000011111110111111111111111111111111111111111111111111111111111888888888811111111111111
1110111101111111011111011111111111101001111111111111111111111111111111111111111111011111111111111111111011011111111111011111100111111111111111111111111111111111111111111111111111888888888881111111111111
1110000011111110101110111111111111110111111111111111111111111111111111111111111111011111111111111111110111011111111111011110011011111111111111111111111111111111111111111111111111188888888888811111111111
1110111111111101110101111111111111101011111111111111111111111111111111111111111111011111111111111111101111011111111111011101111011111111111111111111111111111111111111111111111111118888888888888111111111
1111011111111011110011111111111111011011111111111111111111111111111111111111111111011111111111111111011111011111111111011011111011111111111111111111111111111111111111111111111111111888888888888811111111
1111011111000111001101111111111110111101111111111111111111111111111111111111111111011111111111111100111111101111111111000111111011111111111111111111111111111111111111111111111111111888888881118888111111
1111010000111110111110111111111101111101111111111111111111111111111111111111111111101111111111111011111111101111111110011111111011111111111111111111111111111111111111111111111111111118888888111888881111
1111001111111101111110111111100011111101111111111111111111111111111111111111111111110111111111110111111111101111111101111111111011111111111111111111111111111111111111111111111111111118888888111118888811
1111011111110011111111011110011111111110111111111111111111111111111111111111111111110111111111101111111111101111111011111111111011111111111111111111111111111111111111111111111111111111188888811111188881
1111100111101111111111011101111111111111011111111111111111111111111111111111111111111011111111011111111111101111110111111111111011111111111111111111111111111111111111111111111111111111188888811111111881
1111111010011111111111100011111111111111011111111111111111111111111111111111111111111011111110111111111111101111101111111111111011111111100111111111111111111111111111111111111111111111118888881111111111
1111111101111111111111101111111111111111011111111111111111111111111111111111111111111011111001111111111111101100011111111111111011100000010111111111111111111111111111111111111111111111111888881111111111
1111111101111111111111001111111111111111011111111111111111111111111111111111111111111011110111111111111111101011111111111000000000011111110111111111111111111111111111111111111111111111111888888111111111
1111111101111111111110110111111111111111101111111111111111111111111111111111111111111101101111111111100000000000000000000111111011111111110111111111111111111111111111111111111111111111111888888111111111
1111111101111111111001111011111111111111110111111111111111111111111111111111111111111101011111111110011111111111111111101111111101111111110111111111111111111111111111111111111111111111111188888811111111
1111111101111111110111111101111111111111110111111111111111111111111111111111111111111100111111111101111111111111111111101111111101111111111011111111111111111111111111111111111111111111111188888811111111
1111111101111111101111111110111111111111111011111111111111111111111111111111111111111000000000000011111111111111111111101111111101111111111011111111111111111111111111111111111111111111111118888881111111
1111111101111000011111111110111111111111111101111111111111111111111111111111111110000101111111111111111111111111111111101111111101111111111011111111111111111111111111111111111111111111111111888881111111
1111111110110111111111111110111111111111111101111111111111111111111111110000000001111101111111111111111111111111111111101111111110111111111011111111111111111111111111111111111111111111111111188888111111
1111111111001111111111111111011111111111111101111100000000000000000000001111111111111101111111111111111111111111111111101111111110111111111011111111111111111111111111111111111111111111111111188888111111
1111111111011111111111111111011111111111111101110011111011111111111111111111111111111101111111111111111111111111111111101111111110111111111011111111111111111111111111111111111111111111111111118888811111
1111111111011111111111111111011111111110000000001011111011111111111111111111111111111110111111111111111111111111111111101111111110111111111011111111111111111111111111111111111111111111111111118888811111
1111111111011111111111111111101111111001111110111011111011111111111111111111111111111110111111111111111111111111111111101111111110111111111011111111111111111111111111111111111111111111111111111888881111
1111111111011111111111111111101111100111111110111011111101111111111111111111111111111110111111111111111111111111111111101111111110111111111011111111111111111111111111111111111111111111111111111888881111
1111111111011111111111111111000000011111111110111011111101111111111111111111111111111110111111111111111111111111111111110111111110111111111011111111111111111111111111111111111111111111111111111188888111
1111111111101111111111111110111111111111111101111011111101111111111111111111111111111110111111111111111111111111111111110111111110111111111011111111111111111111111111111111111111111111111111111188888111
1111111111101111111110000001111111111111111101111011111101111111111111111111111111111110111111111111111111111111111111110111111110111111111011111111111111111111111111111111111111111111111111111118888811
1111111111101111111101111111111111111111111100111011111101111111111111111111111111111110111111111111111111111111111111111011111110111111111011111111111111111111111111111111111111111111111111111118888811
1111111111101111111011111111111111111111111101001011111101111111111111111111111111111110111111111111111111111111111111111011111110111111111011111111111111111111111111111111111111111111111111111111888881
1111111111101111000111111111111111111111111011110000000001111111111111111111111111111110111111111111111111111111111111111011111110111111111011111111111111111111111111111111111111111111111111111111888881
1111111111100000111111111111111111111111110111111011111101111111111111111111111111111110111111111111111111111111111111111011111110111111111011111111111111111111111111111111111111111111111111111111888881
1111111111111111111111111111111111111111110111111011111101111111111111111111111111111110111111111111111111111111111111111011111110111111111011111111111111111111111111111111111111111111111111111111888881
1111111111111111111111111111111111111111110111111011111101111111111111111111111111111110111111111111111111111111111111111011111110111111111011111111111111111111111111111111111111111111111111111111888881
1111111111111111111111111111111111111111110111110111111101111111111111111111111111111110111111111111111111111111111111111011111110111111111011111111111111111111111111111111111111111111111111111111888881
1111111111111111111111111111111111111111110111110111111101111111111111111111111111111110111111111111111111111111111111110011111110111111111011111111111111111111111111111111111111111111111111111111888881
1111111111111111111111111111111111111111110111110111111101111111111111111111111111111110111111111111111111111111111000001111111110111111111011111111111111111111111111111111111111111111111111111111888881
1111111111111111111111111111111111111111110111101111111101111111111111111111111111111110111111111111111111111111110111111111111111011111111011111111111111111111111111111111111111111111111111111111888881
1111111111111111111111111111111111111111110111101111111101111111111111111111111111111111011111111111111111111111101111111111111111011111111011111111111111111111111111111111111111111111111111111111888881
1111111111111111111111111111111111111111101111101111111101111111111111111111111111111111011111111111111111111111011111111111111111011111111101111111111111111111111111111111111111111111111111111111888881
1111111111111111111111111111111111111111011111101111100001111111111111111111111111111111101111111111111111111110111111111111100000000000000001111111111111111111111111111111111111111111111111111111888881
1111111111111111111111111111111111111111000000000000011111111111111111111111111111111111101111111111111111111110111111111110011111111111111111111111111111111111111111111111111111111111111111111111888881
1111111111111111111111111111111111111111111111111111111111111111111111111111111111111111101111111111111111111110111111100001111111111111111111111111111111111111111111111111111111111111111111111111888881
1111111111111111111111111111111111111111111111111111111111111111111111111111111111111111101111111111111111111110111100011111111111111111111111111111111111111111111111111111111111111111111111111111888881
1111111111111111111111111111111111111111111111111111111111111111111111111111111111111111101111111111111111111101110011111111111111111111111111111111111111111111111111111111111111111111111111111118888881
1111111111111111111111111111111111111111111111111111111111111111111111111111111111111111101111111111111111111011001111111111111111111111111111111111111111111111111111111111111111111111111111111118888881
1111111111111111111111111111111111111111111111111111111111111111111111111111111111111111101111111111111111110000111111111111111111111111111111111111111111111111111111111111111111111111111111111118888881
1111111111111111111111111111111111111111111111111111111111111111111111111111111111111111100000000000000000001111111111111111111111111111111111111111111111111111111111111111111111111111111111111188888881
1111111111111111111111111111111111111111111111111111111111111111111111111111111111111111111111111111111111111111111111111111111111111111111111111111111111111111111111111111111111111111111111111188888881
1111111111111111111111111111111111111111111111111111111111111111111111111111111111111111111111111111111111111111111111111111111111111111111111111111111111111111111111111111111111111111111111111888888881
1111111111111111111111111111111111111111111111111111111111111111111111111111111111111111111111111111111111111111111111111111111111111111111111111111111111111111111111111111111111111111111111111888888881
1111111111111111111111111111111111111111111111111111111111111111111111111111111111111111111111111111111111111111111111111111111111111111111111111111111111111111111111111411111111111111111111118888888811
1111111111111111111111111111111111111111111111111111111111111111111111111111111111111111111111111111111111111111111111111111111111111111111111111111111111111111111111114444411111111111111111188888888811
1111111111111111111111111111111111111111111111111111111111111111111111111111111111111111111111111111111111111111111111111111111111111111111111111111111111111111111111144444444441111111111111188888888811
1111111111111111111111111111111111111111111111111111111111111111111111111111111111111111111111111111111111111111111111111111111111111111111111111111111111111111111111144444444444444111111111888888888111
1111111111111111111111111111111111111111111111111111111111111111111111111111111111111111111111111111111111111111111111111111111111111111111111111111111111111111111111144444444444444444411118888888888111
1111111111111111111111111111111111111111111111111111111111111111111111111111111111111111111111111111111111111111111111111111111111111111111111111111111111111111111111144444444444444444411118888888888111
1111111111111111111111111111111111111111111111111111111111111111111111111111111111111111111111111111111111111111111111111111111111111111111111111111111111111111111111444444444444444444111188888888881111
1111111111111111111111111111111111111111111111111111111111111111111111111111111111111111111111111111111111111111111111111111111111111111111111111111111111111111111111444444444444444444111188888888881111
1111111111111111111111111111111111111111111111111111111111111111111111111111111111111111111111111111111111111111111111111111111111111111111111111111111111111111111111444444444444444444111888888888811111
1111111111111111111111111111111111111111111111111111111111111111111111111111111111111111111111111111111111111111111111111111111111111111111111111111111111111111111114444444444444444441111888888888811111
1111111111111111111111111111111111111111111111111111111111111111111111111111111111111111111111111111111111111111111111111111111111111111111111111111111111111111111114444444444444444441118888888888811111
1111111111111111111111111111111111111111111111111111111111111111111111111111111111111111111111111111111111111111111111111111111111111111111111111111111111111111111114444444444444444441188888888888111111
1111111111111111111111111111111111111111111111111111111111111111111111111111111111111111111111111111111111111111111111111111111111111111111111111111111111111111111144444444444444444411188888888888111111
1111111111111111111111111111111111111111111111111111111111111111111111111111111111111111111111111111111111111111111111111111111111111111111111111111111111111111111144444444444444444411888888888881111111
1111111111111111111111111111111111111111111111111111111111111111111111111111111111111111111111111111111111111111111111111111111111111111111111111111111111111111111144444444444444444411888888888881111111
1111111111111111111111111111111111111111111111111111111111111111111111111111111111111111111111111111111111111111111111111111111111111111111111111111111111111111111444444444444444444118888888888811111111
1111111111111111111111111111111111111111111111111111111111111111111111111111111111111111111111111111111111111111111111111111111111111111111111111111111111111111111444444444444444444118888888888811111111
1111111111111111111111111111111111111111111111111111111111111111111111111111111111111111111111111111111111111111111111111111111111111111111111111111111111111111111444444444444444444444444444444411111111
1111111111111111111111111111111111111111111111111111111111111111111111111111111111111111111111111111111111111111111111111111111111111111111111111111111111111111114444444444444444444444444444444111111111
1111111111111111111111111111111111111111111111111111111111111111111111111111111111111111111111111111111111111111111111111111111111111111111111111111111111111111114444444444444444444444444444444111111111
1111111111111111111111111111111111111111111111111111111111111111111111111111111111111111111111111111111111111111111111111111111111111111111111111111111111111111114444444444444444444444444444441111111111
1111111111111111111111111111111111111111111111111111111111111111111111111111111111111111111111111111111111111111111111111111111111111111111111111111111111111111144444444444444444444444444444441111111111
1111111111111111111111111111111111111111111111111111111111111111111111111111111111111111111111111111111111111111111111111111111111111111111111111111111111111111144444444444444444444444444444441111111111
1111111111111111111111111111111111111111111111111111111111111111111111111111111111111111111111111111111111111111111111111111111111111111111111111111111111111111144444444444444444444444444444411111111111
1111111111111111111111111111111111111111111111111111111111111111111111111111111111111111111111111111111111111111111111111111111111111111111111111111111111111111444444444444444444444444444444411111111111
1111111111111111111111111111111111111111111111111111111111111111111111111111111111111111111111111111111111111111111111111111111111111111111111111111111111111111444444444444444444444444444444111111111111
1111111111111111111111111111111111111111111111111111111111111111111111111111111111111111111111111111111111111111111111111111111111111111111111111111111111111111444444444444444444444444444444111111111111
1111111111111111111111111111111111111111111111111111111111111111111111111111111111111111111111111111111111111111111111111111111111111111111111111111111111111114444444444444444444444444444441111111111111
1111111111111111111111111111111111111111111111111111111111111111111111111111111111111111111111111111111111111111111111111111111111111111111111111111111111111114444444444444444444444444444441111111111111
1111111111111111111111111111111111111111111111111111111111111111111111111111111111111111111111111111111111111111111111111111111111111111111111111111111111111114444444444444444444444444444441111111111111
1111111111111111111111111111111111111111111111111111111111111111111111111111111111111111111111111111111111111111111111111111111111111111111111111111111111111144444444444444444444444444444411111111111111
1111111111111111111111111111111111111111111111111111111111111111111111111111111111111111111111111111111111111111111111111111111111111111111111111111111111111144444444444444444444444444444411111111111111
1111111111111111111111111111111111111111111111111111111111111111111111111111111111111111111111111111111111111111111111111111111111111111111111111111111111111144444444444444444444444444444111111111111111
1111111111111111111111111111111111111111111111111111111111111111111111111111111111111111111111111111111111111111111111111111111111111111111111111111111111111444444444444444444444444444444111111111111111
1111111111111111111111111111111111111111111111111111111111111111111111111111111111111111111111111111111111111111111111111111111111111111111111111111111111111444444444444444444444444444444111111111111111
1111111111111111111111111111111111111111111111111111111111111111111111111111111111111111111111111111111111111111111111111111111111111111111111111111111111111444444444444444444444444444441111111111111111
1111111111111111111111111111111111111111111111111111111111111111111111111111111111111111111111111111111111111111111111111111111111111111111111111111111111114444444444444444444444444444441111111111111111
1111111111111111111111111111111111111111111111111111111111111111111111111111111111111111111111111111111111111111111111111111111111111111111111111111111111114444444444444444444444444444411111111111111111
1111111111111111111111111111111111111111111111111111111111111111111111111111111111111111111111111111111111111111111111111111111111111111111111111111111111114444444444444444444444444444411111111111111111
1111111111111111111111111111111111111111111111111111111111111111111111111111111111111111111111111111111111111111111111111111111111111111111111111111111111144444444444444444444444444444111111111111111111
1111111111111111111111111111111111111111111111111111111111111111111111111111111111111111111111111111111111111111111111111111111111111111111111111111111111144444444444444444444444444444111111111111111111
1111111111111111111111111111111111111111111111111111111111111111111111111111111111111111111111111111111111111111111111111111111111111111111111111111111111144444444444444444444444444444111111111111111111
1111111111111111111111111111111111111111111111111111111111111111111111111111111111111111111111111111111111111111111111111111111111111111111111111111111111444444444444444444444444444441111111111111111111
1111111111111111111111111111111111111111111111111111111111111111111111111111111111111111111111111111111111111111111111111111111111111111111111111111111111444444444444444444444444444441111111111111111111
1111111111111111111111111111111111111111111111111111111111111111111111111111111111111111111111111111111111111111111111111111111111111111111111111111111111444444444444444444444444444411111111111111111111
1111111111111111111111111111111111111111111111111111111111111111111111111111111111111111111111111111111111111111111111111111111111111111111111111111111114444444444444444444444444444411111111111111111111
1111111111111111111111111111111111111111111111111111111111111111111111111111111111111111111111111111111111111111111111111111111111111111111111111111111114444444444444444444444444444411111111111111111111
1111111111111111111111111111111111111111111111111111111111111111111111111111111111111111111111111111111111111111111111111111111111111111111111111111111114444444444444444444444444444111111111111111111111
1111111111111111111111111111111111111111111111111111111111111111111111111111111111111111111111111111111111111111111111111111111111111111111111111111111144444444444444444444444444444111111111111111111111
1111111111111111111111111111111111111111111111111111111111111111111111111111111111111111111111111111111111111111111111111111111111111111111111111111111144444444444444444444444444441111111111111111111111
1111111111111111111111111111111111111111111111111111111111111111111111111111111111111111111111111111111111111111111111111111111111111111111111111111111144444444444444444444444444441111111111111111111111
1111111111111111111111111111111111111111111111111111111111111111111111111111111111111111111111111111111111111111111111111111111111111111111111111111111444444444444444444444444444411111111111111111111111
1111111111111111111111111111111111111111111111111111111111111111111111111111111111111111111111111111111111111111111111111111111111111111111111111111111444444444444444444444444444411111111111111111111111
1111111111111111111111111111111111111111111111111111111111111111111111111111111111111111111111111111111111111111111111111111111111111111111111111111111444444444444444444444444444411111111111111111111111
1111111111111111111111111111111111111111111111111111111111111111111111111111111111111111111111111111111111111111111111111111111111111111111111111111114444444444444444444444444444111111111111111111111111
1111111111111111111111111111111111111111111111111111111111111111111111111111111111111111111111111111111111111111111111111111111111111111111111111111114444444444444444444444444444111111111111111111111111
1111111111111111111111111111111111111111111111111111111111111111111111111111111111111111111111111111111111111111111111111111111111111111111111111111114444444444444444444444444441111111111111111111111111
1111111111111111111111111111111111111111111111111111111111111111111111111111111111111111111111111111111111111111111111111111111111111111111111111111144444444444444444444444444441111111111111111111111111
1111111111111111111111111111111111111111111111111111111111111111111111111111111111111111111111111111111111111111111111111111111111111111111111111111144444444444444444444444444441111111111111111111111111
1111111111111111111111111111111111111111111111111111111111111111111111111111111111111111111111111111111111111111111111111111111111111111111111111111144444444444444444444444444411111111111111111111111111
1111111111111111111111111111111111111111111111111111111111111111111111111111111111111111111111111111111111111111111111111111111111111111111111111111144444444444444444444444444411111111111111111111111111
1111111111111111111111111111111111111111111111111111111111111111111111111111111111111111111111111111111111111111111111111111111111111111111111111111144444444444444444444444444411111111111111111111111111
1111111111111111111111111111111111111111111111111111111111111111111111111111111111111111111111111111111111111111111111111111111111111111111111111111144444444444444444444444444411111111111111111111111111
1111111111111111111111111111111111111111111111111111111111111111111111111111111111111111111111111111111111111111111111111111111111111111111111111111144444444444444444444444444411111111111111111111111111
1111111111111111111111111111111111111111111111111111111111111111111111111111111111111111111111111111111111111111111111111111111111111111111111111111144444444444444444444444444411111111111111111111111111
1111111111111111111111111111111111111111111111111111111111111111111111111111111111111111111111111111111111111111111111111111111111111111111111111111444444444444444444444444444411111111111111111111111111
1111111111111111111111111111111111111111111111111111111111111111111111111111111111111111111111111111111111111111111111111111111111111111111111111111444444444444444444444444444411111111111111111111111111
1111111111111111111111111111111111111111111111111111111111111111111111111111111111111111111111111111111111111111111111111111111111111111111111111111444444444444444444444444444411111111111111111111111111
1111111111111111111111111111111111111111111111111111111111111111111111111111111111111111111111111111111111111111111111111111111111111111111111111111444444444444444444444444444411111111111111111111111111
1111111111111111111111111111111111111111111111111111111111111111111111111111111111111111111111111111111111111111111111111111111111111111111111111111444444444444444444444444444411111111111111111111111111
1111111111111111111111111111111111111111111111111111111111111111111111111111111111111111111111111111111111111111111111111111111111111111111111111111444444444444444444444444444441111111111111111111111111
1111111111111111111111111111111111111111111111111111111111111111111111111111111111111111111111111111111111111111111111111111111111111111111111111114444444444444444444444444444444441111111111111111111111
1111111111111111111111111111111111111111111111111111111111111111111111111111111111111111111111111111111111111111111111111111111111111111111111111114444444444444444444444444444444444441111111111111111111
1111111111111111111111111111111111111111111111111111111111111111111111111111111111111111111111111111111111111111111111111111111111111111111111111114444444444444444444444444444444444444441111111111111111
1111111111111111111111111111111111111111111111111111111111111111111111111111111111111111111111111111111111111111111111111111111111111111111111111114444444444444444444444444444444444444444441111111111111
1111111111111111111111111111111111111111111111111111111111111111111111111111111111111111111111111111111111111111111111111111111111111111111111111114444444444444444444444444444444444444444444441111111111
1111111111111111111111111111111111111111111111111111111111111111111111111111111111111111111111111111111111111111111111111111111111111111111111111114444444444444444444444444444444444444444444444441111111
1111111111111111111111111111111111111111111111111111111111111111111111111111111111111111111111111111111111111111111111111111111111111111111111111144444444444444444444444444444444444444444444444444441111
1111111111111111111111111111111111111111111111111111111111111111111111111111111111111111111111111111111111111111111111111111111111111111111111111144444444444444444444444444444444444444444444444444444441
1111111111111111111111111111111111111111111111111111111111111111111111111111111111111111111111111111111111111111111111111111111111111111111111111144444444444444444444444444444444444444444444444444444441
1111111111111111111111111111111111111111111111111111111111111111111111111111111111111111111111111111111111111111111111111111111111111111111111111144444444444444444444444444444444444444444444444444444441
1111111111111111111111111111111111111111111111111111111111111111111111111111111111111111111111111111111111111111111111111111111111111111111111111144444444444444444444444444444444444444444444444444444441
1111111111111111111111111111111111111111111111111111111111111111111111111111111111111111111111111111111111111111111111111111111111111111111111111444444444444444444444444444444444444444444444444444444441
1111111111111111111111111111111111111111111111111111111111111111111111111111111111111111111111111111111111111111111111111111111111111111111111111444444444444444444444444444444444444444444444444444444441
1441111111111111111111111111111111111111111111111111111111111111111111111111111111111111111111111111111111111111111111111111111111111111111111111444444444444444444444444444444444444444444444444444444441
1444111111111111111111111111111111111111111111111111111111111111111111111111111111111111111111111111111111111111111111111111111111111111111111111444444444444444444444444444444444444444444444444444444441
1444444111111111111111111111111111111111111111111111111111111111111111111111111111111111111111111111111111111111111111111111111111111111111111111444444444444444444444444444444444444444444444444444444441
1444444444111111111111111111111111111111111111111111111111111111111111111111111111111111111111111111111111111111111111111111111111111111111111111444444444444444444444444444444444444444444444444444444441
1444444444444111111111111111111111111111111111111111111111111111111111111111111111111111111111111111111111111111111111111111111111111111111111114444444444444444444444444444444444444444444444444444444441
1444444444444444111111111111111111111111111111111111111111111111111111111111111111111111111111111111111111111111111111111111111111111111111111114444444444444444444444444444444444444444444444444444444441
1444444444444444444111111111111111111111111111111111111111111111111111111111111111111111111111111111111111111111111111111111111111111111111111114444444444444444444444444444444444444444444444444444444441
1444444444444444444444444444444444411111111111111111111111111111111111111111111111111111111111111111111111111111111111111111111111111111111111114444444444444444444444444444444444444444444444444444444441
1444444444444444444444444444444444444111111111111111111111111111111111111111111111111111111111111111111111111111111111111111111111111111111111114444444444444444444444444444444444444444444444444444444441
1444444444444444444444444444444444444441111111111111111111111111111111111111111111111111111111111111111111111111111111111111111111111111111111114444444444444444444444444444444444444444444444444444444441
1444444444444444444444444444444444444444411111111111111111111111111111111111111111111111111111111111111111111111111111111111111111111111111111144444444444444444444444444444444444444444444444444444444441
1444444444444444444444444444444444444444444111111111111111111111111111111111111111111111111111111111111111111111111111111111111111111111111111144444444444444444444444444444444444444444444444444444444441
1444444444444444444444444444444444444444444411111111111111111111111111111111111111111111111111111111111111111111111111111111111111111111111111144444444444444444444444444444444444444444444444444444444441
1444444444444444444444444444444444444444444441111111111111111111111111111111111111111111111111111111111111111111111111111111111111111111111111144444444444444444444444444444444444444444444444444444444441
1444444444444444444444444444444444444444444444111111111111111111111111111111111111111111111111111111111111111111111111111111111111111111111111144444444444444444444444444444444444444444444444444444444441
1444444444444444444444444444444444444444444444411111111111111111111111111111111111111111111111111111111111111111111111111111111111111111111111144444444444444444444444444444444444444444444444444444444441
1444444444444444444444444444444444444444444444441111111111111111111111111111111111111111111111111111111111111111111111111111111111111111111111444444444444444444444444444444444444444444444444444444444441
1444444444444444444444444444444444444444444444444444444444111111111111111111111111111111111111111111111111111111111111111111111111111111111111444444444444444444444444444444444444444444444444444444444441
1444444444444444444444444444444444444444444444444444444444444444444411111111111111111111111111111111111111111111111111111111111111111111111111444444444444444444444444444444444444444444444444444444444441
1444444444444444444444444444444444444444444444444444444444444444444444444444411111111111111111111111111111111111111111111111111111111111111111444444444444444444444444444444444444444444444444444444444441
1444444444444444444444444444444444444444444444444444444444444444444444444444444444444411111111111111111111111111111111111111111111111111111111444444444444444444444444444444444444444444444444444444444441
1444444444444444444444444444444444444444444444444444444444444444444444444444444444444444444441111111111111111111111111111111111111111111111111444444444444444444444444444444444444444444444444444444444441
1111111111111111111111111111111111111111111111111111111111111111111111111111111111111111111111111111111111111111111111111111111111111111111111111111111111111111111111111111111111111111111111111111111111