111111111111111111111111111111111111111111111111111111111111111111111111111111111111111111111111111111
111111111111111111111111111111111111111111111111111111111111111111111111111181111111111111111111111111
111111111111111111111111111111111111111111111111111111888888888888888888888811000000000011111111111111
111111111111111111111111111111111111111111111888888888111111111111111111111110101111111100000000000011
111111111111111111111111111111111111111111888111111111111011111111111111111001110111111111111111110011
111111111111111111111111111111111111111188111111111111000101111111111111110111110111111111111111101011
111111111111111111111111111111111111888811111111111110111110111100001111101111111011111111111111011011
111111111111111111111111111111118888111111111111111110011111000011110111011111111011111111111110111011
111111111111111111111111111888881111111111111111111101011111011111111010111111111011111111111001111011
111111111111111111111111118111111111111111111111111011101111011111111100000111111101111111110111111011
111111111111111111111111811111111111111111111111111011101111011111111011111011100011111111101111111011
111111111111111111111181111111111111111111110000000011101111011111110111111100000000111110011111111011
111111111111111111118111111111111111110000001101111011101111100000001111111100111111011001111111111011
111111111111111111181111111111111111101111111101111011101111101111110000111011111111100111111111111011
111111111111111111811111111111111110011111111101110111101111101111111111010111111111011111111111111011
111111111111111181111111111111111101111111111101110111101111101111111111101111111110111111111111111011
111111111111111811111111111111000011111111111110000000000000000001111111010000011110111111111111111011
111111111111118111111111111000100001111111111110110111101111101110111110111111100101111111111111111011
111111111111811111111111110111101110001111111110110111101111101111010001111111111011111111111111111011
111111111118111111111111101111101111110000000000000000001111101111101111111111110111111111111111111011
111111111181111111111110000111101111111111111111110111101111101111011111111111101111111111111111111011
111111111811111111111101101011101111111111111111110111101111101111011111111111011111111111111111111011
111111118111111111111011101100000011111111111111110111101111101111011111111110111111111111111111111011
111111118111111111100111101111101100000000000000000000000000000010111111111101111111111111111111110011
111111118111111100011111101111101111111111111111111111111111111100000011111011111111111111111110001111
111111118111111011111111101111101111111111111111111111111111111110111101110111111111111111111001111111
111111181111110111111111101111011111111111111111111111111111111110111110101111111111111111100111111111
111111181110001111111111101111011111111111111111111111111111111110111111000111111001111110011111111111
111111181001111111111111101111011111111111111111111111111111111110111111011011111010000001111111111111
111111811101111111111111101111011111111111111111111111111111111111011110111101111010101111111111111111
111111811101111111111111100000011111111111111111111111111111111111101001111110111010101111111111111111
111111811101111111111111101111011111111111111111111111111111111111110111111111011010101111111111111111
111111811101111111111111101111011111111111111111111111111111111111101111111111101010101111111111111111
111118111101111111111111101111011111111111111111111111111111111111011111111111110010101111111111111111
111118111101111111111111100111011111111111111111111111111111111110111111111111111010101111111111111111
111118111110111111111111101000011111111111111111111111111111111110011111111111111000000001111111111111
111181111110111111111111101111011111111111111111111111111111111101101111111111110111111010111111111111
111181111111011111111111101111011111111111111111111111111111111011110111111000001111110111011111111111
111181111111011111111111001111011111111111111111111111111111110111111001000111111111101111100111111111
111181111111000000000000101111011111111111111111111111111111110111111000111111111111101111111011111111
111181111111011111111111101111011000000111111111111111111111101011110110111111111111101111111101111111
111181111111011111111111101111011011111000000000011111111111011100101110111111111111101111111110111111
111181111111011111111111101111011011111111111111000000000000111111011101111111111111101111111111011111
111181111111011111111111101111011011111111111111011111101101011110111101111111111111101111111111101111
111181111111011111111111101111011011111111111111011111011101100101111011111111111111101111111111110111
111181111111011111111111101111000000000000000000000011011101111011111011111111111111011111111111111011
111181111111101111111111101111111111111111111110111100111000110111111011111111111110111111111111110111
111181111111110111111111101111111111111111111110111110111011010111110001111111111110111111111111110111
111181111111111011111111101111111111111111111110111110111011101111110110000111111101111111111111110111
111181111111111101111111011111111111111111111110111101111011110111101111111000000001111111111111110111
111181111111111000000000000000000001111111111110111101111011111011011111111101111100000000111111101111
111181111110000101111111011111110110001111111110000011111011111101011111111101111101111111011111101111
111181000001111110111111011111110111110011111110111011110111111100111111111101111101111111101111101111
111181011111111110111111011111111011111011111110111011101111111110111111111011111101111111110011101111
111181101111111110111111101111111011111011111110110111101111111110111111111000000011111111111100001111
111181110111111110111111101111111011111000000000000111101111111111011111110111110111111111111111111111
111181110111111110111111101111111011111111111111110011011111111111100111110111101111111111111111111111
111181110111111110111111101111111011001111111111111100011111111111101000000111011111111111111111111111
111181110111111110111111101111111000101111111111111110111111111111011111110111011111111111111111111111
111181110111111110000000000000000111101111111111111101111111111110111111111011011111111111111111111111
111181111011111111111111101111111111101111111111111011111111111110111111111011011111111111111111111111
111118111101111111111111101111111111101111111111111011111111111101111111111101011111111111111111111111
111118111110111111111111101111111111101111111111111011111101111011111111111110011111111111111111111111
111118111111011111111111101111111111101111111111111011111010000111000000000000111111111111111111111111
111111811111011111111111101111111111101111111111100001111011110111011111111111011111111111111111111111
111111811111101111111111101111111111101111000000010110011011101111011111111111011111111111111111111111
111111811111101111111111101111111111100000011111110111100111101110111111111111011111111111111111111111
111111181111101111111111101111111110001111101111110111110000000101111111111111101111111111111111111111
111111181111110111111111100000000001101111101111110111110111111000000000000000001111111111111111111111
111111181111110111111111101111111111101111110000000111110111111011111101111111011111111111111111111111
111111181111111011111111101111111111101111111111110111110111111011111011111110111111111111111111111111
111111181111111101111111101111111111101111111111110111110111110111111011111101111111111111111111111111
111111118111111101111111101111111111101111111111110111110111101111110111111101111111111111111111111111
111111118111111101111111101111111111101111111111110111110111011111110111111101111111111111111111111111
111111118111111101111111101111111111101111111111110000000000000011101111111101111111111111111111111111
111111118111111110111111101111111110001111111111110111111111111100001111111101111111111111111111111111
111111111811111110111111100000000001111111111111110111111111111111111111111101111111111111111111111111
111111111811111111011111101111111111111111111111110111111111111111111111111011111111111111111111111111
111111111181111111011111101111111111111111111111110111111111111111111111111011111111111111111111111111
111111111181111111101111101111111111111100000000000111111111111111111111110011111111111111111111111111
111111111118111111101111101111111111111101101110110000000111111111111110001011111111111111111111111111
111111111111811111110111101111111111111101101110110111111000000000000001111011111111111111111111111111
111111111111181111110111100000000000111101101110110111111111111111111111111011111111111111111111111111
111111111111118111111011011110111110111101101110110111111111111111111111111011111111111111111111111111
111111111111111811111100111110100000000000000000110111111111111111111111111011111111111111111111111111
111111111111111181111110111110011111111111111110000011111111111111111111111011111111111111111111111111
111111111111111118111110111111111111111000000001111100000000000000000000000011111111111111111111111111
111111111111111111811111011111000000000111111111111111111111111111111111111111111111111111111111111111
111111111111111111181111100000111111111111111111111111111111111111111111111111111111111111111111111111
111111111111111111118111101111111111111111111111111111111111111111111111111111111111111111111111111111
111111111111111111111811111111111111111111111111111111111111111111111111111111111111111111111111111111
144444444444444444444444444444444444444444444444444444444444444444444444444444444444444444444444444441
144444444444444444444444444444444444444444444444444444444444444444444444444444444444444444444444444441
144444444444444444444444444444444444444444444444444444444444444444444444444444444444444444444444444441
144444444444444444444444444444444444444444444444444444444444444444444444444444444444444444444444444441
144444444444444444444444444444444444444444444444444444444444444444444444444444444444444444444444444441
144444444444444444444444444444444444444444444444444444444444444444444444444444444444444444444444444441
144444444444444444444444444444444444444444444444444444444444444444444444444444444444444444444444444441
144444444444444444444444444444444444444444444444444444444444444444444444444444444444444444444444444441
144444444444444444444444444444444444444444444444444444444444444444444444444444444444444444444444444441
144444444444444444444444444444444444444444444444444444444444444444444444444444444444444444444444444441
111111111111111111111111111111111111111111111111111111111111111111111111111111111111111111111111111111