111111111111111111111111111111111111111111111111111111111111111111111111111111111111111111111111111111
111111111111111111111111111111111111111111111111111111111111111111111111111181111111111111111111111111
111111111111111111111111111111111111111111111111111111888888888888888888888811000000001111111111111111
111111111111111111111111111111111111111111111888888888111111111111111111111110101111110000000000000011
111111111111111111111111111111111111111111888111111111111011111111111111111101110111111111111111100011
111111111111111111111111111111111111111188111111111111100101111111111111110011110111111111111111011011
111111111111111111111111111111111111888811111111111110011110111110001111101111111011111111111110111011
111111111111111111111111111111118888111111111111111110011111000001110111011111111101111111111101111011
111111111111111111111111111888881111111111111111111101101111011111111010111111111101111111111011111011
111111111111111111111111118111111111111111111111111101101111011111111100011111111001111111110111111011
111111111111111111111111811111111111111111111111110011101111101111111011100001100111111111101111111011
111111111111111111111181111111111111111111110000001011101111101111110111111110011111111100011111111011
111111111111111111118111111111111111100000001101111011101111101111000111111110100000110011111111111011
111111111111111111181111111111111110011111111101111011101111100000111001111101111111001111111111111011
111111111111111111811111111111111101111111111110111011101111101111111110111011111111011111111111111011
111111111111111181111111111111111011111111111110111011101111101111111111000111111110111111111111111011
111111111111111811111111111111000111111111111110000000000000000111111111010001111101111111111111111011
111111111111118111111111111110100111111111111110110111101111101011111110111110011101111111111111111011
111111111111811111111111110001101000111111111110110111101111101100111101111111100011111111111111111011
111111111118111111111111100111101111000000000000000000001111101111000011111111110111111111111111111011
111111111181111111111111001001101111111111111111110111101111101111101111111111101111111111111111111011
111111111811111111111100101110001111111111111111110111101111101111011111111111011111111111111111111011
111111118111111111111011101111100011111111111111110111101111101111011111111110111111111111111111111011
111111118111111111110111101111011100000000000000000000000000000011011111111101111111111111111111111011
111111118111111110001111101111011111111111111111111111111111111100011111111011111111111111111111000111
111111118111111001111111101111011111111111111111111111111111111110101111111011111111111111111110111111
111111181111000111111111101111011111111111111111111111111111111110110111110111111111111111100001111111
111111181100111111111111101111011111111111111111111111111111111110111000001111111001110000011111111111
111111181011111111111111101111011111111111111111111111111111111110111110110011111010001111111111111111
111111811011111111111111100111011111111111111111111111111111111111011101111101111010101111111111111111
111111811011111111111111101000011111111111111111111111111111111111101011111110111010101111111111111111
111111811011111111111111101111011111111111111111111111111111111111110111111111011010101111111111111111
111111811101111111111111101111011111111111111111111111111111111111101111111111101010101111111111111111
111118111101111111111111101111011111111111111111111111111111111111011111111111110010101111111111111111
111118111101111111111111100111011111111111111111111111111111111110111111111111111000101111111111111111
111118111110111111111111101000011111111111111111111111111111111110011111111111111110000001111111111111
111181111110111111111111101111011111111111111111111111111111111101100111111111000001111010111111111111
111181111110111111111111101111011111111111111111111111111111111011111011111110111111110111011111111111
111181111110111111111111101111011111111111111111111111111111110111111101000001111111110111101111111111
111181111111000000000000001111011111111111111111111111111111110111111110111111111111101111110111111111
111181111111101111111111011111011000000000000011111111111111101011111000111111111111101111111011111111
111181111111110111111111011111011011111111111100000000011111011101110101111111111111011111111101111111
111181111111111011111111011111011011111111111111011111100000111110001101111111111111011111111110111111
111181111111111011111111011111011011111111111111011111011110011110111101111111111111011111111111001111
111181111111111011111111011111011011111111111111011110111101101101111101111111111111011111111111110111
111181111111111011111111011111000000000000000000011110111011110011111101111111111111011111111111111011
111181111111111101111111011111111111111111111111000000111011111011111011111111111110111111111111111011
111181111111111101111111011111111111111111111111011110110100110111110000011111111110111111111111111011
111181111111111101111111011111111111111111111111011110110111001111101111100011111101111111111111111011
111181111111111101111111011111111111111111111111011110101111101111011111111100001101111111111111111011
111181111111100000000000000000000000111111111110001101101111101111011111111101110001111111111111111011
111181100000011101111111011111110111001111111110110011101111110111011111111011111100000111111111111011
111181011111111101111111011111110111110011111110111011101111111011011111111011111011111000000111110111
111181101111111110111111011111110111111011111110111011101111111100111111111011111011111111111011110111
111181101111111110111111011111110111111011111110110111101111111110111111111000000011111111111100001111
111181110111111110111111011111110111111000000000000111011111111111011111111011110111111111111111111111
111181110111111110111111101111111011111111111111110011011111111111100000011011101111111111111111111111
111181110111111110111111101111111000001111111111111100011111111111011111100111101111111111111111111111
111181111011111110111111101110000011101111111111111111011111111110111111111011011111111111111111111111
111181111101111110000000000001111111101111111111111110111111111101111111111101011111111111111111111111
111181111110111111111111101111111111101111111111111110111111111011111111111101011111111111111111111111
111118111111011111111111101111111111101111111111111101111111110111111111111100111111111111111111111111
111118111111011111111111101111111111101111111111111011111101110111111111111110111111111111111111111111
111118111111011111111111101111111111101111111100000011111010000111000000000000111111111111111111111111
111111811111011111111111101111111111101111100011111001111011101110111111111110111111111111111111111111
111111811111101111111111101111111111101111011111110110000111011110111111111111011111111111111111111111
111111811111101111111111101111111111101100011111110111110111011101111111111111101111111111111111111111
111111181111101111111111101110000000000011101111110111110000001011111111111111101111111111111111111111
111111181111101111111111100001111111101111110111110111110111110000000000000000001111111111111111111111
111111181111110111111111101111111111101111110000000111110111111011111011111111101111111111111111111111
111111181111110111111111101111111111101111111111110111110111110111110111111111101111111111111111111111
111111181111110111111111101111111111101111111111110111110111101111110111111111101111111111111111111111
111111118111111011111111101111111111101111111111110111110111101111110111111111101111111111111111111111
111111118111111011111111101111111111101111111111110111110111011111101111111111011111111111111111111111
111111118111111011111111101111111111101111111111110000000000000000101111111110111111111111111111111111
111111118111111101111111101110000000001111111111110111111111111111001111111110111111111111111111111111
111111111811111110111111100001111111111111111111110111111111111111111111111101111111111111111111111111
111111111811111111011111101111111111111111111111110111111111111111111111111101111111111111111111111111
111111111181111111011111101111111111111111111111110111111111111111111111111011111111111111111111111111
111111111181111111011111101111111111111100000000000000111111111111111000000011111111111111111111111111
111111111118111111101111110111111111111101101110110111000000111100000111111011111111111111111111111111
111111111111811111110111110111111111111101101110110111111111000011111111111011111111111111111111111111
111111111111181111111011110000000000111101101110110111111111111111111111111011111111111111111111111111
111111111111118111111011101110111110111101101110110111111111111111111111111011111111111111111111111111
111111111111111811111100011110110000000000000000110111111111111111111111111011111111111111111111111111
111111111111111181111101111110001111111111111111100111111111111111111111111011111111111111111111111111
111111111111111118111110111111111100000000000000011000000000000000000000000011111111111111111111111111
111111111111111111811110111111111011111111111111111111111111111111111111111111111111111111111111111111
111111111111111111181111011000000111111111111111111111111111111111111111111111111111111111111111111111
111111111111111111118111100111111111111111111111111111111111111111111111111111111111111111111111111111
111111111111111111111811111111111111111111111111111111111111111111111111111111111111111111111111111111
144444444444444444444444444444444444444444444444444444444444444444444444444444444444444444444444444441
144444444444444444444444444444444444444444444444444444444444444444444444444444444444444444444444444441
144444444444444444444444444444444444444444444444444444444444444444444444444444444444444444444444444441
144444444444444444444444444444444444444444444444444444444444444444444444444444444444444444444444444441
144444444444444444444444444444444444444444444444444444444444444444444444444444444444444444444444444441
144444444444444444444444444444444444444444444444444444444444444444444444444444444444444444444444444441
144444444444444444444444444444444444444444444444444444444444444444444444444444444444444444444444444441
144444444444444444444444444444444444444444444444444444444444444444444444444444444444444444444444444441
144444444444444444444444444444444444444444444444444444444444444444444444444444444444444444444444444441
144444444444444444444444444444444444444444444444444444444444444444444444444444444444444444444444444441
111111111111111111111111111111111111111111111111111111111111111111111111111111111111111111111111111111