111111111111111111111111111111111111111111111111111111111111111111111111111111111111111111111111111111
111111111111111111111111111111111118888888888888888888888888888888888888888881111111111111111111111111
111111111111111111111111118888888888888888888888888888888888888888888888888811000000011111111111111111
111111111111111111118888888888888888888888888888888888111111111111111111111110101111100000000000000011
111111111111111188888888888888888888888888888111111111111011111111111111111101101111111111111111110011
111111111111888888888888888888888888888888111111111111100101111111111111111011110111111111111111001011
111111111118888888888888888888888888888811111111111110011110100000001111110111111011111111111110111011
111111111888888888888888888888888888111111111111111110011111011111110111101111111101111111111101111011
111111188888888888888888888888881111111111111111111101101111011111111010011111111101111111111011111011
111111888888888888888888888111111111111111111111111011101111011111111100000111111101111110000111111011
111118888888888888888888811111111111111111111110000011101111011111111011111011100011111101111111111011
111118888888888888888881111111111111111111111101111011101111011111110111111100011111111011111111111011
111188888888888888888111111111111111110000000001111011101111101111100111111100100001110111111111111011
111188888888888888881111111111111111101111111101111011101111100000011011111011111110001111111111111011
111188888888888888811111111111111111011111111110111011101111101111111100010111111111011111111111111011
111888888888888881111111111111111000111111111110110111101111101111111111100000111110111111111111111011
111888888888888811111111111111000001111111111110000000000000001111111110011111011110111111111111111011
118888888888888111111111111100101110111111111110110111101111100001111101111111100101111111111111111011
118888888888811111111111111011101111011111111110110111101111101110110011111111111011111111111111111011
118888888888111111111110000111101111100000000000000000001111101111001111111111110111111111111111111011
188888888881111111111101100111101111111111111111110111101111101111101111111111101111111111111111111011
188888888811111111111011101001101111111111111111110111101111101111011111111111011111111111111111111011
188888888111111111110111101110000000000000000000000111101111101111011111111110111111111111111111111011
188888888111111110001111101111101111111111111111110000000000000010111111111101111111111111111111111011
188888888111111001111111101111101111111111111111111111111111111100000111111011111111111111111111110111
188888888111100111111111101111101111111111111111111111111111111110111011110111111111111111111111001111
188888881111011111111111101111101111111111111111111111111111111110111101110111111111111111111000111111
188888881100111111111111101111101111111111111111111111111111111110111110001111111001111111100111111111
188888881011111111111111101111011111111111111111111111111111111110111111010011111010000000011111111111
188888811101111111111111101111011111111111111111111111111111111111011100111101111010101111111111111111
188888811101111111111111100000011111111111111111111111111111111111101011111110111010101111111111111111
188888811101111111111111101111011111111111111111111111111111111111110111111111011010101111111111111111
188888811110111111111111101111011111111111111111111111111111111111101111111111101010101111111111111111
188888111110111111111111101111011111111111111111111111111111111111011111111111110010101111111111111111
188888111110111111111111101111011111111111111111111111111111111110111111111111111000101111111111111111
188888111111011111111111100000011111111111111111111111111111111110011111111111111100000000111111111111
188881111111011111111111101111011111111111111111111111111111111101100111111111000011111101011111111111
188881111111011111111111101111011111111111111111111111111111111101111011111110111111111101101111111111
188881111111011000000000001111011111111111111111111111111111111011111101110001111111111101110111111111
188881111111000111111111101111011111111111111111111111111111110111111110001111111111111101111011111111
188881111111101111111111101111011000000000011111111111111111101001111100111111111111111011111101111111
188881111111101111111111101111011011111111100000000000011111011110110010111111111111110111111110111111
188881111111110111111111101111011011111111111111011111100000011111001101111111111111110111111111011111
188881111111110111111111101111011011111111111111011111011101101110111101111111111111101111111111101111
188881111111111011111111101111011011111111111111011111011011110101111101111111111111101111111111110111
188881111111111011111111101111000000000000000000000001011011111011111101111111111111101111111111111011
188881111111111011111111101111111111111111111110111110111011111011111011111111111111011111111111111011
188881111111111101111111101111111111111111111110111101111000110111110011111111111110111111111111111011
188881111111111101111111011111111111111111111110111101111011001111101101111111111110111111111111111011
188881111111111101111111011111111111111111111110111101110111101111101110000000000101111111111111111011
188881111111111000000000000000000011111111111110000101101111110111101111111101111000001111111111111011
188881111111000101111111011111110100011111111110111011101111111011101111111101111101110000111111111011
188881000000111110111111101111110111100011111110110111101111111011011111111101111011111111000011111011
188881011111111110111111101111110111111011111110110111101111111101011111111011111011111111111101110111
188881011111111110111111101111110111111011111110110111101111111110111111111000000011111111111110001111
188881011111111110111111101111110111111000000000010111101111111111011111111011110111111111111111111111
188881011111111110111111101111111011111111111111100011011111111111100000000111101111111111111111111111
188881101111111110111111101111111011101111111111111100011111111111101111110111101111111111111111111111
188881101111111110111111101000000000001111111111111110111111111111011111110111101111111111111111111111
188881101111111110000000000111111111101111111111111101111111111111011111111011011111111111111111111111
188881101111111111111111101111111111101111111111111011111111111110111111111011011111111111111111111111
188888110111111111111111101111111111101111111111111011111111111101111111111011011111111111111111111111
188888110111111111111111101111111111101111111111111011111100111011111111111100111111111111111111111111
188888111011111111111111101111111111101111111111111001111011000111000000000000111111111111111111111111
188888811011111111111111101111111111101111110000000010111011101111011111111110111111111111111111111111
188888811101111111111111101111111111101111001111111011001011101110111111111111011111111111111111111111
188888811110111111111111101111111111101000011111110111110001101101111111111111101111111111111111111111
188888881110111111111111101111111111000111101111110111110110011101111111111111101111111111111111111111
188888881111011111111111100000000000101111101111110111110111100000000000000000001111111111111111111111
188888881111011111111111101111111111101111110000000111110111110111111101111111011111111111111111111111
188888881111101111111111101111111111101111111111110111110111101111111101111110111111111111111111111111
188888881111110111111111101111111111101111111111110111110111101111111011111110111111111111111111111111
188888888111111011111111101111111111101111111111110111110111101111110111111110111111111111111111111111
188888888111111101111111101111111111101111111111110111110111011111110111111101111111111111111111111111
188888888111111110111111101111111111101111111111110000000000000001101111111011111111111111111111111111
188888888111111111011111101111111111001111111111110111111111111110001111111011111111111111111111111111
188888888811111111101111100000000000111111111111110111111111111111111111111011111111111111111111111111
188888888811111111110111101111111111111111111111110111111111111111111111111011111111111111111111111111
188888888881111111110111101111111111111111111111110111111111111111111111111011111111111111111111111111
188888888881111111111011110111111111111100000000000000001111111111111111111011111111111111111111111111
188888888888111111111011110111111111111101101110110111110000110000000000000011111111111111111111111111
188888888888811111111011110111111111111101101110110111111111001111111111111011111111111111111111111111
188888888888881111111101100000000000111101101110110111111111111111111111111011111111111111111111111111
188888888888888111111101011110111111011101101110110111111111111111111111111011111111111111111111111111
188888888888888811111100111110000000000000000000110111111111111111111111111011111111111111111111111111
188888888888888881111110111110111111111111110000000000000011111111111111111011111111111111111111111111
188888888888888888111110111111111111110000001111111111111100000000000000000011111111111111111111111111
188888888888888888811111011111111110001111111111111111111111111111111111111111111111111111111111111111
188888888888888888881111101110000001111111111111111111111111111111111111111111111111111111111111111111
188888888888888888888111100001111111111111111111111111111111111111111111111111111111111111111111111111
188888888888888888888811111111111111111111111111111111111111111111111111111111111111111111111111111111
144444444444444444444444444444444444444444444444444444444444444444444444444444444444444444444444444441
144444444444444444444444444444444444444444444444444444444444444444444444444444444444444444444444444441
144444444444444444444444444444444444444444444444444444444444444444444444444444444444444444444444444441
144444444444444444444444444444444444444444444444444444444444444444444444444444444444444444444444444441
144444444444444444444444444444444444444444444444444444444444444444444444444444444444444444444444444441
144444444444444444444444444444444444444444444444444444444444444444444444444444444444444444444444444441
144444444444444444444444444444444444444444444444444444444444444444444444444444444444444444444444444441
144444444444444444444444444444444444444444444444444444444444444444444444444444444444444444444444444441
144444444444444444444444444444444444444444444444444444444444444444444444444444444444444444444444444441
144444444444444444444444444444444444444444444444444444444444444444444444444444444444444444444444444441
111111111111111111111111111111111111111111111111111111111111111111111111111111111111111111111111111111