111111111111111111111111111111111111111111111111111111111111111111111111111111111111111111111111111111
111111111111111111111111111111111111111111111111111111111111111111111111111181111111111111111111111111
111111111111111111111111111111111111111111111111111111888888888888888888888811000000000111111111111111
111111111111111111111111111111111111111111111888888888111111111111111111111110101111111000000000000011
111111111111111111111111111111111111111111888111111111110011111111111111111001101111111111111111110011
111111111111111111111111111111111111111188111111111111001101111111111111110111110111111111111111101011
111111111111111111111111111111111111888811111111111110111110110000001111101111111011111111111111011011
111111111111111111111111111111118888111111111111111110011111001111110111011111111101111111111110111011
111111111111111111111111111888881111111111111111111101011111011111111010111111111101111111111001111011
111111111111111111111111118111111111111111111111111011101111011111111100001111111001111111100111111011
111111111111111111111111811111111111111111111111110011101111011111111011110011100111111111011111111011
111111111111111111111181111111111111111100000000000111101111011111110111111100011111111000111111111011
111111111111111111118111111111111111110011111101110111101111101111100111111100100011110111111111111011
111111111111111111181111111111111111101111111101110111101111100000011001111011111100001111111111111011
111111111111111111811111111111111111011111111110110111101111101111111110010111111111011111111111111011
111111111111111181111111111111111000111111111110110111101111101111111111100011111110111111111111111011
111111111111111811111111111111100011111111111110000000000000000111111111011100011101111111111111111011
111111111111118111111111111111001100111111111110110111101111101011111110111111101011111111111111111011
111111111111811111111111111100101111001111111110110111101111101100011001111111110011111111111111111011
111111111118111111111111100011101111110000000000000000001111101111100111111111110111111111111111111011
111111111181111111111111001011101111111111111111110111101111101111101111111111101111111111111111111011
111111111811111111111110101100101111111111111111110111101111101111101111111111011111111111111111111011
111111118111111111111001101111000000011111111111110111101111101111011111111110111111111111111111111011
111111118111111111110111101111101111100000000000000000000000000001011111111101111111111111111111110011
111111118111110000001111101111101111111111111111111111111111111110001111111011111111111111111111101111
111111118111101111111111101111011111111111111111111111111111111110110111110111111111111111111110011111
111111181110011111111111101111011111111111111111111111111111111110111000110111111111111111111101111111
111111181101111111111111101111011111111111111111111111111111111110111111000111111001111100000011111111
111111181011111111111111101111011111111111111111111111111111111110111111011011111010000011111111111111
111111811011111111111111101111011111111111111111111111111111111111011100111101111010101111111111111111
111111811011111111111111100000011111111111111111111111111111111111101011111110111010101111111111111111
111111811011111111111111101111011111111111111111111111111111111111110111111111011010101111111111111111
111111811011111111111111101111011111111111111111111111111111111111101111111111101010101111111111111111
111118111101111111111111101111011111111111111111111111111111111111011111111111110010101111111111111111
111118111110111111111111100011011111111111111111111111111111111110011111111111111010101111111111111111
111118111110111111111111101100011111111111111111111111111111111110101111111111110000000001111111111111
111181111111011111111111101111011111111111111111111111111111111101110111111111101111111100111111111111
111181111111011111111111101111011111111111111111111111111111111011111011111000011111111101011111111111
111181111111010000000000001111011111111111111111111111111111110111111101000111111111111011101111111111
111181111111001111111111011111011111111111111111111111111111110011111110111111111111110111110111111111
111181111111011111111111011111011011111111111111111111111111101101110000111111111111110111111011111111
111181111111011111111111011111011000000000000000000001111111011110101101111111111111110111111101111111
111181111111011111111111011111011011111111111111011110000000011111011101111111111111110111111110111111
111181111111011111111111011111011011111111111111011111101101101110111101111111111111101111111111011111
111181111111101111111111011111011011111111111111011111011011110101111101111111111111011111111111101111
111181111111110111111111011111000000000000000000011110111011111011111011111111111111011111111111110011
111181111111111011111111011111111111111111111111000000111001110111110111111111111110111111111111110111
111181111111111011111111011111111111111111111111011101110110010111110000001111111110111111111111110111
111181111111111101111111011111111111111111111111011011110111101111101111110011111101111111111111110111
111181111111111101111111011111111111111111111111011011101111101111101111111100000101111111111111110111
111181111111111000000000000000000011111111111110000011101111110111101111111101111000000000111111110111
111181111111110101111111011111110100000111111110111011101111110111101111111101111011111111000011101111
111181000000001110111111011111110111111011111110110111101111111011101111111101111011111111111100101111
111181011111111110111111011111111011111011111110110111101111111101011111111011111011111111111111001111
111181011111111110111111011111111011111011111110110111101111111110111111111000000011111111111111101111
111181101111111110111111011111111011111000000000110111011111111111011111111011111011111111111111111111
111181110111111110111111101111111011111111111111000111011111111111100000111011110111111111111111111111
111181110111111110111111101111111011001111111111111000011111111111011111000111101111111111111111111111
111181111011111110111111100000000000101111111111111110111111111110111111110111101111111111111111111111
111181111011111110000000001111111111101111111111111110111111111101111111110111101111111111111111111111
111181111101111111111111101111111111101111111111111101111111111101111111110111101111111111111111111111
111118111101111111111111101111111111101111111111111011111111111101111111111011101111111111111111111111
111118111110111111111111101111111111101111111111111011111101111011111111111101011111111111111111111111
111118111110111111111111101111111111101111111111111011111100000111000000000000111111111111111111111111
111111811110111111111111101111111111101111111000000000011011101111011111111110111111111111111111111111
111111811111011111111111101111111111101111000111110111101011101111011111111111011111111111111111111111
111111811111011111111111101111111111101100011111110111110111101110111111111111101111111111111111111111
111111181111101111111111101111111110000011101111110111110000001101111111111111101111111111111111111111
111111181111101111111111100000000001101111110111110111110111110000000000000000001111111111111111111111
111111181111101111111111101111111111101111110000000111110111111011111101111111101111111111111111111111
111111181111101111111111101111111111101111111111110111110111111011111101111111101111111111111111111111
111111181111101111111111101111111111101111111111110111110111110111111101111111011111111111111111111111
111111118111101111111111101111111111101111111111110111110111110111111011111110111111111111111111111111
111111118111101111111111101111111111101111111111110111110111101111111011111110111111111111111111111111
111111118111110111111111101111111111101111111111110000000000011111110111111110111111111111111111111111
111111118111111011111111101110000000001111111111110111111111100000001111111101111111111111111111111111
111111111811111101111111100001111111111111111111110111111111111111111111111101111111111111111111111111
111111111811111110111111101111111111111111111111110111111111111111111111111101111111111111111111111111
111111111181111110111111101111111111111111111111110111111111111111111111111011111111111111111111111111
111111111181111111011111101111111111111100000000000000111111111111111111100011111111111111111111111111
111111111118111111101111101111111111111101101110110111000000111111111100011011111111111111111111111111
111111111111811111110111110111111111111101101110110111111111000000000011111011111111111111111111111111
111111111111181111111011000000000000111101101110110111111111111111111111111011111111111111111111111111
111111111111118111111010111110111110111101101110110111111111111111111111111011111111111111111111111111
111111111111111811111101111110111100000000000000110111111111111111111111111011111111111111111111111111
111111111111111181111101111110000011111111111111110000000000011111111111111011111111111111111111111111
111111111111111118111110111111100000000000000000001111111111100000000000000011111111111111111111111111
111111111111111111811111011110011111111111111111111111111111111111111111111111111111111111111111111111
111111111111111111181111101101111111111111111111111111111111111111111111111111111111111111111111111111
111111111111111111118111100011111111111111111111111111111111111111111111111111111111111111111111111111
111111111111111111111811111111111111111111111111111111111111111111111111111111111111111111111111111111
144444444444444444444444444444444444444444444444444444444444444444444444444444444444444444444444444441
144444444444444444444444444444444444444444444444444444444444444444444444444444444444444444444444444441
144444444444444444444444444444444444444444444444444444444444444444444444444444444444444444444444444441
144444444444444444444444444444444444444444444444444444444444444444444444444444444444444444444444444441
144444444444444444444444444444444444444444444444444444444444444444444444444444444444444444444444444441
144444444444444444444444444444444444444444444444444444444444444444444444444444444444444444444444444441
144444444444444444444444444444444444444444444444444444444444444444444444444444444444444444444444444441
144444444444444444444444444444444444444444444444444444444444444444444444444444444444444444444444444441
144444444444444444444444444444444444444444444444444444444444444444444444444444444444444444444444444441
144444444444444444444444444444444444444444444444444444444444444444444444444444444444444444444444444441
111111111111111111111111111111111111111111111111111111111111111111111111111111111111111111111111111111