111111111111111111111111111111111111111111111111111111111111111111111111111111111111111111111111111111
111111111111111111111111111111111111111111111111111111111111111111111111111111111111111111111111111111
111111111111111111111111111111111111111111111111111111111111111111111111111110000000000000111111111111
111111111111111111111111111111111111111111111111111111111111111111111111111101101111111111000000000011
111111111111111111111111111111111111111111111111111111111011111111111111111011101111111111111111110011
111111111111111111111111111111111111111111111111111111100101111111111111110111110111111111111111101011
111111111111111111111111111111111111111111111111111110011110110000001111101111111011111111111111011011
111111111111111111111111111111111111111111111111111110111111001111110111011111111011111111111110111011
111111111111111111111111111111111111111111111111111101011111011111111010111111111101111111111101111011
111111111111111111111111111111111111111111111111111101101111011111111101111111111001111111100011111011
111111111111111111111111111111111111111111111111111011101111011111111010000000110111111110011111111011
111111111111111111111111111111111111111110000000000011101111011111110111111111000000111101111111111011
111111111111111111111111111111111111111001111101111011101111100000000111111110111111011011111111111011
111111111111111111111111111111111111110111111101111011101111101111111011111001111111100111111111111011
111111111111111111111111111111111111101111111110111011101111101111111100010111111111011111111111111011
111111111111111111111111111111111000011111111110110111101111101111111111101111111110111111111111111011
111111111111111111111111111110000001111111111110000000000000001111111110010001111101111111111111111011
111111111111111111111111111001101110111111111110110111101111100111111001111110000011111111111111111011
111111111111111111111111110111101111001111111110110111101111101001110111111111111011111111111111111011
111111111111111111111000000111101111110000000000000000001111101110001111111111110111111111111111111011
111111111111111111110111101011101111111111111111110111101111101111101111111111101111111111111111111011
111111111111111111001111101101101111111111111111110111101111101111101111111111011111111111111111111011
111111111111111100111111101110000000000000000011110111101111101111011111111110111111111111111111111011
111111111111111011111111101111101111111111111100000000000000000000111111111101111111111111111111111011
111111111111110111111111101111101111111111111111111111111111111110111111111101111111111111111111000111
111111111111001111111111101111101111111111111111111111111111111110011111111011111111111111110000111111
111111111110111111111111101111101111111111111111111111111111111110100001110111111111111111001111111111
111111111101111111111111101111101111111111111111111111111111111110111110001111111011111110111111111111
111111111011111111111111101111101111111111111111111111111111111110111110110111111000000001111111111111
111111111011111111111111101111101111111111111111111111111111111111011101111011111010101111111111111111
111111111011111111111111100000011111111111111111111111111111111111101011111101111010101111111111111111
111111111011111111111111101111011111111111111111111111111111111111110111111110111010101111111111111111
111111111011111111111111101111011111111111111111111111111111111111101111111111011010101111111111111111
111111111101111111111111101111011111111111111111111111111111111111011111111111101010101111111111111111
111111111110111111111111101111011111111111111111111111111111111110111111111111110000101111111111111111
111111111110111111111111100000011111111111111111111111111111111101001111111111111100000001111111111111
111111111111011111111111101111011111111111111111111111111111111101110111111111100011111100011111111111
111111111111011111111111101111011111111111111111111111111111111101111011111111011111111101101111111111
111111111111011111111000001111011111111111111111111111111111111011111101100000111111111011110111111111
111111111111000000000111101111011111111111111111111111111111110111111000011111111111111011111011111111
111111111111011111111111101111011000000000000000111111111111101001110110111111111111110111111101111111
111111111111011111111111011111011011111111111111001111111111011110101101111111111111101111111110111111
111111111111011111111111011111011011111111111111010000000000111111011011111111111111011111111111011111
111111111111101111111111011111011011111111111111011111101110011110111011111111111111011111111111101111
111111111111101111111111011111011011111111111111011111011101100101111011111111111111011111111111110111
111111111111110111111111011111000000000000000000000000111011111011111011111111111111011111111111111011
111111111111111011111111011111111111111111111110111110111000110111111011111111111111011111111111111011
111111111111111011111111011111111111111111111110111110111011010111110000001111111110111111111111111011
111111111111111101111111011111111111111111111110111110110111101111101111110011111110111111111111111011
111111111111111101111111011111111111111111111110111101110111110111101111111100000010111111111111111011
111111110000000000000000000000000011111111111110000011110111111011101111111101111101111111111111111011
111111101111111101111111101111111000111111111110111011110111111101011111111101111100111111111111110111
111111011111111101111111101111111011000011111110110111101111111101011111111011111101000011111111101111
111111101111111101111111101111111011111011111110110111101111111110111111111011111101111100000111101111
111111101111111110111111101111111011111011111110110111101111111110111111111000000011111111111000001111
111111110111111110111111101111111011111000000000010111101111111111011111111011110111111111111111111111
111111111011111110111111101111111011111111111111100001101111111111100000110111110111111111111111111111
111111111011111110111111101111111010001111111111111110011111111111101111000111110111111111111111111111
111111111101111110111111100000000001101111111111111110111111111111011111111011101111111111111111111111
111111111110111110000000001111111111101111111111111110111111111110111111111101101111111111111111111111
111111111110111111111111101111111111101111111111111110111111111101111111111110011111111111111111111111
111111111110111111111111101111111111101111111111111101111111111101111111111110011111111111111111111111
111111111110111111111111101111111111101111111111111101111101111011111111111110011111111111111111111111
111111111110111111111111101111111111101111111111000011111100000111000000000000111111111111111111111111
111111111110111111111111101111111111101111111000111001111101101110111111111110111111111111111111111111
111111111111011111111111101111111111101110000111111010011011101101111111111111011111111111111111111111
111111111111101111111111101111111111101001101111111011100001101011111111111111011111111111111111111111
111111111111110111111111100000000000000111101111111011110110000011111111111111101111111111111111111111
111111111111110111111111101111111111101111101111110111110111111000000000000000001111111111111111111111
111111111111111011111111101111111111101111110000000111110111110111111101111111101111111111111111111111
111111111111111011111111101111111111101111111111110111110111101111111011111111101111111111111111111111
111111111111111011111111101111111111101111111111110111110111101111110111111111011111111111111111111111
111111111111111101111111101111111111101111111111110111110111011111101111111111011111111111111111111111
111111111111111110111111101111111111101111111111110111110111011111101111111111011111111111111111111111
111111111111111111011111101111111111101111111111110000000000000011101111111110111111111111111111111111
111111111111111111011111101111111111001111111111110111111111111100001111111110111111111111111111111111
111111111111111111011111100000000000111111111111110111111111111111111111111101111111111111111111111111
111111111111111111101111110111111111111111111111110111111111111111111111111101111111111111111111111111
111111111111111111101111110111111111111111111111110111111111111111111111111011111111111111111111111111
111111111111111111101111110111111111111100000000000000111111111111111111111011111111111111111111111111
111111111111111111101111110111111111111101101110110111000111111000000000000011111111111111111111111111
111111111111111111110111110111111111111101101110110111111000000111111111111011111111111111111111111111
111111111111111111111011110000000000111101101110110111111111111111111111111011111111111111111111111111
111111111111111111111101101110111111011101101110110111111111111111111111111011111111111111111111111111
111111111111111111111100011110100000000000000000110111111111111111111111111011111111111111111111111111
111111111111111111111110111110011111111111111100000000000000000000000000000011111111111111111111111111
111111111111111111111110111111111111111000000011111111111111111111111111111011111111111111111111111111
111111111111111111111111011111100000000111111111111111111111111111111111111111111111111111111111111111
111111111111111111111111011111011111111111111111111111111111111111111111111111111111111111111111111111
111111111111111111111111100000111111111111111111111111111111111111111111111111111111111111111111111111
111111111111111111111111111111111111111111111111111111111111111111111111111111111111111111111111111111
144444444444444444444444444444444444444444444444444444444444444444444444444444444444444444444444444441
144444444444444444444444444444444444444444444444444444444444444444444444444444444444444444444444444441
144444444444444444444444444444444444444444444444444444444444444444444444444444444444444444444444444441
144444444444444444444444444444444444444444444444444444444444444444444444444444444444444444444444444441
144444444444444444444444444444444444444444444444444444444444444444444444444444444444444444444444444441
144444444444444444444444444444444444444444444444444444444444444444444444444444444444444444444444444441
144444444444444444444444444444444444444444444444444444444444444444444444444444444444444444444444444441
144444444444444444444444444444444444444444444444444444444444444444444444444444444444444444444444444441
144444444444444444444444444444444444444444444444444444444444444444444444444444444444444444444444444441
144444444444444444444444444444444444444444444444444444444444444444444444444444444444444444444444444441
111111111111111111111111111111111111111111111111111111111111111111111111111111111111111111111111111111