111111111111111111111111111111111111111111111111111111111111111111111111111111111111111111111111111111
111111111111111111111111111111111118888888888888888888888888888888888888888881111111111111111111111111
111111111111111111111111118888888888888888888888888888888888888888888888888811000000111111111111111111
111111111111111111118888888888888888888888888888888888111111111111111111111100101111000000000000000011
111111111111111188888888888888888888888888888111111111111011111111111111111011110111111111111111100011
111111111111888888888888888888888888888888111111111111000101111111111111110111111011111111111111011011
111111111118888888888888888888888888888811111111111110111110111100001111101111111011111111111110111011
111111111888888888888888888888888888111111111111111100111111000011110111011111111011111111111101111011
111111188888888888888888888888881111111111111111111011011111011111111010111111111011111111111011111011
111111888888888888888888888111111111111111111111111011101111011111111100111111110001111111110111111011
111118888888888888888888811111111111111111111110000011101111011111111011000000101111111111101111111011
111118888888888888888881111111111111111110000001111011101111101111110111111111001111111100011111111011
111188888888888888888111111111111111100001111110110111101111101000000011111100110000011011111111111011
111188888888888888881111111111111111011111111110110111101111100111111101111011111111100111111111111011
111188888888888888811111111111111000111111111110110111101111101111111110110111111111011111111111111011
111888888888888881111111111111110111111111111110110111101111101111111110001111111110111111111111111011
111888888888888811111111111111100111111111111110000000000000000011111101110111111101111111111111111011
118888888888888111111111111110001000111111111110110111101111101101111011111000001011111111111111111011
118888888888811111111111110001101111011111111110110111101111101110010111111111110011111111111111111011
118888888888111111111111100111101111100000000000000000001111101111101111111111110111111111111111111011
188888888881111111111110001011101111111111111111110111101111101111011111111111101111111111111111111011
188888888811111111111001101101101111111111111111110111101111101111011111111111011111111111111111111011
188888888111111110000111101110000000000000000000000111101111101111011111111110111111111111111111111011
188888888111111101111111101111101111111111111111110000000000000111011111111101111111111111111111111011
188888888111111011111111101111101111111111111111111111111111111000111111111011111111111111111100000111
188888888111110111111111101111101111111111111111111111111111111110000011110111111111111111111011111111
188888881111101111111111101111101111111111111111111111111111111110111101110111111111111111100111111111
188888881110011111111111101111101111111111111111111111111111111110111110001111111001111111011111111111
188888881001111111111111101111101111111111111111111111111111111110111110010111111010000000111111111111
188888811011111111111111100000011111111111111111111111111111111111011101111011111010101111111111111111
188888811101111111111111101111011111111111111111111111111111111111101011111100111010101111111111111111
188888811101111111111111101111011111111111111111111111111111111111110111111111011010101111111111111111
188888811101111111111111101111011111111111111111111111111111111111101111111111101010101111111111111111
188888111110111111111111101111011111111111111111111111111111111111011111111111110010101111111111111111
188888111111011111111111100011011111111111111111111111111111111110011111111111111010101111111111111111
188888111111011111111111101100011111111111111111111111111111111110101111111111111000000001111111111111
188881111111011111111111101111011111111111111111111111111111111101110111111111100111111100111111111111
188881111111011111111111101111011111111111111111111111111111111011111011111111011111111101011111111111
188881111111010000000000001111011111111111111111111111111111110111111101100000111111111101101111111111
188881111111001111111111101111011111111111111111111111111111110111111000011111111111111011110111111111
188881111111011111111111101111011000001111111111111111111111101001110110111111111111111011111001111111
188881111111011111111111101111011011110000000000000001111111011110101110111111111111110111111110111111
188881111111011111111111011111011011111111111111011110000000111111011110111111111111101111111111011111
188881111111011111111111011111011011111111111111011111101110001110111101111111111111101111111111101111
188881111111011111111111011111011011111111111111011111011110110101111101111111111111011111111111110111
188881111111101111111111011111000000000000000000000000111101111011111011111111111111011111111111111011
188881111111110111111111011111111111111111111110111110111011110111111011111111111110111111111111110111
188881111111111011111111011111111111111111111110111101111001110111110011111111111110111111111111101111
188881111111111101111111011111111111111111111110111101110110001111101101111111111110111111111111101111
188881111111111101111111011111111111111111111110111011110111110111011110000000111101111111111111101111
188881111111110000000000000000000000011111111110011011101111110111011111111101000000001111111111101111
188881111000001101111111011111111011100111111110100011011111111011011111111101111101110001111111101111
188881000111111110111111101111111011111011111110111011011111111101011111111011111011111110000001101111
188881011111111110111111101111111011111011111110111011011111111110011111111011111011111111111110001111
188881011111111110111111101111111011111011111110110111011111111110111111111000000011111111111111101111
188881011111111110111111101111111011111000000000110111011111111111011111110111111011111111111111111111
188881101111111110111111101111111011111111111111000001011111111111100011110111110111111111111111111111
188881110111111110111111101111111000001111111111111110011111111111101100000111110111111111111111111111
188881110111111110111111101111000011101111111111111111011111111111011111110111101111111111111111111111
188881111011111110000000000000111111101111111111111110111111111110111111110111101111111111111111111111
188881111101111111111111101111111111101111111111111110111111111110111111111011101111111111111111111111
188888111101111111111111101111111111101111111111111101111111111101111111111101011111111111111111111111
188888111101111111111111101111111111101111111111111011111100001011111111111101011111111111111111111111
188888111110111111111111101111111111101111111111100001111101110111000000000000111111111111111111111111
188888811110111111111111101111111111101111100000011010111011110111011111111111011111111111111111111111
188888811110111111111111101111111111101110011111110111010111101110111111111111011111111111111111111111
188888811110111111111111101111111111101001101111110111100000101110111111111111101111111111111111111111
188888881111011111111111101111111100000111101111110111110111000101111111111111101111111111111111111111
188888881111101111111111100000000011101111101111110111110111111000000000000000001111111111111111111111
188888881111101111111111101111111111101111110000000111110111111011111101111111101111111111111111111111
188888881111110111111111101111111111101111111111110111110111110111111101111111101111111111111111111111
188888881111110111111111101111111111101111111111110111110111101111111011111111011111111111111111111111
188888888111111011111111101111111111101111111111110111110111101111110111111110111111111111111111111111
188888888111111011111111101111111111101111111111110111110111011111110111111101111111111111111111111111
188888888111111101111111101111111111101111111111110000000000000001110111111011111111111111111111111111
188888888111111101111111101111111111001111111111110111111111111110001111111011111111111111111111111111
188888888811111110111111100000000000111111111111110111111111111111111111111011111111111111111111111111
188888888811111110111111101111111111111111111111110111111111111111111111111011111111111111111111111111
188888888881111111011111101111111111111111111111110111111111111111111111111011111111111111111111111111
188888888881111111011111101111111111111100000000000000001111111111111111000011111111111111111111111111
188888888888111111101111101111111111111101101110110111110001111111111110111011111111111111111111111111
188888888888811111110111110111111111111101101110110111111110000000000001111011111111111111111111111111
188888888888881111111011110000000000111101101110110111111111111111111111111011111111111111111111111111
188888888888888111111011001110111111011101101110110111111111111111111111111011111111111111111111111111
188888888888888811111100111110111111000000000000110111111111111111111111111011111111111111111111111111
188888888888888881111110111110000000111111100000000000000000000111111111111011111111111111111111111111
188888888888888888111111011111111111110000011111111111111111111000000000000011111111111111111111111111
188888888888888888811111101111100000001111111111111111111111111111111111111111111111111111111111111111
188888888888888888881111100000011111111111111111111111111111111111111111111111111111111111111111111111
188888888888888888888111101111111111111111111111111111111111111111111111111111111111111111111111111111
188888888888888888888811111111111111111111111111111111111111111111111111111111111111111111111111111111
144444444444444444444444444444444444444444444444444444444444444444444444444444444444444444444444444441
144444444444444444444444444444444444444444444444444444444444444444444444444444444444444444444444444441
144444444444444444444444444444444444444444444444444444444444444444444444444444444444444444444444444441
144444444444444444444444444444444444444444444444444444444444444444444444444444444444444444444444444441
144444444444444444444444444444444444444444444444444444444444444444444444444444444444444444444444444441
144444444444444444444444444444444444444444444444444444444444444444444444444444444444444444444444444441
144444444444444444444444444444444444444444444444444444444444444444444444444444444444444444444444444441
144444444444444444444444444444444444444444444444444444444444444444444444444444444444444444444444444441
144444444444444444444444444444444444444444444444444444444444444444444444444444444444444444444444444441
144444444444444444444444444444444444444444444444444444444444444444444444444444444444444444444444444441
111111111111111111111111111111111111111111111111111111111111111111111111111111111111111111111111111111