111111111111111111111111111111111111111111111111111111111111111111111111111111111111111111111111111111
111111111111111111111111111111111111111111111111111111111111111111111111111181111111111111111111111111
111111111111111111111111111111111111111111111111111111888888888888888888888811000111111111111111111111
111111111111111111111111111111111111111111111888888888111111111111111111111110101000000000000000000011
111111111111111111111111111111111111111111888111111111111011111111111111111001110111111111111111110011
111111111111111111111111111111111111111188111111111111110101111111111111110111111011111111111111101011
111111111111111111111111111111111111888811111111111110001110111000001111101111111011111111111110011011
111111111111111111111111111111118888111111111111111110011111000111110111011111111011111111111101111011
111111111111111111111111111888881111111111111111111110101111011111111010111111111101111111111011111011
111111111111111111111111118111111111111111111111111101101111011111111100111111111101111111110111111011
111111111111111111111111811111111111111111111111110011101111011111111011000001100011111111101111111011
111111111111111111111181111111111111111111100000000111101111101111110111111110011111111110011111111011
111111111111111111118111111111111111111000011101110111101111101111100011111101100000010001111111111011
111111111111111111181111111111111110000111111101110111101111100000011101111011111111101111111111111011
111111111111111111811111111111111001111111111110110111101111101111111110010111111111101111111111111011
111111111111111181111111111111110111111111111110110111101111101111111111001111111111011111111111111011
111111111111111811111111111111000111111111111110000000000000001111111110110000001110111111111111111011
111111111111118111111111111000101001111111111110110111101111100000111101111111110101111111111111111011
111111111111811111111111110111101110001111111110110111101111101111011011111111111011111111111111111011
111111111118111111111100000011101111110000000000000000001111101111100111111111110111111111111111111011
111111111181111111111011101101101111111111111111110111101111101111101111111111101111111111111111111011
111111111811111111110111101110101111111111111111110111101111101111101111111111011111111111111111111011
111111118111111111101111101111000000011111111111110111101111101111011111111110111111111111111111111011
111111118111111111011111101111011111100000000000000000000000000011011111111101111111111111111111111011
111111118111111000111111101111011111111111111111111111111111111100011111111011111111111111111111110111
111111118111110111111111101111011111111111111111111111111111111110100001110111111111111111111111101111
111111181111101111111111101111011111111111111111111111111111111110111110110111111111111111110000011111
111111181111011111111111101111011111111111111111111111111111111110111111001111111001111111101111111111
111111181000111111111111101111011111111111111111111111111111111110111110110111111010000000011111111111
111111811011111111111111100111011111111111111111111111111111111111011101111011111010101111111111111111
111111811011111111111111101000011111111111111111111111111111111111101011111101111010101111111111111111
111111811011111111111111101111011111111111111111111111111111111111110111111110111010101111111111111111
111111811101111111111111101111011111111111111111111111111111111111101111111111001010101111111111111111
111118111110111111111111101111011111111111111111111111111111111111011111111111110010101111111111111111
111118111110111111111111101111011111111111111111111111111111111110011111111111111010101111111111111111
111118111111011111111111100000011111111111111111111111111111111110101111111110000000000001111111111111
111181111111011111111111101111011111111111111111111111111111111101110111111001111111111100111111111111
111181111111011111111111101111011111111111111111111111111111111101111011110111111111111101011111111111
111181111111010000000000001111011111111111111111111111111111111011111101001111111111111011100111111111
111181111111001111111111101111011111111111111111111111111111110111111110111111111111110111111011111111
111181111111011111111111101111011000000000000000111111111111101011111000111111111111101111111101111111
111181111111011111111111101111011011111111111111000000011111011101100101111111111111101111111110111111
111181111111011111111111101111011011111111111111011111100000011110011101111111111111101111111111011111
111181111111011111111111011111011011111111111111011111011101101110111101111111111111011111111111101111
111181111111101111111111011111011011111111111111011110111101110101111101111111111111011111111111110111
111181111111110111111111011111000000000000000000000110111101111011111101111111111111011111111111111011
111181111111110111111111011111111111111111111111011000111001110111111011111111111110111111111111111011
111181111111110111111111011111111111111111111111011110111010010111110000011111111110111111111111111011
111181111111111011111111011111111111111111111111011110111011101111110111100011111110111111111111110111
111181111111111101111111011111111111111111111110111101111011101111101111111100000110111111111111110111
111181111111000000000000000000000011111111111110011011111011110111011111111101111000111111111111110111
111181111100111101111111101111110100111111111110100011111011110110111111111101111101000111111111101111
111181000011111110111111101111110111000011111110111011111011111010111111111011111101111011111111101111
111181011111111110111111101111111011111011111110110111111011111100111111111011111101111100000011101111
111181101111111110111111101111111011111011111110110111111011111110111111111000000011111111111100001111
111181101111111110111111101111111011111000000000010111110111111111011111110111111011111111111111111111
111181110111111110111111101111111011111111111111100011101111111111100000000111110111111111111111111111
111181110111111110111111101111111000001111111111111100011111111111011111110111110111111111111111111111
111181110111111110111111101110000011101111111111111110111111111111011111110111110111111111111111111111
111181110111111110000000000001111111101111111111111101111111111110111111110111101111111111111111111111
111181111011111111111111101111111111101111111111111101111111111101111111111011101111111111111111111111
111118111101111111111111101111111111101111111111111011111111111101111111111101011111111111111111111111
111118111101111111111111101111111111101111111111111011111100111011111111111100111111111111111111111111
111118111101111111111111101111111111101111111111110011111101000111000000000000111111111111111111111111
111111811110111111111111101111111111101111111111001001111011110111011111111110111111111111111111111111
111111811110111111111111101111111111101000000000111010011011110110111111111110111111111111111111111111
111111811111011111111111101111111111100111011111110111100000101101111111111111011111111111111111111111
111111181111101111111111101111111110001111101111110111110111011011111111111111011111111111111111111111
111111181111110111111111100000000001101111110111110111110111100000000000000000001111111111111111111111
111111181111111011111111101111111111101111110000000111110111110111111101111111101111111111111111111111
111111181111111011111111101111111111101111111111110111110111110111111011111111101111111111111111111111
111111181111111011111111101111111111101111111111110111110111110111110111111111101111111111111111111111
111111118111111101111111101111111111101111111111110111110111101111110111111111101111111111111111111111
111111118111111110111111101111111111101111111111110111110111101111110111111111011111111111111111111111
111111118111111111011111101111111111101111111111110000000000011111101111111110111111111111111111111111
111111118111111111011111101111100000001111111111110111111111100000001111111101111111111111111111111111
111111111811111111011111100000011111111111111111110111111111111111111111111011111111111111111111111111
111111111811111111011111101111111111111111111111110111111111111111111111111011111111111111111111111111
111111111181111111101111110111111111111111111111110111111111111111111111111011111111111111111111111111
111111111181111111101111110111111111111100000000000000111111111111110000000011111111111111111111111111
111111111118111111110111110111111111111101101110110111001111111111101111111011111111111111111111111111
111111111111811111110111110111111111111101101110110111110000000000011111111011111111111111111111111111
111111111111181111111011110000000000111101101110110111111111111111111111111011111111111111111111111111
111111111111118111111100001110111111011101101110110111111111111111111111111011111111111111111111111111
111111111111111811111101111110111110000000000000110111111111111111111111111011111111111111111111111111
111111111111111181111110111110000001111111111111110000000000000000001111111011111111111111111111111111
111111111111111118111111011111111111110000000000001111111111111111110000000011111111111111111111111111
111111111111111111811111101000000000001111111111111111111111111111111111111111111111111111111111111111
111111111111111111181111100111111111111111111111111111111111111111111111111111111111111111111111111111
111111111111111111118111101111111111111111111111111111111111111111111111111111111111111111111111111111
111111111111111111111811111111111111111111111111111111111111111111111111111111111111111111111111111111
144444444444444444444444444444444444444444444444444444444444444444444444444444444444444444444444444441
144444444444444444444444444444444444444444444444444444444444444444444444444444444444444444444444444441
144444444444444444444444444444444444444444444444444444444444444444444444444444444444444444444444444441
144444444444444444444444444444444444444444444444444444444444444444444444444444444444444444444444444441
144444444444444444444444444444444444444444444444444444444444444444444444444444444444444444444444444441
144444444444444444444444444444444444444444444444444444444444444444444444444444444444444444444444444441
144444444444444444444444444444444444444444444444444444444444444444444444444444444444444444444444444441
144444444444444444444444444444444444444444444444444444444444444444444444444444444444444444444444444441
144444444444444444444444444444444444444444444444444444444444444444444444444444444444444444444444444441
144444444444444444444444444444444444444444444444444444444444444444444444444444444444444444444444444441
111111111111111111111111111111111111111111111111111111111111111111111111111111111111111111111111111111