111111111111111111111111111111111111111111111111111111111111111111111111111111111111111111111111111111
111111111111111111111111111111111111111111111111111111111111111111111111111181111111111111111111111111
111111111111111111111111111111111111111111111111111111888888888888888888888811000000011111111111111111
111111111111111111111111111111111111111111111888888888111111111111111111111110101111100000000000000011
111111111111111111111111111111111111111111888111111111111011111111111111111101101111111111111111110011
111111111111111111111111111111111111111188111111111111110101111111111111111011110111111111111111101011
111111111111111111111111111111111111888811111111111110001110110000001111110111111011111111111111011011
111111111111111111111111111111118888111111111111111110011111001111110111101111111101111111111110111011
111111111111111111111111111888881111111111111111111101101111011111111011011111111101111111111001111011
111111111111111111111111118111111111111111111111111101101111011111111100000111111101111111110111111011
111111111111111111111111811111111111111111111111100011101111011111111011111000111011111111001111111011
111111111111111111111181111111111111111111100000010111101111011111110111111111000111111110111111111011
111111111111111111118111111111111111110000011101110111101111101111001111111110110111111101111111111011
111111111111111111181111111111111100001111111101110111101111100000110111111101111000000011111111111011
111111111111111111811111111111111011111111111101110111101111101111111001111011111111011111111111111011
111111111111111181111111111111110111111111111101110111101111101111111110000111111111011111111111111011
111111111111111811111111111111000111111111111110000000000000001111111101111000111110111111111111111011
111111111111118111111111111110101011111111111110110111101111100001111011111111001101111111111111111011
111111111111811111111111110001101100001111111110110111101111101110010111111111110011111111111111111011
111111111118111111111110000001101111110000000000000000001111101111101111111111110111111111111111111011
111111111181111111111101101110101111111111111111110111101111101111101111111111101111111111111111111011
111111111811111111111011101111001111111111111111110111101111101111011111111111011111111111111111111011
111111118111111111110111101111100000000000111111110111101111101110111111111110111111111111111111111011
111111118111111111101111101111101111111111000000000000000000000000111111111101111111111111111111000011
111111118111111111011111101111101111111111111111111111111111111110111111111101111111111111111110111111
111111118111111110111111101111101111111111111111111111111111111110000011111011111111111100000001111111
111111181111111101111111101111101111111111111111111111111111111110111100110111111111111011111111111111
111111181111100011111111101111011111111111111111111111111111111110111111001111111001110111111111111111
111111181000011111111111101111011111111111111111111111111111111110111111010111111010001111111111111111
111111811011111111111111100000011111111111111111111111111111111111011110111011111010101111111111111111
111111811011111111111111101111011111111111111111111111111111111111101001111101111010101111111111111111
111111811011111111111111101111011111111111111111111111111111111111110111111110111010101111111111111111
111111811101111111111111101111011111111111111111111111111111111111101111111111011010101111111111111111
111118111110111111111111101111011111111111111111111111111111111111011111111111101010101111111111111111
111118111110111111111111101111011111111111111111111111111111111110111111111111110000101111111111111111
111118111110111111111111100000011111111111111111111111111111111101001111111111111110000001111111111111
111181111111011111111111101111011111111111111111111111111111111011110111111111000001111100111111111111
111181111111011111111111101111011111111111111111111111111111111011111011111110111111111011011111111111
111181111111000000000000001111011111111111111111111111111111110111111101111101111111111011101111111111
111181111111011111111111101111011111111111111111111111111111110111111100000011111111110111110111111111
111181111111011111111111101111011000111111111111111111111111101011111010111111111111110111111011111111
111181111111101111111111101111011011000000000000000001111111011101100101111111111111110111111101111111
111181111111101111111111101111011011111111111111011110000000111110011101111111111111101111111110111111
111181111111101111111111101111011011111111111111011111011110001110111101111111111111101111111111011111
111181111111110111111111101111011011111111111111011111011110110101111101111111111111011111111111100111
111181111111110111111111101111000000000000000000001110111101111011111011111111111111011111111111111011
111181111111111011111111011111111111111111111110110000111000110111111011111111111110111111111111111011
111181111111111011111111011111111111111111111110111101111011010111110000111111111101111111111111111011
111181111111111101111111011111111111111111111110111101111011101111101111000111111101111111111111111011
111181111111111101111111011111111111111111111110111101111011110111101111111000001101111111111111111011
111181111111111000000000000000000001111111111110001101111011111011101111111101110000111111111111110111
111181111111110101111111011111110110111111111110110011111011111011011111111101111101000111111111101111
111181000000001110111111101111110111000011111110111011111011111100111111111101111101111000000111101111
111181011111111110111111101111110111111011111110111011111011111100111111111011111101111111111000101111
111181101111111110111111101111111011111011111110111011110111111110111111111000000011111111111111001111
111181110111111110111111101111111011111000000000001011110111111111011111111011110111111111111111111111
111181111011111110111111101111111011111111111111110011101111111111100111111011110111111111111111111111
111181111011111110111111101111111010001111111111111100011111111111011000000111110111111111111111111111
111181111011111110111111101111110001101111111111111110111111111110111111110111101111111111111111111111
111181111101111110000000000000001111101111111111111110111111111110111111111011101111111111111111111111
111181111101111111111111101111111111101111111111111110111111111101111111111011101111111111111111111111
111118111101111111111111101111111111101111111111111110111111111011111111111101101111111111111111111111
111118111110111111111111101111111111101111111111111101111100010111111111111110011111111111111111111111
111118111110111111111111101111111111101111111100000011111101100111000000000000111111111111111111111111
111111811111011111111111101111111111101111100011111001111011101111011111111111011111111111111111111111
111111811111011111111111101111111111101100011111111010000111011110111111111111101111111111111111111111
111111811111011111111111101111111111101011011111111011110001011101111111111111101111111111111111111111
111111181111011111111111101110000000000111011111111011110110011101111111111111101111111111111111111111
111111181111011111111111100001111111101111101111111011110111100000000000000000001111111111111111111111
111111181111011111111111101111111111101111110000000111110111111011111011111111101111111111111111111111
111111181111101111111111101111111111101111111111110111110111111011111011111111101111111111111111111111
111111181111110111111111101111111111101111111111110111110111110111111011111111101111111111111111111111
111111118111111011111111101111111111101111111111110111110111101111111011111111101111111111111111111111
111111118111111101111111101111111111101111111111110111110111101111110111111111011111111111111111111111
111111118111111110111111101111111111101111111111110000000000000111110111111111011111111111111111111111
111111118111111110111111101111111110001111111111110111111111111000001111111111011111111111111111111111
111111111811111110111111100000000001111111111111110111111111111111111111111110111111111111111111111111
111111111811111111011111101111111111111111111111110111111111111111111111111101111111111111111111111111
111111111181111111101111101111111111111111111111110111111111111111111111111011111111111111111111111111
111111111181111111101111110111111111111100000000000000111111111111111111000011111111111111111111111111
111111111118111111110111110111111111111101101110110111000000111111111110111011111111111111111111111111
111111111111811111110111110111111111111101101110110111111111000000000001111011111111111111111111111111
111111111111181111111011100000000000111101101110110111111111111111111111111011111111111111111111111111
111111111111118111111100011110111111011101101110110111111111111111111111111011111111111111111111111111
111111111111111811111101111110100000000000000000110111111111111111111111111011111111111111111111111111
111111111111111181111110111110011111111111000000000000000000000000011111111011111111111111111111111111
111111111111111118111110111111111111111000111111111111111111111111100000000011111111111111111111111111
111111111111111111811111011111100000000111111111111111111111111111111111111111111111111111111111111111
111111111111111111181111100000011111111111111111111111111111111111111111111111111111111111111111111111
111111111111111111118111101111111111111111111111111111111111111111111111111111111111111111111111111111
111111111111111111111811111111111111111111111111111111111111111111111111111111111111111111111111111111
144444444444444444444444444444444444444444444444444444444444444444444444444444444444444444444444444441
144444444444444444444444444444444444444444444444444444444444444444444444444444444444444444444444444441
144444444444444444444444444444444444444444444444444444444444444444444444444444444444444444444444444441
144444444444444444444444444444444444444444444444444444444444444444444444444444444444444444444444444441
144444444444444444444444444444444444444444444444444444444444444444444444444444444444444444444444444441
144444444444444444444444444444444444444444444444444444444444444444444444444444444444444444444444444441
144444444444444444444444444444444444444444444444444444444444444444444444444444444444444444444444444441
144444444444444444444444444444444444444444444444444444444444444444444444444444444444444444444444444441
144444444444444444444444444444444444444444444444444444444444444444444444444444444444444444444444444441
144444444444444444444444444444444444444444444444444444444444444444444444444444444444444444444444444441
111111111111111111111111111111111111111111111111111111111111111111111111111111111111111111111111111111