111111111111111111111111111111111111111111111111111111111111111111111111111111111111111111111111111111
111111111111111111111111111111111111111111111111111111111111111111111111111181111111111111111111111111
111111111111111111111111111111111111111111111111111111888888888888888888888811000000000001111111111111
111111111111111111111111111111111111111111111888888888111111111111111111111110011111111110000000000011
111111111111111111111111111111111111111111888111111111110011111111111111111101011111111111111111110011
111111111111111111111111111111111111111188111111111111101101111111111111111011101111111111111111101011
111111111111111111111111111111111111888811111111111110011110110000001111100111101111111111111110011011
111111111111111111111111111111118888111111111111111110011111001111110111011111110111111111111101111011
111111111111111111111111111888881111111111111111111110011111101111111010111111111011111111111011111011
111111111111111111111111118111111111111111111111111101101111101111111100001111111101111111110111111011
111111111111111111111111811111111111111111111111110011101111101111111011110000100011111110001111111011
111111111111111111111181111111111111111110000000001011101111101111110111111110000001111001111111111011
111111111111111111118111111111111111111001111110111011101111101111101111111101111110010111111111111011
111111111111111111181111111111111111110111111110111011101111100000010000111011111111101111111111111011
111111111111111111811111111111111000001111111110111011101111101111111111010111111111101111111111111011
111111111111111181111111111111110111111111111110110111101111101111111111100111111111011111111111111011
111111111111111811111111111111101111111111111110000000000000000111111111011001111110111111111111111011
111111111111118111111111111100000011111111111110110111101111101011111110111110001101111111111111111011
111111111111811111111111110011101100111111111110110111101111101100011001111111110011111111111111111011
111111111118111111111111001111101111000000000000000000001111101111100111111111110111111111111111111011
111111111181111111111110100111101111111111111111110111101111101111011111111111101111111111111111111011
111111111811111111111001101000001111111111111111110111101111101111011111111111011111111111111111111011
111111118111111111100111101111100000000001111111110111101111101111011111111110111111111111111111111011
111111118111111111011111101111101111111110000000000000000000000110111111111101111111111111111100000011
111111118111111100111111101111011111111111111111111111111111111000000111111101111111111111100011111111
111111118111111011111111101111011111111111111111111111111111111110111011111011111111111111011111111111
111111181111100111111111101111011111111111111111111111111111111110111100010111111111111110111111111111
111111181100011111111111101111011111111111111111111111111111111110111111101111111001111101111111111111
111111181011111111111111101111011111111111111111111111111111111110111111010111111010000011111111111111
111111811011111111111111100011011111111111111111111111111111111111011100111011111010101111111111111111
111111811101111111111111101100011111111111111111111111111111111111101011111100111010101111111111111111
111111811101111111111111101111011111111111111111111111111111111111110111111111011010101111111111111111
111111811101111111111111101111011111111111111111111111111111111111101111111111101010101111111111111111
111118111101111111111111101111011111111111111111111111111111111111011111111111110010101111111111111111
111118111101111111111111101111011111111111111111111111111111111110111111111111111010101111111111111111
111118111110111111111111100000011111111111111111111111111111111110011111111111000000000001111111111111
111181111110111111111111101111011111111111111111111111111111111101100111111110111111111010111111111111
111181111110111111111111101111011111111111111111111111111111111101111011111101111111110111011111111111
111181111111011111111111001111011111111111111111111111111111111011111101000011111111110111101111111111
111181111111000000000000101111011111111111111111111111111111110111111110111111111111110111110111111111
111181111111011111111111101111011000000000011111111111111111101011110000111111111111101111111011111111
111181111111101111111111101111011011111111100000011111111111011101101110111111111111101111111101111111
111181111111110111111111011111011011111111111111000000000000111110011101111111111111101111111110111111
111181111111110111111111011111011011111111111111011111011101011110111011111111111111011111111111011111
111181111111111011111111011111011011111111111111011110111101100101111011111111111111011111111111100111
111181111111111011111111011111000000000000000000001110111101111011111011111111111111011111111111111011
111181111111111011111111011111111111111111111111010000111000110111111011111111111111011111111111111011
111181111111111011111111011111111111111111111111011101111011010111110000011111111110111111111111111011
111181111111111011111111011111111111111111111110111101110111101111110111100011111110111111111111111011
111181111111111011111111011111111111111111111110111101110111101111110111111100000010111111111111110111
111181111111110000000000000000000000111111111110001011110111110111110111111101111100111111111111110111
111181111111001101111111011111111011011111111110110011110111110111110111111011111011001111111111110111
111181000000111101111111011111111011100011111110111011110111111011101111111011111011110001111111101111
111181011111111101111111011111111011111011111110111011101111111101011111111011111011111110000001101111
111181011111111101111111101111111011111011111110110111101111111110111111111000000011111111111110001111
111181011111111101111111101111111011111000000000010111011111111111011111111011111011111111111111111111
111181011111111110111111101111111011111111111111100000011111111111100000010111111011111111111111111111
111181101111111110111111101111111010001111111111111111011111111111101111100111111011111111111111111111
111181110111111110111111101111110001101111111111111111011111111111011111110111110111111111111111111111
111181110111111110000000000000001111101111111111111110111111111110111111111011101111111111111111111111
111181111011111111111111101111111111101111111111111101111111111101111111111011011111111111111111111111
111118111011111111111111101111111111101111111111111011111111111101111111111101011111111111111111111111
111118111011111111111111101111111111101111111111111011111101111011111111111101011111111111111111111111
111118111101111111111111101111111111101111111111110011111100000111000000000000111111111111111111111111
111111811110111111111111101111111111101111111110001000111011101110111111111110111111111111111111111111
111111811111011111111111101111111111101110000001111011011011011101111111111111011111111111111111111111
111111811111101111111111101111111111101101101111110111100011011011111111111111101111111111111111111111
111111181111101111111111101100000000000011110111110111110100000011111111111111101111111111111111111111
111111181111110111111111100011111111101111110111110111110111111000000000000000001111111111111111111111
111111181111110111111111101111111111101111110000000111110111111011111101111111101111111111111111111111
111111181111110111111111101111111111101111111111110111110111111011111101111111101111111111111111111111
111111181111110111111111101111111111101111111111110111110111111011111011111111011111111111111111111111
111111118111111011111111101111111111101111111111110111110111110111110111111111011111111111111111111111
111111118111111011111111101111111111101111111111110111110111101111101111111110111111111111111111111111
111111118111111101111111101111111111101111111111110000000000011111101111111101111111111111111111111111
111111118111111110111111101111100000001111111111110111111111100000001111111101111111111111111111111111
111111111811111110111111100000011111111111111111110111111111111111111111111101111111111111111111111111
111111111811111110111111101111111111111111111111110111111111111111111111111101111111111111111111111111
111111111181111111011111110111111111111111111111110111111111111111111111111101111111111111111111111111
111111111181111111101111110111111111111100000000000001111111111111111100000011111111111111111111111111
111111111118111111110111110111111111111101101110110110000001111100000011111011111111111111111111111111
111111111111811111111011110111111111111101101110110111111110000011111111111011111111111111111111111111
111111111111181111111011000000000000111101101110110111111111111111111111111011111111111111111111111111
111111111111118111111100111110111110111101101110110111111111111111111111111011111111111111111111111111
111111111111111811111101111110111000000000000000110111111111111111111111111011111111111111111111111111
111111111111111181111110111110000111111111000000000000000000000111111111111011111111111111111111111111
111111111111111118111110111111111111100000111111111111111111111000000000000011111111111111111111111111
111111111111111111811111011111111111011111111111111111111111111111111111111111111111111111111111111111
111111111111111111181111011111110000111111111111111111111111111111111111111111111111111111111111111111
111111111111111111118111100000001111111111111111111111111111111111111111111111111111111111111111111111
111111111111111111111811111111111111111111111111111111111111111111111111111111111111111111111111111111
144444444444444444444444444444444444444444444444444444444444444444444444444444444444444444444444444441
144444444444444444444444444444444444444444444444444444444444444444444444444444444444444444444444444441
144444444444444444444444444444444444444444444444444444444444444444444444444444444444444444444444444441
144444444444444444444444444444444444444444444444444444444444444444444444444444444444444444444444444441
144444444444444444444444444444444444444444444444444444444444444444444444444444444444444444444444444441
144444444444444444444444444444444444444444444444444444444444444444444444444444444444444444444444444441
144444444444444444444444444444444444444444444444444444444444444444444444444444444444444444444444444441
144444444444444444444444444444444444444444444444444444444444444444444444444444444444444444444444444441
144444444444444444444444444444444444444444444444444444444444444444444444444444444444444444444444444441
144444444444444444444444444444444444444444444444444444444444444444444444444444444444444444444444444441
111111111111111111111111111111111111111111111111111111111111111111111111111111111111111111111111111111