111111111111111111111111111111111111111111111111111111111111111111111111111111111111111111111111111111
111111111111111111111111111111111111111111111111111111111111111111111111111181111111111111111111111111
111111111111111111111111111111111111111111111111111111888888888888888888888811000000000000000000000111
111111111111111111111111111111111111111111111888888888111111111111111111111100101111111111111111111011
111111111111111111111111111111111111111111888111111111110011111111111111111011101111111111111111100011
111111111111111111111111111111111111111188111111111111001101111111111111110111110111111111111111011011
111111111111111111111111111111111111888811111111111110111110111000001111101111111011111111111110111011
111111111111111111111111111111118888111111111111111100111111000111110111011111111101111111111101111011
111111111111111111111111111888881111111111111111111101011111011111111010111111111101111111111011111011
111111111111111111111111118111111111111111111111111011101111011111111101111111110001111111110111111011
111111111111111111111111811111111111111111111111100011101111011111111010000000101111111111101111111011
111111111111111111111181111111111111111111000000011011101111101111110111111110000001111000011111111011
111111111111111111118111111111111111111000111101110111101111101000001111111101111110110111111111111011
111111111111111111181111111111111111110111111110110111101111100111110111111011111111001111111111111011
111111111111111111811111111111111111101111111110110111101111101111111001110111111111101111111111111011
111111111111111181111111111111111111011111111110110111101111101111111110001111111111011111111111111011
111111111111111811111111111111100000111111111110000000000000000111111110110001111110111111111111111011
111111111111118111111111111111000111111111111110110111101111101011111101111110011101111111111111111011
111111111111811111111111111000101001111111111110110111101111101100111011111111100011111111111111111011
111111111118111111111111000111101110000000000000000000001111101111000111111111110111111111111111111011
111111111181111111111110100011101111111111111111110111101111101111101111111111101111111111111111111011
111111111811111111111101101101101111111111111111110111101111101111011111111111011111111111111111111011
111111118111111111111011101110000000001111111111110111101111101110111111111110111111111111111111111011
111111118111111111110111101111011111110000000000000000000000000110111111111101111111111111111111110011
111111118111111000001111101111011111111111111111111111111111111000111111111011111111111111111111101111
111111118111110111111111101111011111111111111111111111111111111110000001110111111111111111111110011111
111111181110001111111111101111011111111111111111111111111111111110111110001111111111111111111101111111
111111181101111111111111101111011111111111111111111111111111111110111111100111111011111110000011111111
111111181011111111111111101111011111111111111111111111111111111110111110011011111000000001111111111111
111111811101111111111111100001011111111111111111111111111111111111011101111101111010101111111111111111
111111811110111111111111101110011111111111111111111111111111111111101011111110111010101111111111111111
111111811110111111111111101111011111111111111111111111111111111111110111111111011010101111111111111111
111111811110111111111111101111011111111111111111111111111111111111101111111111101010101111111111111111
111118111110111111111111101111011111111111111111111111111111111111011111111111110010101111111111111111
111118111111011111111111101111011111111111111111111111111111111110111111111111111010101111111111111111
111118111111011111111111100000011111111111111111111111111111111101011111111111111100000001111111111111
111181111111011111111111101111011111111111111111111111111111111011101111111111111011111100111111111111
111181111111011111111111101111011111111111111111111111111111110111110111111111000111111101011111111111
111181111111010000000000001111011111111111111111111111111111110111111011111000111111111011100111111111
111181111111001111111111101111011111111111111111111111111111110111111100000111111111111011111011111111
111181111111101111111111101111011000000000000000111111111111101001110000111111111111111011111101111111
111181111111101111111111101111011011111111111111000011111111011110101101111111111111111011111110111111
111181111111101111111111101111011011111111111111011100000000111111011101111111111111110111111111011111
111181111111101111111111101111011011111111111111011111011110011110111011111111111111110111111111101111
111181111111101111111111101111011011111111111111011111011101101101111011111111111111110111111111110111
111181111111110111111111011111000000000000000000001110111011110011111011111111111111101111111111111011
111181111111110111111111011111111111111111111111010000111011111011110111111111111111011111111111111011
111181111111110111111111011111111111111111111110111110111001110111110000111111111110111111111111111011
111181111111110111111111011111111111111111111110111101111010001111101111000011111110111111111111111011
111181111111111011111111011111111111111111111110111011110111110111011111111100001110111111111111111011
111181111111111000000000000000000011111111111110011011110111111011011111111101110001111111111111111011
111181111100000101111111011111110100001111111110100011110111111011011111111101111100000111111111110111
111181000011111101111111011111110111110011111110110111110111111100111111111101111101111000111111110111
111181101111111101111111011111110111111011111110110111110111111110111111111011111101111111000000010111
111181101111111101111111011111110111111011111110110111110111111110111111111000000011111111111111101111
111181101111111101111111101111110111111000000000010111101111111111011111111011111011111111111111111111
111181110111111101111111101111110111111111111111100011011111111111100000001011110111111111111111111111
111181110111111101111111101111110100001111111111111100011111111111101111110111110111111111111111111111
111181111011111101111111101000000011101111111111111110111111111111011111110111110111111111111111111111
111181111101111110000000000111111111101111111111111110111111111110111111111011101111111111111111111111
111181111101111111111111101111111111101111111111111101111111111101111111111011011111111111111111111111
111118111101111111111111101111111111101111111111111101111111111011111111111101011111111111111111111111
111118111101111111111111101111111111101111111111111101111101111011111111111110111111111111111111111111
111118111110111111111111101111111111101111111000000011111010000111000000000000111111111111111111111111
111111811111011111111111101111111111101111100111111000010111110111011111111110111111111111111111111111
111111811111101111111111101111111111101110011111110111100111101110111111111111011111111111111111111111
111111811111110111111111101111111111100001101111110111110001011110111111111111101111111111111111111111
111111181111111011111111101000000000001111101111110111110110000101111111111111101111111111111111111111
111111181111111101111111100111111111101111110111110111110111111000000000000000001111111111111111111111
111111181111111110111111101111111111101111110000000111110111111011111011111111011111111111111111111111
111111181111111110111111101111111111101111111111110111110111110111111011111111011111111111111111111111
111111181111111111011111101111111111101111111111110111110111101111110111111111011111111111111111111111
111111118111111111011111101111111111101111111111110111110111101111110111111110111111111111111111111111
111111118111111111011111101111111111101111111111110111110111011111110111111101111111111111111111111111
111111118111111111101111101111111111101111111111110000000000000000101111111101111111111111111111111111
111111118111111111101111101111111111001111111111110111111111111111001111111101111111111111111111111111
111111111811111111101111100000000000111111111111110111111111111111111111111101111111111111111111111111
111111111811111111101111110111111111111111111111110111111111111111111111111101111111111111111111111111
111111111181111111101111110111111111111111111111110111111111111111111111111101111111111111111111111111
111111111181111111101111110111111111111100000000000000011111111111111000000011111111111111111111111111
111111111118111111110111110111111111111101101110110111101111111111100111111011111111111111111111111111
111111111111811111111011110111111111111101101110110111110000000000011111111011111111111111111111111111
111111111111181111111101000000000000111101101110110111111111111111111111111011111111111111111111111111
111111111111118111111100111110111110111101101110110111111111111111111111111011111111111111111111111111
111111111111111811111101111110100000000000000000110111111111111111111111111011111111111111111111111111
111111111111111181111110111110011111111111111111100111111111111111111111111011111111111111111111111111
111111111111111118111111011111111111110000000000011000000000000000000000000011111111111111111111111111
111111111111111111811111011111111111001111111111111111111111111111111111111111111111111111111111111111
111111111111111111181111101100000000111111111111111111111111111111111111111111111111111111111111111111
111111111111111111118111100011111111111111111111111111111111111111111111111111111111111111111111111111
111111111111111111111811111111111111111111111111111111111111111111111111111111111111111111111111111111
144444444444444444444444444444444444444444444444444444444444444444444444444444444444444444444444444441
144444444444444444444444444444444444444444444444444444444444444444444444444444444444444444444444444441
144444444444444444444444444444444444444444444444444444444444444444444444444444444444444444444444444441
144444444444444444444444444444444444444444444444444444444444444444444444444444444444444444444444444441
144444444444444444444444444444444444444444444444444444444444444444444444444444444444444444444444444441
144444444444444444444444444444444444444444444444444444444444444444444444444444444444444444444444444441
144444444444444444444444444444444444444444444444444444444444444444444444444444444444444444444444444441
144444444444444444444444444444444444444444444444444444444444444444444444444444444444444444444444444441
144444444444444444444444444444444444444444444444444444444444444444444444444444444444444444444444444441
144444444444444444444444444444444444444444444444444444444444444444444444444444444444444444444444444441
111111111111111111111111111111111111111111111111111111111111111111111111111111111111111111111111111111