111111111111111111111111111111111111111111111111111111111111111111111111111111111111111111111111111111
111111111111111111111111111111111118888888888888888888888888888888888888888881111111111111111111111111
111111111111111111111111118888888888888888888888888888888888888888888888888811000000000000001111111111
111111111111111111118888888888888888888888888888888888111111111111111111111100011111111111110000000011
111111111111111188888888888888888888888888888111111111110011111111111111111011011111111111111111110011
111111111111888888888888888888888888888888111111111111001101111111111111110111101111111111111111101011
111111111118888888888888888888888888888811111111111110111110111100001111101111110111111111111111011011
111111111888888888888888888888888888111111111111111110111111000011110111011111111011111111111100111011
111111188888888888888888888888881111111111111111111101011111101111111010111111111011111111111011111011
111111888888888888888888888111111111111111111111111101101111101111111100111111111101111111110111111011
111118888888888888888888811111111111111111111111000011101111101111111011011111100011111111101111111011
111118888888888888888881111111111111111111110000111011101111101111110111100000000011111111011111111011
111188888888888888888111111111111111100000001110111011101111100000000111111110111101111000111111111011
111188888888888888881111111111111111011111111110111011101111101111111011111101111110000111111111111011
111188888888888888811111111111111110111111111110111011101111101111111100011011111111011111111111111011
111888888888888881111111111111111001111111111110110111101111101111111111000001111110111111111111111011
111888888888888811111111111111100001111111111110000000000000000011111110111110011110111111111111111011
118888888888888111111111111100001110011111111110110111101111101101111001111111101101111111111111111011
118888888888811111111111111011101111101111111110110111101111101110010111111111110011111111111111111011
118888888888111111111111100011101111110000000000000000001111101111101111111111110111111111111111111011
188888888881111111111110001101101111111111111111110111101111101111101111111111101111111111111111111011
188888888811111111111101101110001111111111111111110111101111101111011111111111011111111111111111111011
188888888111111111111011101111100000001111111111110111101111101110111111111110111111111111111111111011
188888888111111111110111101111101111110000000000000000000000001110111111111101111111111111111111110011
188888888111111111101111101111101111111111111111111111111111110000011111111011111111111111111100001111
188888888111111000011111101111011111111111111111111111111111111110101111111011111111111111110011111111
188888881111110111111111101111011111111111111111111111111111111110110001110111111111111110001111111111
188888881111001111111111101111011111111111111111111111111111111110111110001111111001111101111111111111
188888881000111111111111101111011111111111111111111111111111111110111111010111111010000011111111111111
188888811011111111111111100111011111111111111111111111111111111111011110111011111010101111111111111111
188888811011111111111111101000011111111111111111111111111111111111101001111100111010101111111111111111
188888811101111111111111101111011111111111111111111111111111111111110111111111011010101111111111111111
188888811110111111111111101111011111111111111111111111111111111111101111111111101010101111111111111111
188888111110111111111111101111011111111111111111111111111111111111011111111111110010101111111111111111
188888111111011111111111100001011111111111111111111111111111111110111111111111111010101111111111111111
188888111111011111111111101110011111111111111111111111111111111110011111111111110000000001111111111111
188881111111011111111111101111011111111111111111111111111111111101101111111111101111111100111111111111
188881111111011111111111101111011111111111111111111111111111111101110111111000011111111011011111111111
188881111111000000000000001111011111111111111111111111111111111011111011000111111111111011101111111111
188881111111011111111111101111011111111111111111111111111111110111111100111111111111111011110111111111
188881111111011111111111011111011000000000000011111111111111101011111100111111111111111011111011111111
188881111111011111111111011111011011111111111100000111111111011101110001111111111111111011111101111111
188881111111011111111111011111011011111111111111011000000000111110001011111111111111111011111110111111
188881111111101111111111011111011011111111111111011111101101001110111011111111111111111011111111011111
188881111111101111111111011111011011111111111111011111011011110101110111111111111111111011111111101111
188881111111110111111111011111000000000000000000000010111011111011110111111111111111110111111111110011
188881111111111011111111011111111111111111111111011100111000111011110111111111111111101111111111111011
188881111111111011111111011111111111111111111111011101110111010111110000001111111111101111111111111011
188881111111111011111111011111111111111111111111011101110111101111101111110011111111011111111111111011
188881111111111101111111011111111111111111111111011101110111101111101111111100001110111111111111111011
188881111111000000000000000000000000111111111110111011110111110111101111111101110000111111111111110111
188881100000111101111111011111110111001111111110000011110111111011011111111101111101011111111111110111
188881011111111101111111011111110111110011111110110111110111111011011111111101111101100001111111110111
188881011111111101111111011111110111111011111110110111110111111101011111111011111011111110011111110111
188881101111111101111111011111110111111011111110110111101111111110111111111000000011111111100000001111
188881101111111110111111101111110111111000000000110111101111111111011111111011111011111111111111111111
188881110111111110111111101111110111111111111111000111011111111111100000001011110111111111111111111111
188881110111111110111111101111110100001111111111111000011111111111011111110111101111111111111111111111
188881110111111110111111101111111011101111111111111111011111111111011111111011101111111111111111111111
188881110111111110000000000000000111101111111111111110111111111110111111111011101111111111111111111111
188881111011111111111111101111111111101111111111111110111111111101111111111101011111111111111111111111
188888111101111111111111101111111111101111111111111101111111111011111111111101011111111111111111111111
188888111110111111111111101111111111101111111111111011111100011011111111111101011111111111111111111111
188888111110111111111111101111111111101111111110000000111011100111000000000000111111111111111111111111
188888811111011111111111101111111111101111110001111011011011110111011111111111011111111111111111111111
188888811111011111111111101111111111101100001111111011101011101110111111111111011111111111111111111111
188888811111101111111111101111111111101011101111111011110011101101111111111111011111111111111111111111
188888881111101111111111101000000000000111110111111011110100011101111111111111101111111111111111111111
188888881111110111111111100111111111101111110111110111110111100000000000000000001111111111111111111111
188888881111110111111111101111111111101111110000000111110111110111111011111111011111111111111111111111
188888881111110111111111101111111111101111111111110111110111101111111011111110111111111111111111111111
188888881111111011111111101111111111101111111111110111110111101111111011111110111111111111111111111111
188888888111111101111111101111111111101111111111110111110111101111110111111110111111111111111111111111
188888888111111101111111101111111111101111111111110111110111011111110111111101111111111111111111111111
188888888111111110111111101111111111101111111111110000000000000000101111111101111111111111111111111111
188888888111111111011111101111111111101111111111110111111111111111001111111101111111111111111111111111
188888888811111111011111100000000000011111111111110111111111111111111111111101111111111111111111111111
188888888811111111011111101111111111111111111111110111111111111111111111111101111111111111111111111111
188888888881111111011111101111111111111111111111110111111111111111111111111101111111111111111111111111
188888888881111111101111101111111111111100000000000111111111111111111100000011111111111111111111111111
188888888888111111110111101111111111111101101110110000000000111111111011111011111111111111111111111111
188888888888811111110111110111111111111101101110110111111111000000000111111011111111111111111111111111
188888888888881111111011000000000000111101101110110111111111111111111111111011111111111111111111111111
188888888888888111111100111110111110111101101110110111111111111111111111111011111111111111111111111111
188888888888888811111101111110111000000000000000110111111111111111111111111011111111111111111111111111
188888888888888881111101111110000111111111111111110000000000000111111111111011111111111111111111111111
188888888888888888111110111111111111111000000000001111111111111000000000000011111111111111111111111111
188888888888888888811111011111111111110111111111111111111111111111111111111111111111111111111111111111
188888888888888888881111101111000000001111111111111111111111111111111111111111111111111111111111111111
188888888888888888888111100000111111111111111111111111111111111111111111111111111111111111111111111111
188888888888888888888811111111111111111111111111111111111111111111111111111111111111111111111111111111
144444444444444444444444444444444444444444444444444444444444444444444444444444444444444444444444444441
144444444444444444444444444444444444444444444444444444444444444444444444444444444444444444444444444441
144444444444444444444444444444444444444444444444444444444444444444444444444444444444444444444444444441
144444444444444444444444444444444444444444444444444444444444444444444444444444444444444444444444444441
144444444444444444444444444444444444444444444444444444444444444444444444444444444444444444444444444441
144444444444444444444444444444444444444444444444444444444444444444444444444444444444444444444444444441
144444444444444444444444444444444444444444444444444444444444444444444444444444444444444444444444444441
144444444444444444444444444444444444444444444444444444444444444444444444444444444444444444444444444441
144444444444444444444444444444444444444444444444444444444444444444444444444444444444444444444444444441
144444444444444444444444444444444444444444444444444444444444444444444444444444444444444444444444444441
111111111111111111111111111111111111111111111111111111111111111111111111111111111111111111111111111111