111111111111111111111111111111111111111111111111111111111111111111111111111111111111111111111111111111
111111111111111111111111111111111111111111111111111111111111111111111111111181111111111111111111111111
111111111111111111111111111111111111111111111111111111888888888888888888888811000000000111111111111111
111111111111111111111111111111111111111111111888888888111111111111111111111110101111111000000000000011
111111111111111111111111111111111111111111888111111111111011111111111111111101101111111111111111110011
111111111111111111111111111111111111111188111111111111100101111111111111111011110111111111111111001011
111111111111111111111111111111111111888811111111111110011110111000001111110111111011111111111110111011
111111111111111111111111111111118888111111111111111101011111000111110111101111111011111111111101111011
111111111111111111111111111888881111111111111111111101011111011111111010011111111101111111111011111011
111111111111111111111111118111111111111111111111111011101111011111111100111111111101111111110111111011
111111111111111111111111811111111111111111111111110011101111101111111011000011111011111111001111111011
111111111111111111111181111111111111111111110000001011101111101111110111111100000111111110111111111011
111111111111111111118111111111111111111000001101111011101111100000001111111101101111110001111111111011
111111111111111111181111111111111111000111111101111011101111101111110011111011110000001111111111111011
111111111111111111811111111111111110111111111101111011101111101111111101110111111111011111111111111011
111111111111111181111111111111111101111111111110110111101111101111111110000111111110111111111111111011
111111111111111811111111111110000011111111111110000000000000001111111110011000011110111111111111111011
111111111111118111111111111001100001111111111110110111101111100111111001111111100101111111111111111011
111111111111811111111111110111101110011111111110110111101111101000110111111111111011111111111111111011
111111111118111111111111100011101111100000000000000000001111101111001111111111110111111111111111111011
111111111181111111111110001101101111111111111111110111101111101111101111111111101111111111111111111011
111111111811111111111001101110001111111111111111110111101111101111101111111111011111111111111111111011
111111118111111111000111101111100000000000001111110111101111101111011111111110111111111111111111111011
111111118111111110111111101111101111111111110000000000000000001111011111111101111111111111111111111011
111111118111111101111111101111101111111111111111111111111111110000011111111101111111111111111000000111
111111118111111011111111101111101111111111111111111111111111111110100111111011111111111111110111111111
111111181111110111111111101111101111111111111111111111111111111110111000110111111111111111101111111111
111111181100001111111111101111101111111111111111111111111111111110111111001111111011110000011111111111
111111181011111111111111101111101111111111111111111111111111111110111110010011111000001111111111111111
111111811101111111111111100001101111111111111111111111111111111111011101111101111010101111111111111111
111111811101111111111111101110011111111111111111111111111111111111101011111110111010101111111111111111
111111811101111111111111101111011111111111111111111111111111111111110111111111011010101111111111111111
111111811110111111111111101111011111111111111111111111111111111111101111111111101010101111111111111111
111118111110111111111111101111011111111111111111111111111111111111011111111111110010101111111111111111
111118111110111111111111100001011111111111111111111111111111111110111111111111111000101111111111111111
111118111110111111111111101110011111111111111111111111111111111101011111111111111110000001111111111111
111181111110111111111111101111011111111111111111111111111111111011101111111111110001111100111111111111
111181111110111111111111101111011111111111111111111111111111110111110111100000001111111101011111111111
111181111110111111100000001111011111111111111111111111111111110111111001011111111111111011101111111111
111181111111000000011111101111011111111111111111111111111111110111111000111111111111111011110111111111
111181111111011111111111101111011000000000000011111111111111101011110101111111111111110111111011111111
111181111111101111111111101111011011111111111100000111111111011100101101111111111111101111111101111111
111181111111101111111111101111011011111111111111011000000000111111011011111111111111101111111110111111
111181111111101111111111101111011011111111111111011111101101011110111011111111111111101111111111001111
111181111111110111111111101111011011111111111111011111011101101101111011111111111111101111111111110111
111181111111111011111111101111000000000000000000000001011011110011111011111111111111011111111111111011
111181111111111011111111101111111111111111111111011110111000110111111011111111111111011111111111110111
111181111111111011111111101111111111111111111111011101110111001111110001111111111110111111111111110111
111181111111111011111111011111111111111111111110111101110111101111110110001111111101111111111111110111
111181111111111101111111011111111111111111111110111011101111110111101111110000111101111111111111110111
111181111111110000000000000000000000001111111110001011101111111011101111111101000001111111111111110111
111181110000001110111111101111111011110111111110110011101111111101101111111101111010001111111111101111
111181001111111110111111101111111011111011111110111011011111111101011111111011111011110111111111101111
111181101111111110111111101111111011111011111110111011011111111110111111111011111011111011111111101111
111181110111111110111111101111111011111011111110110111011111111110111111111000000011111100000000001111
111181110111111110111111101111111011111000000000000111011111111111011111111011110111111111111111111111
111181111011111110111111101111111011111111111111110001011111111111100000000111110111111111111111111111
111181111101111110111111101111111011101111111111111110011111111111101111110111101111111111111111111111
111181111110111110111111101111110000001111111111111110111111111111011111111011101111111111111111111111
111181111110111110000000000000001111101111111111111110111111111111011111111101101111111111111111111111
111181111110111111111111101111111111101111111111111110111111111110111111111101011111111111111111111111
111118111111011111111111101111111111101111111111111101111111111101111111111101011111111111111111111111
111118111111011111111111101111111111101111111111111011111101111011111111111110111111111111111111111111
111118111111011111111111101111111111101111111111100001111100000111000000000000111111111111111111111111
111111811111101111111111101111111111101111110000011010011011110110111111111111011111111111111111111111
111111811111110111111111101111111111101110001111111011101011110110111111111111101111111111111111111111
111111811111111011111111101111111111101101011111111011110000101101111111111111101111111111111111111111
111111181111111101111111101111100000000011101111111011110111011011111111111111101111111111111111111111
111111181111111101111111100000011111101111101111110111110111100000000000000000001111111111111111111111
111111181111111110111111101111111111101111110000000111110111111011111011111111101111111111111111111111
111111181111111110111111101111111111101111111111110111110111110111111011111111011111111111111111111111
111111181111111110111111101111111111101111111111110111110111101111111011111111011111111111111111111111
111111118111111110111111101111111111101111111111110111110111101111111011111111011111111111111111111111
111111118111111111011111101111111111101111111111110111110111011111111011111110111111111111111111111111
111111118111111111101111101111111111101111111111110000000000000000010111111101111111111111111111111111
111111118111111111101111101111100000001111111111110111111111111111101111111101111111111111111111111111
111111111811111111110111100000011111111111111111110111111111111111111111111101111111111111111111111111
111111111811111111110111101111111111111111111111110111111111111111111111111101111111111111111111111111
111111111181111111110111101111111111111111111111110111111111111111111111111101111111111111111111111111
111111111181111111111011101111111111111100000000000000000011111111111111000011111111111111111111111111
111111111118111111111011110111111111111101101110110111111101111111111110111011111111111111111111111111
111111111111811111111101110111111111111101101110110111111110000000000001111011111111111111111111111111
111111111111181111111101100000000000111101101110110111111111111111111111111011111111111111111111111111
111111111111118111111101011110111110111101101110110111111111111111111111111011111111111111111111111111
111111111111111811111100111110111111000000000000110111111111111111111111111011111111111111111111111111
111111111111111181111101111110000000111100000000000011111111111111111111111011111111111111111111111111
111111111111111118111110111111111111111011111111111100000000000000000000000011111111111111111111111111
111111111111111111811111011111111100000111111111111111111111111111111111111111111111111111111111111111
111111111111111111181111010000000011111111111111111111111111111111111111111111111111111111111111111111
111111111111111111118111101111111111111111111111111111111111111111111111111111111111111111111111111111
111111111111111111111811111111111111111111111111111111111111111111111111111111111111111111111111111111
144444444444444444444444444444444444444444444444444444444444444444444444444444444444444444444444444441
144444444444444444444444444444444444444444444444444444444444444444444444444444444444444444444444444441
144444444444444444444444444444444444444444444444444444444444444444444444444444444444444444444444444441
144444444444444444444444444444444444444444444444444444444444444444444444444444444444444444444444444441
144444444444444444444444444444444444444444444444444444444444444444444444444444444444444444444444444441
144444444444444444444444444444444444444444444444444444444444444444444444444444444444444444444444444441
144444444444444444444444444444444444444444444444444444444444444444444444444444444444444444444444444441
144444444444444444444444444444444444444444444444444444444444444444444444444444444444444444444444444441
144444444444444444444444444444444444444444444444444444444444444444444444444444444444444444444444444441
144444444444444444444444444444444444444444444444444444444444444444444444444444444444444444444444444441
111111111111111111111111111111111111111111111111111111111111111111111111111111111111111111111111111111