111111111111111111111111111111111111111111111111111111111111111111111111111111111111111111111111111111
111111111111111111111111111111111111111111111111111111111111111111111111111181111111111111111111111111
111111111111111111111111111111111111111111111111111111888888888888888888888811000000000001111111111111
111111111111111111111111111111111111111111111888888888111111111111111111111110101111111110000000000011
111111111111111111111111111111111111111111888111111111111011111111111111111101110111111111111111110011
111111111111111111111111111111111111111188111111111111100101111111111111111011111011111111111111101011
111111111111111111111111111111111111888811111111111110011110111100001111110111111011111111111111011011
111111111111111111111111111111118888111111111111111110011111000011110111101111111101111111111110111011
111111111111111111111111111888881111111111111111111101101111011111111010011111111101111111111001111011
111111111111111111111111118111111111111111111111111011101111011111111101111111111001111111110111111011
111111111111111111111111811111111111111111111111110011101111101111111010011111100111111111101111111011
111111111111111111111181111111111111111111111000001011101111101111110111100000011111111111011111111011
111111111111111111118111111111111111110000000101111011101111101100000111111110100000111110111111111011
111111111111111111181111111111111111101111111101111011101111100011111001111101111111000001111111111011
111111111111111111811111111111111000011111111101111011101111101111111110010011111111011111111111111011
111111111111111181111111111111110111111111111110110111101111101111111111000111111110111111111111111011
111111111111111811111111111110001111111111111110000000000000001111111100111001111101111111111111111011
111111111111118111111111111001100000011111111110110111101111100111111011111110001011111111111111111011
111111111111811111111111110111101111101111111110110111101111101001110111111111110011111111111111111011
111111111118111111111111101111101111110000000000000000001111101110001111111111110111111111111111111011
111111111181111111111111000011101111111111111111110111101111101111101111111111101111111111111111111011
111111111811111111111000101100001111111111111111110111101111101111101111111111011111111111111111111011
111111118111111100000111101111100000000000011111110111101111101111011111111110111111111111111111111011
111111118111111011111111101111011111111111100000000000000000000010111111111101111111111111111111110011
111111118111110111111111101111011111111111111111111111111111111100111111111011111111111111111111101111
111111118111101111111111101111011111111111111111111111111111111110000011111011111111111111111110011111
111111181111011111111111101111011111111111111111111111111111111110111100010111111111111111000001111111
111111181100111111111111101111011111111111111111111111111111111110111111101111111001111110111111111111
111111181011111111111111101111011111111111111111111111111111111110111110010111111010000001111111111111
111111811101111111111111100000011111111111111111111111111111111111011101111011111010101111111111111111
111111811101111111111111101111011111111111111111111111111111111111101011111101111010101111111111111111
111111811110111111111111101111011111111111111111111111111111111111110111111110111010101111111111111111
111111811110111111111111101111011111111111111111111111111111111111101111111111011010101111111111111111
111118111110111111111111101111011111111111111111111111111111111111011111111111101010101111111111111111
111118111111011111111111101111011111111111111111111111111111111110111111111111110000101111111111111111
111118111111011111111111100000011111111111111111111111111111111110011111111111110000000000111111111111
111181111111011111111111101111011111111111111111111111111111111101100111111111101111111011011111111111
111181111111011111111111101111011111111111111111111111111111111011111011111110011111110111101111111111
111181111111010000000000001111011111111111111111111111111111111011111101000001111111110111110111111111
111181111111001111111111101111011111111111111111111111111111110111111000111111111111101111111011111111
111181111111011111111111101111011000000111111111111111111111101011110110111111111111101111111101111111
111181111111011111111111101111011011111000000000001111111111011101101101111111111111101111111110111111
111181111111101111111111101111011011111111111111010000000000111110011011111111111111101111111111011111
111181111111101111111111101111011011111111111111011111011110011110111011111111111111101111111111101111
111181111111101111111111101111011011111111111111011110111101100101111011111111111111101111111111110111
111181111111101111111111101111000000000000000000000110111011111011110111111111111111011111111111111011
111181111111101111111111101111111111111111111111011000111001110111110111111111111111011111111111111011
111181111111110111111111101111111111111111111111011110111010110111110111111111111110111111111111111011
111181111111111011111111101111111111111111111110111110110111001111101000000111111110111111111111111011
111181111111111101111111101111111111111111111110111101110111110111011111111001111110111111111111111011
111181111000000000000000000000000001111111111110111101110111111010111111111100000000111111111111111011
111181110111111101111111011111110110000111111110000011101111111100111111111011111011011111111111111011
111181001111111101111111011111111011111011111110111011101111111100111111111011111011100000000111110111
111181101111111101111111011111111011111011111110111011101111111100111111111011111011111111111011110111
111181110111111101111111011111111011111011111110111011101111111110111111111000000011111111111100001111
111181110111111101111111011111111011111000000000000111101111111111011111111011110111111111111111111111
111181111011111110111111011111111011111111111111110001101111111111100000001011101111111111111111111111
111181111101111110111111011111111011101111111111111110011111111111011111110111011111111111111111111111
111181111110111110111111101110000000001111111111111110111111111110111111110111011111111111111111111111
111181111110111110000000000001111111101111111111111101111111111110111111111011011111111111111111111111
111181111111011111111111101111111111101111111111111011111111111110111111111101011111111111111111111111
111118111111011111111111101111111111101111111111111011111111111101111111111110011111111111111111111111
111118111111011111111111101111111111101111111111111011111100011011111111111110011111111111111111111111
111118111111101111111111101111111111101111111111110011111101100111000000000000111111111111111111111111
111111811111101111111111101111111111101111111110001000011011110111011111111110111111111111111111111111
111111811111101111111111101111111111101111000001110111100111110110111111111110111111111111111111111111
111111811111101111111111101111111111100000101111110111110000101101111111111110111111111111111111111111
111111181111101111111111101111111111101111101111110111110111000011111111111111011111111111111111111111
111111181111101111111111100000000000001111101111110111110111111000000000000000001111111111111111111111
111111181111101111111111101111111111101111110000000111110111110111111011111111101111111111111111111111
111111181111110111111111101111111111101111111111110111110111110111111011111111101111111111111111111111
111111181111111011111111101111111111101111111111110111110111110111111011111111101111111111111111111111
111111118111111011111111101111111111101111111111110111110111101111110111111111101111111111111111111111
111111118111111101111111101111111111101111111111110111110111011111110111111111011111111111111111111111
111111118111111110111111101111111111101111111111110000000000000000110111111110111111111111111111111111
111111118111111110111111101000000000001111111111110111111111111111001111111101111111111111111111111111
111111111811111111011111100111111111111111111111110111111111111111111111111101111111111111111111111111
111111111811111111011111101111111111111111111111110111111111111111111111111101111111111111111111111111
111111111181111111011111101111111111111111111111110111111111111111111111111011111111111111111111111111
111111111181111111101111101111111111111100000000000011111111111111111111110011111111111111111111111111
111111111118111111101111110111111111111101101110110100000000110000000000001011111111111111111111111111
111111111111811111101111110111111111111101101110110111111111001111111111111011111111111111111111111111
111111111111181111110111110000000000111101101110110111111111111111111111111011111111111111111111111111
111111111111118111111010001110111110111101101110110111111111111111111111111011111111111111111111111111
111111111111111811111101111110111110000000000000110111111111111111111111111011111111111111111111111111
111111111111111181111110111110000001111110000000000000000000000000001111111011111111111111111111111111
111111111111111118111110111111111111111001111111111111111111111111110000000011111111111111111111111111
111111111111111111811111011111111111100111111111111111111111111111111111111111111111111111111111111111
111111111111111111181111010000000000011111111111111111111111111111111111111111111111111111111111111111
111111111111111111118111101111111111111111111111111111111111111111111111111111111111111111111111111111
111111111111111111111811111111111111111111111111111111111111111111111111111111111111111111111111111111
144444444444444444444444444444444444444444444444444444444444444444444444444444444444444444444444444441
144444444444444444444444444444444444444444444444444444444444444444444444444444444444444444444444444441
144444444444444444444444444444444444444444444444444444444444444444444444444444444444444444444444444441
144444444444444444444444444444444444444444444444444444444444444444444444444444444444444444444444444441
144444444444444444444444444444444444444444444444444444444444444444444444444444444444444444444444444441
144444444444444444444444444444444444444444444444444444444444444444444444444444444444444444444444444441
144444444444444444444444444444444444444444444444444444444444444444444444444444444444444444444444444441
144444444444444444444444444444444444444444444444444444444444444444444444444444444444444444444444444441
144444444444444444444444444444444444444444444444444444444444444444444444444444444444444444444444444441
144444444444444444444444444444444444444444444444444444444444444444444444444444444444444444444444444441
111111111111111111111111111111111111111111111111111111111111111111111111111111111111111111111111111111