111111111111111111111111111111111111111111111111111111111111111111111111111111111111111111111111111111
111111111111111111111111111111111118888888888888888888888888888888888888888881111111111111111111111111
111111111111111111111111118888888888888888888888888888888888888888888888888810000000000000111111111111
111111111111111111118888888888888888888888888888888888111111111111111111111101101111111111000000000011
111111111111111188888888888888888888888888888111111111100011111111111111111011101111111111111111110011
111111111111888888888888888888888888888888111111111111011101111111111111110111110111111111111111101011
111111111118888888888888888888888888888811111111111110111110111111101111101111111011111111111111011011
111111111888888888888888888888888888111111111111111110011111000000010111011111111011111111111110111011
111111188888888888888888888888881111111111111111111101011111011111111010111111111101111111111001111011
111111888888888888888888888111111111111111111111111011101111011111111101111111111001111111000111111011
111118888888888888888888811111111111111111111111100011101111101111111010111111110111111110111111111011
111118888888888888888881111111111111111111111100011011101111101111110111000000001111111101111111111011
111188888888888888888111111111111111111000000001111011101111101000000111111100110011110011111111111011
111188888888888888881111111111111111100111111101111011101111100111111011111011111100001111111111111011
111188888888888888811111111111111100011111111101110111101111101111111101110111111111011111111111111011
111888888888888881111111111111110011111111111110110111101111101111111110000000111110111111111111111011
111888888888888811111111111111100111111111111110000000000000001111111111011111001101111111111111111011
118888888888888111111111111100001011111111111110110111101111100011111100111111110101111111111111111011
118888888888811111111111111011101100011111111110110111101111101100010011111111111011111111111111111011
118888888888111111111111100111101111100000000000000000001111101111101111111111110111111111111111111011
188888888881111111111111000001101111111111111111110111101111101111101111111111101111111111111111111011
188888888811111111111110101110001111111111111111110111101111101111011111111111011111111111111111111011
188888888111111110000001101111100000000111111111110111101111101111011111111110111111111111111111111011
188888888111110001111111101111101111111000000000000000000000000000111111111101111111111111111111000011
188888888111101111111111101111101111111111111111111111111111111110111111111011111111111111111000111111
188888888111011111111111101111101111111111111111111111111111111110000001111011111111111111110111111111
188888881110111111111111101111101111111111111111111111111111111110111110010111111111111111101111111111
188888881101111111111111101111011111111111111111111111111111111110111111101111111011110000011111111111
188888881011111111111111101111011111111111111111111111111111111110111110010111111000001111111111111111
188888811011111111111111100000011111111111111111111111111111111111011101111011111010101111111111111111
188888811101111111111111101111011111111111111111111111111111111111101011111101111010101111111111111111
188888811101111111111111101111011111111111111111111111111111111111110111111110111010101111111111111111
188888811101111111111111101111011111111111111111111111111111111111101111111111001010101111111111111111
188888111110111111111111101111011111111111111111111111111111111111011111111111110010101111111111111111
188888111111011111111111100000011111111111111111111111111111111110111111111111111000101111111111111111
188888111111011111111111101111011111111111111111111111111111111101011111111111111110000001111111111111
188881111111011111111111101111011111111111111111111111111111111101100111111110000001111010111111111111
188881111111011111111111101111011111111111111111111111111111111101111011110001111111111011011111111111
188881111111010000000000001111011111111111111111111111111111111011111101001111111111111011101111111111
188881111111001111111111101111011111111111111111111111111111110111111110111111111111110111110111111111
188881111111101111111111101111011000000111111111111111111111101011110001111111111111101111111011111111
188881111111110111111111101111011011111000000000011111111111011100101101111111111111011111111101111111
188881111111111011111111101111011011111111111111000000000000111111011011111111111111011111111110111111
188881111111111011111111101111011011111111111111011111101101011110110111111111111110111111111111011111
188881111111111101111111101111011011111111111111011111011101101101110111111111111110111111111111100111
188881111111111101111111101111000000000000000000001110111011110011110111111111111110111111111111111011
188881111111111101111111101111111111111111111111010000111011111011110111111111111101111111111111110111
188881111111111101111111011111111111111111111111011110110100110111110000011111111101111111111111110111
188881111111111101111111011111111111111111111111011101110111001111101111100111111101111111111111110111
188881111111111101111111011111111111111111111111011011110111110111011111111001111101111111111111110111
188881111111100000000000000000000000111111111110011011110111111011011111111100000000001111111111110111
188881111000011101111111011111110111000111111110100011110111111100111111111101111101110001111111110111
188881000111111101111111011111110111111011111110111011101111111100111111111101111011111110001111110111
188881011111111101111111011111110111111011111110111011101111111100111111111101111011111111110011101111
188881011111111101111111011111110111111011111110111011101111111110111111111000000011111111111100001111
188881011111111101111111101111110111111000000000110111101111111111011111110111110111111111111111111111
188881011111111101111111101111110111111111111111000000011111111111100000000111110111111111111111111111
188881011111111101111111101111111011101111111111111111011111111111011111110111110111111111111111111111
188881011111111110111111101110000000001111111111111110111111111111011111110111110111111111111111111111
188881011111111110000000000001111111101111111111111110111111111110111111111011110111111111111111111111
188881101111111111111111101111111111101111111111111110111111111101111111111011110111111111111111111111
188888110111111111111111101111111111101111111111111101111111111101111111111011101111111111111111111111
188888111011111111111111101111111111101111111111111101111101111011111111111101011111111111111111111111
188888111101111111111111101111111111101111111111100011111010000111000000000000111111111111111111111111
188888811110111111111111101111111111101111111111010101111011110110111111111110111111111111111111111111
188888811111011111111111101111111111101100000000110110000111101101111111111110111111111111111111111111
188888811111011111111111101111111111101011101111110111110011101011111111111111011111111111111111111111
188888881111011111111111101111111111000111101111110111110100000011111111111111101111111111111111111111
188888881111011111111111100000000000101111110111110111110111111000000000000000001111111111111111111111
188888881111101111111111101111111111101111110000000111110111110111111101111111101111111111111111111111
188888881111110111111111101111111111101111111111110111110111101111111101111111011111111111111111111111
188888881111110111111111101111111111101111111111110111110111101111111101111110111111111111111111111111
188888888111111011111111101111111111101111111111110111110111101111111011111110111111111111111111111111
188888888111111101111111101111111111101111111111110111110111011111110111111101111111111111111111111111
188888888111111110111111101111111111101111111111110000000000000111101111111101111111111111111111111111
188888888111111110111111101110000000001111111111110111111111111000001111111101111111111111111111111111
188888888811111111011111100001111111111111111111110111111111111111111111111101111111111111111111111111
188888888811111111011111101111111111111111111111110111111111111111111111111101111111111111111111111111
188888888881111111011111101111111111111111111111110111111111111111111111111011111111111111111111111111
188888888881111111101111101111111111111100000000000111111111111111111111000011111111111111111111111111
188888888888111111101111101111111111111101101110110000011111111100000000111011111111111111111111111111
188888888888811111110111110111111111111101101110110111100000000011111111111011111111111111111111111111
188888888888881111111011110000000000111101101110110111111111111111111111111011111111111111111111111111
188888888888888111111011101110111110111101101110110111111111111111111111111011111111111111111111111111
188888888888888811111100011110000000000000000000110111111111111111111111111011111111111111111111111111
188888888888888881111110111110111111111111111100000000000000000000011111111011111111111111111111111111
188888888888888888111110111111111110000000000011111111111111111111100000000011111111111111111111111111
188888888888888888811111011111111101111111111111111111111111111111111111111111111111111111111111111111
188888888888888888881111011110000011111111111111111111111111111111111111111111111111111111111111111111
188888888888888888888111100001111111111111111111111111111111111111111111111111111111111111111111111111
188888888888888888888811111111111111111111111111111111111111111111111111111111111111111111111111111111
144444444444444444444444444444444444444444444444444444444444444444444444444444444444444444444444444441
144444444444444444444444444444444444444444444444444444444444444444444444444444444444444444444444444441
144444444444444444444444444444444444444444444444444444444444444444444444444444444444444444444444444441
144444444444444444444444444444444444444444444444444444444444444444444444444444444444444444444444444441
144444444444444444444444444444444444444444444444444444444444444444444444444444444444444444444444444441
144444444444444444444444444444444444444444444444444444444444444444444444444444444444444444444444444441
144444444444444444444444444444444444444444444444444444444444444444444444444444444444444444444444444441
144444444444444444444444444444444444444444444444444444444444444444444444444444444444444444444444444441
144444444444444444444444444444444444444444444444444444444444444444444444444444444444444444444444444441
144444444444444444444444444444444444444444444444444444444444444444444444444444444444444444444444444441
111111111111111111111111111111111111111111111111111111111111111111111111111111111111111111111111111111