111111111111111111111111111111111111111111111111111111111111111111111111111111111111111111111111111111
111111111111111111111111111111111111111111111111111111111111111111111111111181111111111111111111111111
111111111111111111111111111111111111111111111111111111888888888888888888888811000000000000000000001111
111111111111111111111111111111111111111111111888888888111111111111111111111110101111111111111111110011
111111111111111111111111111111111111111111888111111111100011111111111111111101101111111111111111101011
111111111111111111111111111111111111111188111111111111011101111111111111111011110111111111111111011011
111111111111111111111111111111111111888811111111111110111110111111001111110111110111111111111110111011
111111111111111111111111111111118888111111111111111110011111000000110111101111111011111111111101111011
111111111111111111111111111888881111111111111111111110011111011111111011011111111101111111111011111011
111111111111111111111111118111111111111111111111111101101111101111111100011111110001111111110111111011
111111111111111111111111811111111111111111111111000011101111101111111011100000101111111111101111111011
111111111111111111111181111111111111111111110000110111101111101111110111111111000011111110011111111011
111111111111111111118111111111111111110000001101110111101111101000001111111100111100010001111111111011
111111111111111111181111111111111111101111111101110111101111100111110011111011111111101111111111111011
111111111111111111811111111111111000011111111101110111101111101111111101110111111111011111111111111011
111111111111111181111111111111110111111111111110110111101111101111111110001111111110111111111111111011
111111111111111811111111111111100011111111111110000000000000000111111110110000011110111111111111111011
111111111111118111111111111100001101111111111110110111101111101001111001111111100101111111111111111011
111111111111811111111111110011101110111111111110110111101111101110110111111111111011111111111111111011
111111111118111111111111101111101111000000000000000000001111101111001111111111110111111111111111111011
111111111181111111111110000011101111111111111111110111101111101111101111111111101111111111111111111011
111111111811111111110001101100101111111111111111110111101111101111011111111111011111111111111111111011
111111118111111111001111101111000000000011111111110111101111101111011111111110111111111111111111111011
111111118111110000111111101111101111111100000000000000000000001111011111111101111111111111111111000011
111111118111101111111111101111101111111111111111111111111111110000111111111011111111111111111000111111
111111118111011111111111101111101111111111111111111111111111111110001111111011111111111111110111111111
111111181110111111111111101111101111111111111111111111111111111110110011110111111111111111101111111111
111111181101111111111111101111101111111111111111111111111111111110111100001111111001111100011111111111
111111181011111111111111101111101111111111111111111111111111111110111111010111111010000011111111111111
111111811101111111111111100111101111111111111111111111111111111111011110111011111010101111111111111111
111111811101111111111111101000011111111111111111111111111111111111101101111101111010101111111111111111
111111811101111111111111101111011111111111111111111111111111111111110011111110111010101111111111111111
111111811101111111111111101111011111111111111111111111111111111111101111111111011010101111111111111111
111118111101111111111111101111011111111111111111111111111111111111011111111111100010101111111111111111
111118111101111111111111101111011111111111111111111111111111111110111111111111111000101111111111111111
111118111101111111111111100000011111111111111111111111111111111101001111111111000000000001111111111111
111181111101111111111111101111011111111111111111111111111111111101110111111100111111111010011111111111
111181111110111111111111101111011111111111111111111111111111111101111011111011111111111011101111111111
111181111111011000000000001111011111111111111111111111111111111011111101110111111111111011110111111111
111181111111000111111111101111011111111111111111111111111111110011111100001111111111111011111011111111
111181111111011111111111101111011000000000011111111111111111101101111001111111111111111011111101111111
111181111111101111111111101111011011111111100000001111111111011110110101111111111111110111111110111111
111181111111110111111111011111011011111111111111010000000000111111001011111111111111110111111111011111
111181111111110111111111011111011011111111111111011111101101011110110111111111111111101111111111101111
111181111111110111111111011111011011111111111111011111011101100101110111111111111111101111111111110111
111181111111110111111111011111000000000000000000000110111101111011110111111111111111011111111111111011
111181111111110111111111011111111111111111111111011000111011110111110111111111111111011111111111111011
111181111111110111111111011111111111111111111111011101111000110111110001111111111110111111111111110111
111181111111111011111111011111111111111111111111011101111011001111101110111111111110111111111111110111
111181111111111011111111011111111111111111111110111101110111110111101111000000001110111111111111110111
111181111111111000000000000000000111111111111110111101110111111011101111111011110001111111111111110111
111181111111100101111111011111110000011111111110000011101111111101011111111011111100011111111111110111
111181000000011101111111011111110111100011111110111011101111111100111111111011111011100000111111101111
111181011111111101111111101111110111111011111110110111101111111110111111111011111011111111000011101111
111181101111111101111111101111110111111011111110110111101111111110111111111000000011111111111100001111
111181110111111101111111101111110111111000000000010111101111111111011111111011111011111111111111111111
111181111011111110111111101111111011111111111111100111101111111111100000111011110111111111111111111111
111181111011111110111111101111111011101111111111111000011111111111011111000111110111111111111111111111
111181111101111110111111101111111000001111111111111110111111111111011111110111110111111111111111111111
111181111101111110000000000000000111101111111111111110111111111110111111110111110111111111111111111111
111181111110111111111111101111111111101111111111111101111111111101111111111011110111111111111111111111
111118111111011111111111101111111111101111111111111011111111111101111111111011101111111111111111111111
111118111111011111111111101111111111101111111111111011111101111011111111111101011111111111111111111111
111118111111101111111111101111111111101111111111111001111010000111000000000000111111111111111111111111
111111811111101111111111101111111111101111111000000010010111101110111111111111011111111111111111111111
111111811111110111111111101111111111101111000111111011100111011101111111111111101111111111111111111111
111111811111110111111111101111111111100000011111111011110001011101111111111111101111111111111111111111
111111181111111011111111101111000000001111101111110111110110011011111111111111101111111111111111111111
111111181111111101111111100000111111101111101111110111110111100000000000000000001111111111111111111111
111111181111111101111111101111111111101111110000000111110111110111111101111111101111111111111111111111
111111181111111110111111101111111111101111111111110111110111110111111011111111101111111111111111111111
111111181111111110111111101111111111101111111111110111110111110111111011111111011111111111111111111111
111111118111111110111111101111111111101111111111110111110111101111110111111111011111111111111111111111
111111118111111111011111101111111111101111111111110111110111101111110111111110111111111111111111111111
111111118111111111011111101111111111101111111111110000000000000111101111111101111111111111111111111111
111111118111111111011111101111111111101111111111110111111111111000001111111011111111111111111111111111
111111111811111111011111100000000000011111111111110111111111111111111111111011111111111111111111111111
111111111811111111101111101111111111111111111111110111111111111111111111111011111111111111111111111111
111111111181111111110111101111111111111111111111110111111111111111111111111011111111111111111111111111
111111111181111111110111110111111111111100000000000000111111111111110000000011111111111111111111111111
111111111118111111110111110111111111111101101110110111000000111111001111111011111111111111111111111111
111111111111811111111011110111111111111101101110110111111111000000111111111011111111111111111111111111
111111111111181111111011110000000000111101101110110111111111111111111111111011111111111111111111111111
111111111111118111111011101110111111011101101110110111111111111111111111111011111111111111111111111111
111111111111111811111100011110111110000000000000110111111111111111111111111011111111111111111111111111
111111111111111181111101111110000001111111111110000000000000000000000011111011111111111111111111111111
111111111111111118111101111111000000000000000001111111111111111111111100000011111111111111111111111111
111111111111111111811110111110111111111111111111111111111111111111111111111111111111111111111111111111
111111111111111111181111011001111111111111111111111111111111111111111111111111111111111111111111111111
111111111111111111118111100111111111111111111111111111111111111111111111111111111111111111111111111111
111111111111111111111811111111111111111111111111111111111111111111111111111111111111111111111111111111
144444444444444444444444444444444444444444444444444444444444444444444444444444444444444444444444444441
144444444444444444444444444444444444444444444444444444444444444444444444444444444444444444444444444441
144444444444444444444444444444444444444444444444444444444444444444444444444444444444444444444444444441
144444444444444444444444444444444444444444444444444444444444444444444444444444444444444444444444444441
144444444444444444444444444444444444444444444444444444444444444444444444444444444444444444444444444441
144444444444444444444444444444444444444444444444444444444444444444444444444444444444444444444444444441
144444444444444444444444444444444444444444444444444444444444444444444444444444444444444444444444444441
144444444444444444444444444444444444444444444444444444444444444444444444444444444444444444444444444441
144444444444444444444444444444444444444444444444444444444444444444444444444444444444444444444444444441
144444444444444444444444444444444444444444444444444444444444444444444444444444444444444444444444444441
111111111111111111111111111111111111111111111111111111111111111111111111111111111111111111111111111111