111111111111111111111111111111111111111111111111111111111111111111111111111111111111111111111111111111
111111111111111111111111111111111111111111111111111111111111111111111111111181111111111111111111111111
111111111111111111111111111111111111111111111111111111888888888888888888888811000000000000000000001111
111111111111111111111111111111111111111111111888888888111111111111111111111110011111111111111111110011
111111111111111111111111111111111111111111888111111111111011111111111111111101011111111111111111101011
111111111111111111111111111111111111111188111111111111100101111111111111111011101111111111111111011011
111111111111111111111111111111111111888811111111111110011110111100001111100111110111111111111110111011
111111111111111111111111111111118888111111111111111101011111000011110111011111111011111111111101111011
111111111111111111111111111888881111111111111111111101011111101111111010111111111011111111111011111011
111111111111111111111111118111111111111111111111111101101111101111111100011111111001111111110111111011
111111111111111111111111811111111111111111111111100011101111101111111011100000100111111110001111111011
111111111111111111111181111111111111111110000000011011101111101111110111111111000111111101111111111011
111111111111111111118111111111111111111001111101111011101111101110000001111110111000011011111111111011
111111111111111111181111111111111111110111111101111011101111100001111110111101111111100111111111111011
111111111111111111811111111111111111001111111101111011101111101111111111011011111111011111111111111011
111111111111111181111111111111110000111111111110110111101111101111111111100111111110111111111111111011
111111111111111811111111111111101111111111111110000000000000001111111111011011111101111111111111111011
111111111111118111111111111111000111111111111110110111101111100111111000111101111101111111111111111011
111111111111811111111111111100101000111111111110110111101111101000110111111110000011111111111111111011
111111111118111111111110000001101111000000000000000000001111101111001111111111110111111111111111111011
111111111181111111111001101110101111111111111111110111101111101111101111111111101111111111111111111011
111111111811111111100111101111001111111111111111110111101111101111011111111111011111111111111111111011
111111118111111111011111101111100000000011111111110111101111101110111111111110111111111111111111111011
111111118111111000111111101111101111111100000000000000000000000000111111111101111111111111111111110011
111111118111110111111111101111101111111111111111111111111111111110011111111011111111111111100000001111
111111118111001111111111101111101111111111111111111111111111111110100000110111111111111111011111111111
111111181110111111111111101111101111111111111111111111111111111110111111001111111111111100111111111111
111111181101111111111111101111101111111111111111111111111111111110111111101111111011110011111111111111
111111181011111111111111101111101111111111111111111111111111111110111111010011111000001111111111111111
111111811101111111111111100011101111111111111111111111111111111111011110111101111010101111111111111111
111111811101111111111111101100011111111111111111111111111111111111101101111110111010101111111111111111
111111811101111111111111101111011111111111111111111111111111111111110011111111011010101111111111111111
111111811101111111111111101111011111111111111111111111111111111111101111111111101010101111111111111111
111118111101111111111111101111011111111111111111111111111111111111011111111111110010101111111111111111
111118111101111111111111100001011111111111111111111111111111111110111111111111111010101111111111111111
111118111110111111111111101110011111111111111111111111111111111110011111111111111100000000111111111111
111181111111011111111111101111011111111111111111111111111111111110101111111111000011111101011111111111
111181111111011111111111101111011111111111111111111111111111111101110111111110111111111011101111111111
111181111111011111111111101111011111111111111111111111111111111011111011111001111111110111110111111111
111181111111000000000000011111011111111111111111111111111111110111111100000111111111101111111011111111
111181111111101111111111011111011000000000000000111111111111101001111100111111111111011111111101111111
111181111111110111111111011111011011111111111111000000011111011110110001111111111111011111111110111111
111181111111110111111111011111011011111111111111011111100000011111001101111111111111011111111111011111
111181111111111011111111011111011011111111111111011111101101101110111011111111111111011111111111101111
111181111111111011111111011111011011111111111111011111011101110101111011111111111110111111111111110111
111181111111111011111111011111000000000000000000001110111011111011111011111111111110111111111111111011
111181111111111101111111011111111111111111111110110000111011110111111011111111111110111111111111110111
111181111111111101111111011111111111111111111110111101110100001111110000111111111110111111111111110111
111181111111111101111111011111111111111111111110111101110111101111101111000111111101111111111111110111
111181111111111101111111011111111111111111111110111011110111110111101111111001111101111111111111110111
111181111111000000000000000000000111111111111110111011110111111011101111111100000000011111111111110111
111181111000111110111111011111110001111111111110000011110111111101011111111011111011100111111111110111
111181000111111110111111011111110110000011111110111011101111111110011111111011111011111000111111110111
111181101111111110111111011111110111111011111110110111101111111110011111111011111011111111011111101111
111181101111111110111111011111110111111011111110110111101111111110111111111000000011111111100000001111
111181101111111110111111101111110111111000000000010111101111111111011111110111111011111111111111111111
111181101111111110111111101111110111111111111111100000011111111111100000010111110111111111111111111111
111181101111111110111111101111111010001111111111111111011111111111011111100111110111111111111111111111
111181110111111110111111101110000001101111111111111110111111111110111111110111101111111111111111111111
111181111011111110000000000001111111101111111111111110111111111101111111111011011111111111111111111111
111181111011111111111111101111111111101111111111111110111111111101111111111100111111111111111111111111
111118111101111111111111101111111111101111111111111101111111111101111111111100111111111111111111111111
111118111101111111111111101111111111101111111111111101111100011011111111111110111111111111111111111111
111118111110111111111111101111111111101111111111100011111101100111000000000000111111111111111111111111
111111811110111111111111101111111111101111111110011001111011110111011111111110111111111111111111111111
111111811111011111111111101111111111101111000001111010110111110110111111111110111111111111111111111111
111111811111011111111111101111111111101110101111111011000000101101111111111110111111111111111111111111
111111181111101111111111101110000000000001101111110111110111011101111111111111011111111111111111111111
111111181111101111111111100001111111101111110111110111110111100000000000000000001111111111111111111111
111111181111110111111111101111111111101111110000000111110111111011111101111111011111111111111111111111
111111181111111011111111101111111111101111111111110111110111111011111011111111011111111111111111111111
111111181111111101111111101111111111101111111111110111110111110111110111111110111111111111111111111111
111111118111111101111111101111111111101111111111110111110111110111110111111110111111111111111111111111
111111118111111110111111101111111111101111111111110111110111101111101111111110111111111111111111111111
111111118111111111011111101111111111101111111111110000000000001111101111111110111111111111111111111111
111111118111111111011111100000000000001111111111110111111111110000001111111101111111111111111111111111
111111111811111111011111101111111111111111111111110111111111111111111111111101111111111111111111111111
111111111811111111011111101111111111111111111111110111111111111111111111111101111111111111111111111111
111111111181111111101111110111111111111111111111110111111111111111111111111101111111111111111111111111
111111111181111111110111110111111111111100000000000011111111111111111000000011111111111111111111111111
111111111118111111111011110111111111111101101110110100001111111000000111111011111111111111111111111111
111111111111811111111011110111111111111101101110110111110000000111111111111011111111111111111111111111
111111111111181111111011100000000000111101101110110111111111111111111111111011111111111111111111111111
111111111111118111111100011110111110111101101110110111111111111111111111111011111111111111111111111111
111111111111111811111101111110111000000000000000110111111111111111111111111011111111111111111111111111
111111111111111181111101111110000111111111111110000011111111111111111111111011111111111111111111111111
111111111111111118111110111111111111111000000001111100000000000000000000000011111111111111111111111111
111111111111111111811110111111100000000111111111111111111111111111111111111111111111111111111111111111
111111111111111111181111011111011111111111111111111111111111111111111111111111111111111111111111111111
111111111111111111118111100000111111111111111111111111111111111111111111111111111111111111111111111111
111111111111111111111811111111111111111111111111111111111111111111111111111111111111111111111111111111
144444444444444444444444444444444444444444444444444444444444444444444444444444444444444444444444444441
144444444444444444444444444444444444444444444444444444444444444444444444444444444444444444444444444441
144444444444444444444444444444444444444444444444444444444444444444444444444444444444444444444444444441
144444444444444444444444444444444444444444444444444444444444444444444444444444444444444444444444444441
144444444444444444444444444444444444444444444444444444444444444444444444444444444444444444444444444441
144444444444444444444444444444444444444444444444444444444444444444444444444444444444444444444444444441
144444444444444444444444444444444444444444444444444444444444444444444444444444444444444444444444444441
144444444444444444444444444444444444444444444444444444444444444444444444444444444444444444444444444441
144444444444444444444444444444444444444444444444444444444444444444444444444444444444444444444444444441
144444444444444444444444444444444444444444444444444444444444444444444444444444444444444444444444444441
111111111111111111111111111111111111111111111111111111111111111111111111111111111111111111111111111111