111111111111111111111111111111111111111111111111111111111111111111111111111111111111111111111111111111
111111111111111111111111111111111118888888888888888888888888888888888888888881111111111111111111111111
111111111111111111111111118888888888888888888888888888888888888888888888888811000000000011111111111111
111111111111111111118888888888888888888888888888888888111111111111111111111100101111111100000000000011
111111111111111188888888888888888888888888888111111111111011111111111111111011101111111111111111110011
111111111111888888888888888888888888888888111111111111000101111111111111110111110111111111111111101011
111111111118888888888888888888888888888811111111111110111110111111001111101111110111111111111110011011
111111111888888888888888888888888888111111111111111110111111000000110111011111110111111111111101111011
111111188888888888888888888888881111111111111111111101011111011111111010111111111011111111111011111011
111111888888888888888888888111111111111111111111111101101111011111111100011111111001111111100111111011
111118888888888888888888811111111111111111111110000011101111011111111011100011100111111111011111111011
111118888888888888888881111111111111111110000001111011101111011111110111111100001111111110111111111011
111188888888888888888111111111111111111001111101111011101111101111100111111110110000111101111111111011
111188888888888888881111111111111111110111111101111011101111100000011011111001111111000011111111111011
111188888888888888811111111111111110001111111101111011101111101111111101110111111111011111111111111011
111888888888888881111111111111111001111111111110110111101111101111111110001111111110111111111111111011
111888888888888811111111111110000001111111111110000000000000000111111111010001111101111111111111111011
118888888888888111111111111101101110111111111110110111101111101000111100111110011101111111111111111011
118888888888811111111111110011101111011111111110110111101111101111011011111111100011111111111111111011
118888888888111111111110001111101111100000000000000000001111101111100111111111110111111111111111111011
188888888881111111111101100011101111111111111111110111101111101111101111111111101111111111111111111011
188888888811111111111011101100101111111111111111110111101111101111101111111111011111111111111111111011
188888888111111111100111101111000000111111111111110111101111101111011111111110111111111111111111111011
188888888111111110011111101111101111000000000000000000000000001111011111111101111111111111111111000011
188888888111111001111111101111101111111111111111111111111111110000011111111011111111111111111100111111
188888888111110111111111101111101111111111111111111111111111111110100111110111111111111111100011111111
188888881111001111111111101111101111111111111111111111111111111110111001110111111111111111011111111111
188888881100111111111111101111101111111111111111111111111111111110111110000111111001111110111111111111
188888881011111111111111101111101111111111111111111111111111111110111111011011111010000001111111111111
188888811101111111111111101111101111111111111111111111111111111111011110111101111010101111111111111111
188888811101111111111111100000011111111111111111111111111111111111101101111110111010101111111111111111
188888811110111111111111101111011111111111111111111111111111111111110011111111011010101111111111111111
188888811110111111111111101111011111111111111111111111111111111111101111111111101010101111111111111111
188888111110111111111111101111011111111111111111111111111111111111011111111111110010101111111111111111
188888111110111111111111100011011111111111111111111111111111111110011111111111111010101111111111111111
188888111111011111111111101100011111111111111111111111111111111101101111111111111100000001111111111111
188881111111011111111111101111011111111111111111111111111111111101110111111111111011111010111111111111
188881111111011111111111101111011111111111111111111111111111111101111011111111000111111011011111111111
188881111111011111110000001111011111111111111111111111111111111011111101100000111111111011101111111111
188881111111000000001111101111011111111111111111111111111111110011111110011111111111111011110111111111
188881111111011111111111101111011000011111111111111111111111101101111100111111111111111011111011111111
188881111111011111111111101111011011100000000000011111111111011110110010111111111111110111111101111111
188881111111011111111111101111011011111111111111000000000000011111001110111111111111110111111110111111
188881111111101111111111101111011011111111111111011111101101101110111110111111111111101111111111011111
188881111111101111111111011111011011111111111111011111011101110101111110111111111111101111111111100111
188881111111101111111111011111000000000000000000011110111101111011111101111111111111011111111111111011
188881111111101111111111011111111111111111111111000000111001110111111011111111111111011111111111111011
188881111111110111111111011111111111111111111110111101110110101111110001111111111110111111111111110111
188881111111111011111111011111111111111111111110111101110111001111101110111111111101111111111111110111
188881111111111101111111011111111111111111111110111011110111110111011111000000000001111111111111101111
188881111110000000000000000000000000111111111110001011110111110111011111111101111100000011111111101111
188881111001111101111111011111111011011111111110110011110111111011011111111101111101111100111111101111
188881000111111101111111011111111011100011111110110111110111111101011111111101111101111111011111101111
188881101111111101111111101111111011111011111110110111110111111100111111111011111011111111100001101111
188881101111111110111111101111111011111011111110110111101111111110111111111000000011111111111110001111
188881101111111110111111101111111011111000000000000111101111111111011111111011110111111111111111111111
188881101111111110111111101111111011111111111111110001101111111111100000011011110111111111111111111111
188881110111111110111111101111111011101111111111111110011111111111011111100111110111111111111111111111
188881111011111110111111101111000000001111111111111110111111111111011111111011101111111111111111111111
188881111101111110000000000000111111101111111111111101111111111110111111111011101111111111111111111111
188881111110111111111111101111111111101111111111111101111111111110111111111101101111111111111111111111
188888111111011111111111101111111111101111111111111101111111111101111111111110011111111111111111111111
188888111111101111111111101111111111101111111111111101111100011011111111111110011111111111111111111111
188888111111101111111111101111111111101111111111110001111101100111000000000000111111111111111111111111
188888811111101111111111101111111111101111111111101010011011101110111111111110111111111111111111111111
188888811111110111111111101111111111101100000000011011100111011101111111111110111111111111111111111111
188888811111110111111111101111111111100011011111110111110000011101111111111111011111111111111111111111
188888881111111011111111101111111111001111011111110111110111011101111111111111011111111111111111111111
188888881111111101111111100000000000101111101111110111110111100000000000000000001111111111111111111111
188888881111111110111111101111111111101111110000000111110111110111111011111111101111111111111111111111
188888881111111111011111101111111111101111111111110111110111110111111011111111011111111111111111111111
188888881111111111011111101111111111101111111111110111110111101111110111111111011111111111111111111111
188888888111111111011111101111111111101111111111110111110111101111110111111111011111111111111111111111
188888888111111111101111101111111111101111111111110111110111011111110111111111011111111111111111111111
188888888111111111101111101111111111101111111111110000000000011111101111111111011111111111111111111111
188888888111111111101111100000000000001111111111110111111111100000001111111111011111111111111111111111
188888888811111111110111101111111111111111111111110111111111111111111111111110111111111111111111111111
188888888811111111111011101111111111111111111111110111111111111111111111111101111111111111111111111111
188888888881111111111011101111111111111111111111110111111111111111111111111011111111111111111111111111
188888888881111111111011101111111111111100000000000000001111111111111111100011111111111111111111111111
188888888888111111111011110111111111111101101110110111110011110000000000011011111111111111111111111111
188888888888811111111011110111111111111101101110110111111100001111111111111011111111111111111111111111
188888888888881111111011110000000000111101101110110111111111111111111111111011111111111111111111111111
188888888888888111111100001110111110111101101110110111111111111111111111111011111111111111111111111111
188888888888888811111101111110111000000000000000110111111111111111111111111011111111111111111111111111
188888888888888881111101111110000111111111100000000000000111111111111111111011111111111111111111111111
188888888888888888111101111111111000000000011111111111111000000000000000000011111111111111111111111111
188888888888888888811110111000000111111111111111111111111111111111111111111111111111111111111111111111
188888888888888888881111010111111111111111111111111111111111111111111111111111111111111111111111111111
188888888888888888888111101111111111111111111111111111111111111111111111111111111111111111111111111111
188888888888888888888811111111111111111111111111111111111111111111111111111111111111111111111111111111
144444444444444444444444444444444444444444444444444444444444444444444444444444444444444444444444444441
144444444444444444444444444444444444444444444444444444444444444444444444444444444444444444444444444441
144444444444444444444444444444444444444444444444444444444444444444444444444444444444444444444444444441
144444444444444444444444444444444444444444444444444444444444444444444444444444444444444444444444444441
144444444444444444444444444444444444444444444444444444444444444444444444444444444444444444444444444441
144444444444444444444444444444444444444444444444444444444444444444444444444444444444444444444444444441
144444444444444444444444444444444444444444444444444444444444444444444444444444444444444444444444444441
144444444444444444444444444444444444444444444444444444444444444444444444444444444444444444444444444441
144444444444444444444444444444444444444444444444444444444444444444444444444444444444444444444444444441
144444444444444444444444444444444444444444444444444444444444444444444444444444444444444444444444444441
111111111111111111111111111111111111111111111111111111111111111111111111111111111111111111111111111111