111111111111111111111111111111111111111111111111111111111111111111111111111111111111111111111111111111
111111111111111111111111111111111118888888888888888888888888888888888888888881111111111111111111111111
111111111111111111111111118888888888888888888888888888888888888888888888888811000111111111111111111111
111111111111111111118888888888888888888888888888888888111111111111111111111110101000000000000000000011
111111111111111188888888888888888888888888888111111111111011111111111111111101110111111111111111110011
111111111111888888888888888888888888888888111111111111000101111111111111111011110111111111111111101011
111111111118888888888888888888888888888811111111111110111110110000001111110111111011111111111111011011
111111111888888888888888888888888888111111111111111101011111001111110111101111111101111111111110111011
111111188888888888888888888888881111111111111111111101011111011111111011011111111101111111111001111011
111111888888888888888888888111111111111111111111111101101111011111111100001111111101111111000111111011
111118888888888888888888811111111111111111111111000011101111011111111011110111110011111110111111111011
111118888888888888888881111111111111111111100000111011101111101111110111111000001111111101111111111011
111188888888888888888111111111111111111000011110110111101111101100001111111110110001111011111111111011
111188888888888888881111111111111111100111111110110111101111100011110001111101111110000111111111111011
111188888888888888811111111111111111011111111110110111101111101111111110011011111111011111111111111011
111888888888888881111111111111110000111111111110110111101111101111111111000011111111011111111111111011
111888888888888811111111111111101111111111111110000000000000001111111110111100011110111111111111111011
118888888888888111111111111000000011111111111110110111101111100001111001111111100101111111111111111011
118888888888811111111111110111101101111111111110110111101111101110010111111111111011111111111111111011
118888888888111111111111001111101110000000000000000000001111101111101111111111110111111111111111111011
188888888881111111111110100111101111111111111111110111101111101111101111111111101111111111111111111011
188888888811111111111101101000001111111111111111110111101111101111101111111111011111111111111111111011
188888888111111111111011101111100000000111111111110111101111101111101111111110111111111111111111111011
188888888111111111110111101111101111111000000000000000000000000111011111111101111111111111111111111011
188888888111111110001111101111101111111111111111111111111111111000111111111011111111111111111111000111
188888888111111101111111101111101111111111111111111111111111111110000001110111111111111111111100111111
188888881111110011111111101111101111111111111111111111111111111110111110110111111111111110000011111111
188888881100001111111111101111101111111111111111111111111111111110111111001111111011110001111111111111
188888881011111111111111101111101111111111111111111111111111111110111110110111111000001111111111111111
188888811101111111111111100111011111111111111111111111111111111111011101111011111010101111111111111111
188888811101111111111111101000011111111111111111111111111111111111101011111101111010101111111111111111
188888811110111111111111101111011111111111111111111111111111111111110111111110111010101111111111111111
188888811110111111111111101111011111111111111111111111111111111111101111111111011010101111111111111111
188888111110111111111111101111011111111111111111111111111111111111011111111111101010101111111111111111
188888111110111111111111100000011111111111111111111111111111111110111111111111110010101111111111111111
188888111110111111111111101111011111111111111111111111111111111101011111111111111100000001111111111111
188881111110111111111111101111011111111111111111111111111111111011101111111111111101111010111111111111
188881111110111111111111101111011111111111111111111111111111111011110111110000000011111011011111111111
188881111110111111111111101111011111111111111111111111111111110111111001101111111111111011101111111111
188881111111000000000000001111011111111111111111111111111111110111111110011111111111111011110111111111
188881111111011111111111101111011000000000000011111111111111101001111101111111111111110111111001111111
188881111111011111111111101111011011111111111100000000011111011110100001111111111111101111111110111111
188881111111101111111111101111011011111111111111011111100000111111011011111111111111101111111111011111
188881111111101111111111101111011011111111111111011111011110001110111011111111111111101111111111101111
188881111111110111111111011111011011111111111111011110111101110101111011111111111111011111111111110111
188881111111111011111111011111000000000000000000011110111011111011111011111111111111011111111111111011
188881111111111011111111011111111111111111111111000000111000110111111011111111111111011111111111111011
188881111111111101111111011111111111111111111111011110111011001111110000001111111110111111111111111011
188881111111111101111111011111111111111111111110111101111011101111110111110011111110111111111111111011
188881111111111101111111011111111111111111111110111011110111110111110111111101111101111111111111111011
188881111111000000000000000000000001111111111110000011110111110111110111111100000001111111111111111011
188881110000111101111111011111110110001111111110111011110111111011110111111101111100111111111111110111
188881001111111101111111011111110111110011111110111011110111111101101111111101111101000011111111101111
188881101111111101111111011111110111111011111110111011110111111110011111111011111101111100000011101111
188881110111111101111111011111111011111011111110111011110111111110111111111000000011111111111100001111
188881111011111101111111101111111011111000000000001011101111111111011111111011110111111111111111111111
188881111101111101111111101111111011111111111111110011101111111111100111110111110111111111111111111111
188881111101111101111111101111111000001111111111111100011111111111011000000111110111111111111111111111
188881111101111101111111101111111011101111111111111111011111111110111111111011101111111111111111111111
188881111110111110000000000000000111101111111111111111011111111101111111111101101111111111111111111111
188881111111011111111111101111111111101111111111111110111111111011111111111101011111111111111111111111
188888111111101111111111101111111111101111111111111101111111111011111111111101011111111111111111111111
188888111111101111111111101111111111101111111111111101111101111011111111111100111111111111111111111111
188888111111101111111111101111111111101111111111100011111010000111000000000000111111111111111111111111
188888811111101111111111101111111111101111111100011001111011101110111111111110111111111111111111111111
188888811111110111111111101111111111101111000011111010010111011101111111111110111111111111111111111111
188888811111111011111111101111111111101100101111111011100000011011111111111111011111111111111111111111
188888881111111011111111101100000000000011110111110111110111001011111111111111101111111111111111111111
188888881111111101111111100011111111101111110111110111110111110000000000000000001111111111111111111111
188888881111111110111111101111111111101111110000000111110111110111111101111111011111111111111111111111
188888881111111110111111101111111111101111111111110111110111110111111101111110111111111111111111111111
188888881111111110111111101111111111101111111111110111110111101111111011111110111111111111111111111111
188888888111111110111111101111111111101111111111110111110111101111110111111101111111111111111111111111
188888888111111111011111101111111111101111111111110111110111011111101111111101111111111111111111111111
188888888111111111101111101111111111101111111111110000000000011111101111111101111111111111111111111111
188888888111111111101111101111100000001111111111110111111111100000001111111101111111111111111111111111
188888888811111111110111100000011111111111111111110111111111111111111111111101111111111111111111111111
188888888811111111111011110111111111111111111111110111111111111111111111111011111111111111111111111111
188888888881111111111011110111111111111111111111110111111111111111111111111011111111111111111111111111
188888888881111111111011110111111111111100000000000000111111111111111111111011111111111111111111111111
188888888888111111111011110111111111111101101110110111011111111110000000000011111111111111111111111111
188888888888811111111011110111111111111101101110110111100000000001111111111011111111111111111111111111
188888888888881111111011100000000000111101101110110111111111111111111111111011111111111111111111111111
188888888888888111111011011110111110111101101110110111111111111111111111111011111111111111111111111111
188888888888888811111100111110110000000000000000110111111111111111111111111011111111111111111111111111
188888888888888881111101111110001111111111100000000000000000000000000000000011111111111111111111111111
188888888888888888111110111111111100000000011111111111111111111111111111111011111111111111111111111111
188888888888888888811111011111110011111111111111111111111111111111111111111111111111111111111111111111
188888888888888888881111011100001111111111111111111111111111111111111111111111111111111111111111111111
188888888888888888888111100011111111111111111111111111111111111111111111111111111111111111111111111111
188888888888888888888811111111111111111111111111111111111111111111111111111111111111111111111111111111
144444444444444444444444444444444444444444444444444444444444444444444444444444444444444444444444444441
144444444444444444444444444444444444444444444444444444444444444444444444444444444444444444444444444441
144444444444444444444444444444444444444444444444444444444444444444444444444444444444444444444444444441
144444444444444444444444444444444444444444444444444444444444444444444444444444444444444444444444444441
144444444444444444444444444444444444444444444444444444444444444444444444444444444444444444444444444441
144444444444444444444444444444444444444444444444444444444444444444444444444444444444444444444444444441
144444444444444444444444444444444444444444444444444444444444444444444444444444444444444444444444444441
144444444444444444444444444444444444444444444444444444444444444444444444444444444444444444444444444441
144444444444444444444444444444444444444444444444444444444444444444444444444444444444444444444444444441
144444444444444444444444444444444444444444444444444444444444444444444444444444444444444444444444444441
111111111111111111111111111111111111111111111111111111111111111111111111111111111111111111111111111111