111111111111111111111111111111111111111111111111111111111111111111111111111111111111111111111111111111
111111111111111111111111111111111111111111111111111111111111111111111111111181111111111111111111111111
111111111111111111111111111111111111111111111111111111888888888888888888888811000000001111111111111111
111111111111111111111111111111111111111111111888888888111111111111111111111110101111110000000000000011
111111111111111111111111111111111111111111888111111111111011111111111111111101101111111111111111110011
111111111111111111111111111111111111111188111111111111100101111111111111111011101111111111111111101011
111111111111111111111111111111111111888811111111111110011110111110001111110111110111111111111110011011
111111111111111111111111111111118888111111111111111100111111000001110111101111110111111111111101111011
111111111111111111111111111888881111111111111111111101011111011111111010011111111011111111111011111011
111111111111111111111111118111111111111111111111111011101111011111111101111111111001111110000111111011
111111111111111111111111811111111111111111111110000011101111011111111010000111100111111101111111111011
111111111111111111111181111111111111111111111001111011101111011111110111111000000111111011111111111011
111111111111111111118111111111111111111000000101111011101111101111001111111110111001110111111111111011
111111111111111111181111111111111111000111111110111011101111100000110111111001111110001111111111111011
111111111111111111811111111111111110111111111110110111101111101111111001110111111111011111111111111011
111111111111111181111111111111111101111111111110110111101111101111111110001111111111011111111111111011
111111111111111811111111111111100011111111111110000000000000000011111110010111111110111111111111111011
111111111111118111111111111111000011111111111110110111101111101101111101111001111101111111111111111011
111111111111811111111111110000101100011111111110110111101111101110111011111110000011111111111111111011
111111111118111111111111101111101111100000000000000000001111101111000111111111110111111111111111111011
111111111181111111111110000111101111111111111111110111101111101111011111111111101111111111111111111011
111111111811111111111101101001101111111111111111110111101111101111011111111111011111111111111111111011
111111118111111111100011101110000000000011111111110111101111101111011111111110111111111111111111111011
111111118111111111011111101111101111111100000000000000000000000110111111111101111111111111111111100011
111111118111110000111111101111101111111111111111111111111111111000001111111011111111111111110000011111
111111118111101111111111101111101111111111111111111111111111111110110111110111111111111111001111111111
111111181111011111111111101111101111111111111111111111111111111110111000001111111111111000111111111111
111111181100111111111111101111101111111111111111111111111111111110111111101111111011110111111111111111
111111181011111111111111101111101111111111111111111111111111111110111110010111111000001111111111111111
111111811011111111111111101111101111111111111111111111111111111111011101111011111010101111111111111111
111111811011111111111111100000011111111111111111111111111111111111101011111101111010101111111111111111
111111811011111111111111101111011111111111111111111111111111111111110111111110111010101111111111111111
111111811101111111111111101111011111111111111111111111111111111111101111111111001010101111111111111111
111118111101111111111111101111011111111111111111111111111111111111011111111111110010101111111111111111
111118111101111111111111100111011111111111111111111111111111111110111111111111111010101111111111111111
111118111110111111111111101000011111111111111111111111111111111101001111111111111000000001111111111111
111181111110111111111111101111011111111111111111111111111111111011110111111110000111111100111111111111
111181111111011111111111101111011111111111111111111111111111111011111011111101111111111011011111111111
111181111111011111111110001111011111111111111111111111111111111011111101111011111111111011101111111111
111181111111000000000001101111011111111111111111111111111111110111111000000111111111110111110111111111
111181111111101111111111101111011011111111111111111111111111101011110101111111111111110111111011111111
111181111111101111111111101111011000000000000000011111111111011100101011111111111111101111111101111111
111181111111110111111111101111011011111111111111000000000000111111011011111111111111101111111110011111
111181111111111011111111101111011011111111111111011111011110011110111011111111111111101111111111101111
111181111111111011111111101111011011111111111111011111011101101101111011111111111111101111111111110111
111181111111111011111111101111000000000000000000001111011101110011111011111111111111101111111111111011
111181111111111011111111101111111111111111111111010000111001111011111011111111111111011111111111111011
111181111111111101111111101111111111111111111111011101111010110111110011111111111111011111111111110111
111181111111111101111111101111111111111111111110111101111011001111101100000011111111011111111111110111
111181111111111101111111011111111111111111111110111011111011110111101111111100001110111111111111110111
111181111111111100000000000000000011111111111110111011111011111011101111111101110000000001111111101111
111181111000000001111111011111110100011111111110000011111011111011101111111101111101111110111111101111
111181000111111101111111011111110111100011111110111011111011111101011111111101111011111111001111101111
111181101111111101111111011111111011111011111110110111110111111110011111111101111011111111110001101111
111181101111111101111111011111111011111011111110110111110111111110111111111000000011111111111110001111
111181101111111101111111101111111011111000000000010111101111111111011111111011110111111111111111111111
111181101111111110111111101111111011111111111111100011011111111111100011110111110111111111111111111111
111181110111111110111111101111111010001111111111111100011111111111011100000111110111111111111111111111
111181110111111110111111101100000001101111111111111111011111111111011111111011101111111111111111111111
111181111011111110000000000011111111101111111111111110111111111110111111111011101111111111111111111111
111181111011111111111111101111111111101111111111111101111111111101111111111101101111111111111111111111
111118111011111111111111101111111111101111111111111011111111111101111111111110011111111111111111111111
111118111101111111111111101111111111101111111111111011111100011011111111111110011111111111111111111111
111118111110111111111111101111111111101111111111100011111011100111000000000000111111111111111111111111
111111811110111111111111101111111111101111111111011001111011110110111111111111011111111111111111111111
111111811111011111111111101111111111101000000000111010011011101110111111111111011111111111111111111111
111111811111101111111111101111111111100111101111111011100001011101111111111111011111111111111111111111
111111181111110111111111100000000000001111110111111011110110001011111111111111011111111111111111111111
111111181111110111111111101111111111101111110111111011110111110000000000000000001111111111111111111111
111111181111110111111111101111111111101111110000000111110111111011111011111111011111111111111111111111
111111181111110111111111101111111111101111111111110111110111111011111011111111011111111111111111111111
111111181111110111111111101111111111101111111111110111110111110111111011111111011111111111111111111111
111111118111111011111111101111111111101111111111110111110111101111110111111111011111111111111111111111
111111118111111011111111101111111111101111111111110111110111101111101111111111011111111111111111111111
111111118111111101111111101111111111101111111111110000000000000011101111111110111111111111111111111111
111111118111111110111111101100000000001111111111110111111111111100001111111110111111111111111111111111
111111111811111111011111100011111111111111111111110111111111111111111111111110111111111111111111111111
111111111811111111011111101111111111111111111111110111111111111111111111111110111111111111111111111111
111111111181111111011111101111111111111111111111110111111111111111111111111101111111111111111111111111
111111111181111111101111101111111111111100000000000011111111111111111000000011111111111111111111111111
111111111118111111101111110111111111111101101110110100111111111111000111111011111111111111111111111111
111111111111811111110111110111111111111101101110110111000000000000111111111011111111111111111111111111
111111111111181111111011110000000000111101101110110111111111111111111111111011111111111111111111111111
111111111111118111111011001110111111011101101110110111111111111111111111111011111111111111111111111111
111111111111111811111100111110111110000000000000110111111111111111111111111011111111111111111111111111
111111111111111181111110111110000001111111000000000000000000000000000000000011111111111111111111111111
111111111111111118111110111111111110000000111111111111111111111111111111111011111111111111111111111111
111111111111111111811111011111100001111111111111111111111111111111111111111111111111111111111111111111
111111111111111111181111101111011111111111111111111111111111111111111111111111111111111111111111111111
111111111111111111118111100000111111111111111111111111111111111111111111111111111111111111111111111111
111111111111111111111811111111111111111111111111111111111111111111111111111111111111111111111111111111
144444444444444444444444444444444444444444444444444444444444444444444444444444444444444444444444444441
144444444444444444444444444444444444444444444444444444444444444444444444444444444444444444444444444441
144444444444444444444444444444444444444444444444444444444444444444444444444444444444444444444444444441
144444444444444444444444444444444444444444444444444444444444444444444444444444444444444444444444444441
144444444444444444444444444444444444444444444444444444444444444444444444444444444444444444444444444441
144444444444444444444444444444444444444444444444444444444444444444444444444444444444444444444444444441
144444444444444444444444444444444444444444444444444444444444444444444444444444444444444444444444444441
144444444444444444444444444444444444444444444444444444444444444444444444444444444444444444444444444441
144444444444444444444444444444444444444444444444444444444444444444444444444444444444444444444444444441
144444444444444444444444444444444444444444444444444444444444444444444444444444444444444444444444444441
111111111111111111111111111111111111111111111111111111111111111111111111111111111111111111111111111111