111111111111111111111111111111111111111111111111111111111111111111111111111111111111111111111111111111
111111111111111111111111111111111111111111111111111111111111111111111111111181111111111111111111111111
111111111111111111111111111111111111111111111111111111888888888888888888888811000111111111111111111111
111111111111111111111111111111111111111111111888888888111111111111111111111110101000000000000000000011
111111111111111111111111111111111111111111888111111111111011111111111111111101101111111111111111110011
111111111111111111111111111111111111111188111111111111000101111111111111111011101111111111111111101011
111111111111111111111111111111111111888811111111111110111110111000001111110111110111111111111111011011
111111111111111111111111111111118888111111111111111101011111000111110111001111111011111111111100111011
111111111111111111111111111888881111111111111111111101101111011111111010111111111101111111111011111011
111111111111111111111111118111111111111111111111111011101111011111111100111111111101111111110111111011
111111111111111111111111811111111111111111111111100011101111011111111011000000110011111100001111111011
111111111111111111111181111111111111111110000000011011101111011111110111111111001111111011111111111011
111111111111111111118111111111111111110001111101111011101111100000001111111110100011110111111111111011
111111111111111111181111111111111111001111111101111011101111101111110001111101111100001111111111111011
111111111111111111811111111111111110111111111101111011101111101111111110111011111111011111111111111011
111111111111111181111111111111110001111111111110110111101111101111111111000000111110111111111111111011
111111111111111811111111111111001111111111111110000000000000000011111110111111001110111111111111111011
111111111111118111111111111100100111111111111110110111101111101101111101111111110101111111111111111011
111111111111811111111111111011101011111111111110110111101111101110010011111111111011111111111111111011
111111111118111111111111100111101100000000000000000000001111101111101111111111110111111111111111111011
111111111181111111111110000001101111111111111111110111101111101111101111111111101111111111111111111011
111111111811111111111101101110101111111111111111110111101111101111101111111111011111111111111111111011
111111118111111111110011101111000000011111111111110111101111101111101111111110111111111111111111111011
111111118111111111101111101111101111100000000000000000000000001111011111111101111111111111111111100011
111111118111111111011111101111011111111111111111111111111111110000001111111011111111111111110000011111
111111118111111110111111101111011111111111111111111111111111111110110111111011111111111111001111111111
111111181110000001111111101111011111111111111111111111111111111110111001110111111111111100111111111111
111111181101111111111111101111011111111111111111111111111111111110111110001111111001110011111111111111
111111181011111111111111101111011111111111111111111111111111111110111111010111111010001111111111111111
111111811011111111111111100000011111111111111111111111111111111111011110111011111010101111111111111111
111111811101111111111111101111011111111111111111111111111111111111101101111101111010101111111111111111
111111811110111111111111101111011111111111111111111111111111111111110011111110011010101111111111111111
111111811110111111111111101111011111111111111111111111111111111111101111111111101010101111111111111111
111118111110111111111111101111011111111111111111111111111111111111011111111111110010101111111111111111
111118111110111111111111100001011111111111111111111111111111111110111111111111111000101111111111111111
111118111110111111111111101110011111111111111111111111111111111101011111111111111000000001111111111111
111181111110111111111111101111011111111111111111111111111111111011100111111111000111111100111111111111
111181111110111111111111101111011111111111111111111111111111110111111011111110111111111011011111111111
111181111111011110000000001111011111111111111111111111111111110111111101111001111111110111101111111111
111181111111000001111111101111011111111111111111111111111111110111111110000111111111101111110111111111
111181111111011111111111101111011000111111111111111111111111101011111101111111111111101111111011111111
111181111111101111111111101111011011000000000000000001111111011100100001111111111111101111111101111111
111181111111101111111111011111011011111111111111011110000000011111011101111111111111101111111110011111
111181111111101111111111011111011011111111111111011111101101101110111011111111111111101111111111101111
111181111111110111111111011111011011111111111111011111101011110101111011111111111111101111111111110111
111181111111110111111111011111000000000000000000000001011011111011111011111111111111101111111111111011
111181111111110111111111011111111111111111111111011110111011111011111011111111111111101111111111111011
111181111111111011111111011111111111111111111111011101111000010111110000001111111111011111111111111011
111181111111111011111111011111111111111111111111011011111011101111110111110111111110111111111111110111
111181111111111101111111011111111111111111111110111011111011110111101111111001111110111111111111110111
111181110000000000000000000000000111111111111110000011111011111011101111111100000001111111111111110111
111181101111111101111111011111110001111111111110111011110111111011101111111011111100000011111111110111
111181011111111101111111011111110110000011111110111011101111111101101111111011111101111100111111110111
111181011111111101111111011111110111111011111110111011101111111101011111111011111011111111000011101111
111181101111111101111111101111110111111011111110110111101111111110111111111000000011111111111100001111
111181110111111101111111101111110111111000000000000111101111111111011111111011110111111111111111111111
111181110111111101111111101111110111111111111111110111011111111111100000110111110111111111111111111111
111181110111111101111111101111111011101111111111111000011111111111011111000111101111111111111111111111
111181111011111101111111101111111000001111111111111110111111111111011111110111011111111111111111111111
111181111101111110000000000000000111101111111111111110111111111110111111111011011111111111111111111111
111181111110111111111111101111111111101111111111111110111111111101111111111011011111111111111111111111
111118111111011111111111101111111111101111111111111101111111111101111111111011011111111111111111111111
111118111111011111111111101111111111101111111111111101111101111011111111111100111111111111111111111111
111118111111011111111111101111111111101111111111110011111010000111000000000000111111111111111111111111
111111811111101111111111101111111111101111111111101001111011101111011111111110111111111111111111111111
111111811111101111111111101111111111101111000000010110011011101111011111111111011111111111111111111111
111111811111110111111111101111111111101110101111110111100000011110111111111111101111111111111111111111
111111181111110111111111101111111111100001101111110111110111011101111111111111101111111111111111111111
111111181111111011111111100000000000001111101111110111110111100000000000000000001111111111111111111111
111111181111111011111111101111111111101111110000000111110111111011111011111111101111111111111111111111
111111181111111101111111101111111111101111111111110111110111110111111011111111101111111111111111111111
111111181111111101111111101111111111101111111111110111110111110111110111111111011111111111111111111111
111111118111111101111111101111111111101111111111110111110111110111110111111111011111111111111111111111
111111118111111110111111101111111111101111111111110111110111101111110111111111011111111111111111111111
111111118111111111011111101111111111101111111111110000000000000001110111111111011111111111111111111111
111111118111111111011111101111111111001111111111110111111111111110001111111110111111111111111111111111
111111111811111111011111100000000000111111111111110111111111111111111111111101111111111111111111111111
111111111811111111011111101111111111111111111111110111111111111111111111111011111111111111111111111111
111111111181111111011111101111111111111111111111110111111111111111111111111011111111111111111111111111
111111111181111111101111101111111111111100000000000111111111111111111100000011111111111111111111111111
111111111118111111101111110111111111111101101110110011111111111110000011111011111111111111111111111111
111111111111811111101111110111111111111101101110110100000000000001111111111011111111111111111111111111
111111111111181111110111110000000000111101101110110111111111111111111111111011111111111111111111111111
111111111111118111111011001110111110111101101110110111111111111111111111111011111111111111111111111111
111111111111111811111100111110110000000000000000110111111111111111111111111011111111111111111111111111
111111111111111181111110111110001111111111111100000001111111111111111111111011111111111111111111111111
111111111111111118111110111111111000000000000011111110000000000000000000000011111111111111111111111111
111111111111111111811111011111000111111111111111111111111111111111111111111111111111111111111111111111
111111111111111111181111011110111111111111111111111111111111111111111111111111111111111111111111111111
111111111111111111118111100001111111111111111111111111111111111111111111111111111111111111111111111111
111111111111111111111811111111111111111111111111111111111111111111111111111111111111111111111111111111
144444444444444444444444444444444444444444444444444444444444444444444444444444444444444444444444444441
144444444444444444444444444444444444444444444444444444444444444444444444444444444444444444444444444441
144444444444444444444444444444444444444444444444444444444444444444444444444444444444444444444444444441
144444444444444444444444444444444444444444444444444444444444444444444444444444444444444444444444444441
144444444444444444444444444444444444444444444444444444444444444444444444444444444444444444444444444441
144444444444444444444444444444444444444444444444444444444444444444444444444444444444444444444444444441
144444444444444444444444444444444444444444444444444444444444444444444444444444444444444444444444444441
144444444444444444444444444444444444444444444444444444444444444444444444444444444444444444444444444441
144444444444444444444444444444444444444444444444444444444444444444444444444444444444444444444444444441
144444444444444444444444444444444444444444444444444444444444444444444444444444444444444444444444444441
111111111111111111111111111111111111111111111111111111111111111111111111111111111111111111111111111111