111111111111111111111111111111111111111111111111111111111111111111111111111111111111111111111111111111
111111111111111111111111111111111111111111111111111111111111111111111111111111111111111111111111111111
111111111111111111111111111111111111111111111111111111111111111111111111111111000000000001111111111111
111111111111111111111111111111111111111111111111111111111111111111111111111110011111111110000000000011
111111111111111111111111111111111111111111111111111111111011111111111111111101101111111111111111110011
111111111111111111111111111111111111111111111111111111000101111111111111111011110111111111111111101011
111111111111111111111111111111111111111111111111111110111110111111101111110111111011111111111111011011
111111111111111111111111111111111111111111111111111110111111000000010111101111111101111111111100111011
111111111111111111111111111111111111111111111111111101011111011111111011011111111101111111111011111011
111111111111111111111111111111111111111111111111111101101111101111111100011111111001111111000111111011
111111111111111111111111111111111111111111111111110011101111101111111011100111100111111110111111111011
111111111111111111111111111111111111111110000000001011101111101111110111111000001111111101111111111011
111111111111111111111111111111111111110001111101111011101111100000000111111110110000110011111111111011
111111111111111111111111111111111111001111111101111011101111101111111011111001111111001111111111111011
111111111111111111111111111111111110111111111101110111101111101111111100010111111111011111111111111011
111111111111111111111111111111110001111111111101110111101111101111111111101111111110111111111111111011
111111111111111111111111111111100011111111111110000000000000000111111111010011111101111111111111111011
111111111111111111111111111110001100111111111110110111101111101011111100111100011011111111111111111011
111111111111111111111111111101101111001111111110110111101111101100010011111111100011111111111111111011
111111111111111111111111100001101111110000000000000000001111101111101111111111110111111111111111111011
111111111111111111111111001110101111111111111111110111101111101111011111111111101111111111111111111011
111111111111111111111110101111001111111111111111110111101111101111011111111111011111111111111111111011
111111111111111111111101101111100000000000000000110111101111101110111111111110111111111111111111111011
111111111111111111000011101111101111111111111111000000000000001110111111111101111111111111111111111011
111111111111111100111111101111101111111111111111111111111111110000001111111011111111111111111111000111
111111111111100011111111101111101111111111111111111111111111111110110011110111111111111111110000111111
111111111110011111111111101111101111111111111111111111111111111110111101110111111111111111101111111111
111111111101111111111111101111101111111111111111111111111111111110111110001111111001111111011111111111
111111111011111111111111101111101111111111111111111111111111111110111111010111111010000000111111111111
111111111011111111111111100001101111111111111111111111111111111111011100111011111010101111111111111111
111111111011111111111111101110011111111111111111111111111111111111101011111100111010101111111111111111
111111111011111111111111101111011111111111111111111111111111111111110111111111011010101111111111111111
111111111101111111111111101111011111111111111111111111111111111111101111111111101010101111111111111111
111111111101111111111111101111011111111111111111111111111111111111011111111111110010101111111111111111
111111111110111111111111100000011111111111111111111111111111111110111111111111111000101111111111111111
111111111111011111111111101111011111111111111111111111111111111101011111111111000000000001111111111111
111111111111011111111111101111011111111111111111111111111111111011101111111110111111111100011111111111
111111111111011111111111101111011111111111111111111111111111110111110111111001111111111101101111111111
111111111111011111111110001111011111111111111111111111111111110111111011110111111111111101110111111111
111111111111000000000001011111011111111111111111111111111111110111111100001111111111111101111011111111
111111111111011111111111011111011000000000011111111111111111101011110010111111111111111101111101111111
111111111111101111111111011111011011111111100000000011111111011100101110111111111111111011111110111111
111111111111101111111111011111011011111111111111011100000000111111011110111111111111111011111111011111
111111111111101111111111011111011011111111111111011111101110011110111101111111111111110111111111101111
111111111111101111111111011111011011111111111111011111011101101101111101111111111111110111111111110111
111111111111101111111111011111000000000000000000000001011011110011111101111111111111101111111111111011
111111111111110111111111011111111111111111111111011110111011111011111011111111111111011111111111111011
111111111111110111111111011111111111111111111111011110111001110111110111111111111110111111111111110111
111111111111111011111111011111111111111111111111011101111010001111101011111111111110111111111111110111
111111111111111101111111011111111111111111111110111011111011101111101100000000000010111111111111110111
111111111111110000000000000000000001111111111110111011111011110111101111111101111100011111111111101111
111111111110001101111111011111110110001111111110000011110111110111101111111011111011100111111111101111
111111000001111101111111011111110111110011111110110111110111111011011111111011111011111000000111101111
111111011111111101111111011111110111111011111110110111101111111100111111111011111011111111111000001111
111111101111111101111111011111110111111011111110110111101111111110111111111000000011111111111111101111
111111101111111101111111011111110111111000000000000111101111111111011111110111111011111111111111111111
111111110111111101111111011111111011111111111111110111011111111111100111110111111011111111111111111111
111111111011111101111111101111111000001111111111111000011111111111011000000111110111111111111111111111
111111111011111101111111101100000011101111111111111110111111111110111111110111110111111111111111111111
111111111011111110000000000011111111101111111111111110111111111110111111110111110111111111111111111111
111111111011111111111111101111111111101111111111111101111111111101111111111011101111111111111111111111
111111111011111111111111101111111111101111111111111101111111111011111111111101011111111111111111111111
111111111101111111111111101111111111101111111111111011111100000111111111111110111111111111111111111111
111111111101111111111111101111111111101111111111100011111011110111000000000000111111111111111111111111
111111111110111111111111101111111111101111110000010101111011101110111111111111011111111111111111111111
111111111110111111111111101111111111101110001111110110110111101101111111111111011111111111111111111111
111111111110111111111111101111111111100001101111110111000000101101111111111111011111111111111111111111
111111111111011111111111101111000000001111101111110111110111011101111111111111101111111111111111111111
111111111111101111111111100000111111101111101111110111110111100000000000000000001111111111111111111111
111111111111101111111111101111111111101111110000000111110111111011111101111111101111111111111111111111
111111111111110111111111101111111111101111111111110111110111110111111101111111101111111111111111111111
111111111111110111111111101111111111101111111111110111110111110111111011111111011111111111111111111111
111111111111111011111111101111111111101111111111110111110111110111111011111111011111111111111111111111
111111111111111011111111101111111111101111111111110111110111101111111011111111011111111111111111111111
111111111111111101111111101111111111101111111111110000000000000000010111111110111111111111111111111111
111111111111111110111111101111111111101111111111110111111111111111101111111110111111111111111111111111
111111111111111110111111100000000000011111111111110111111111111111111111111101111111111111111111111111
111111111111111111011111101111111111111111111111110111111111111111111111111101111111111111111111111111
111111111111111111101111101111111111111111111111110111111111111111111111111011111111111111111111111111
111111111111111111101111101111111111111100000000000000001111111111111000000011111111111111111111111111
111111111111111111101111110111111111111101101110110111110000111111000111111011111111111111111111111111
111111111111111111101111110111111111111101101110110111111111000000111111111011111111111111111111111111
111111111111111111110111100000000000111101101110110111111111111111111111111011111111111111111111111111
111111111111111111111010011110111111011101101110110111111111111111111111111011111111111111111111111111
111111111111111111111101111110110000000000000000110111111111111111111111111011111111111111111111111111
111111111111111111111101111110001111111111111100000000000000000000000000111011111111111111111111111111
111111111111111111111110111111111111110000000011111111111111111111111111000011111111111111111111111111
111111111111111111111111011111110000001111111111111111111111111111111111111111111111111111111111111111
111111111111111111111111011000001111111111111111111111111111111111111111111111111111111111111111111111
111111111111111111111111100111111111111111111111111111111111111111111111111111111111111111111111111111
111111111111111111111111111111111111111111111111111111111111111111111111111111111111111111111111111111
144444444444444444444444444444444444444444444444444444444444444444444444444444444444444444444444444441
144444444444444444444444444444444444444444444444444444444444444444444444444444444444444444444444444441
144444444444444444444444444444444444444444444444444444444444444444444444444444444444444444444444444441
144444444444444444444444444444444444444444444444444444444444444444444444444444444444444444444444444441
144444444444444444444444444444444444444444444444444444444444444444444444444444444444444444444444444441
144444444444444444444444444444444444444444444444444444444444444444444444444444444444444444444444444441
144444444444444444444444444444444444444444444444444444444444444444444444444444444444444444444444444441
144444444444444444444444444444444444444444444444444444444444444444444444444444444444444444444444444441
144444444444444444444444444444444444444444444444444444444444444444444444444444444444444444444444444441
144444444444444444444444444444444444444444444444444444444444444444444444444444444444444444444444444441
111111111111111111111111111111111111111111111111111111111111111111111111111111111111111111111111111111