111111111111111111111111111111111111111111111111111111111111111111111111111111111111111111111111111111
111111111111111111111111111111111111111111111111111111111111111111111111111181111111111111111111111111
111111111111111111111111111111111111111111111111111111888888888888888888888811000000001111111111111111
111111111111111111111111111111111111111111111888888888111111111111111111111110101111110000000000000011
111111111111111111111111111111111111111111888111111111111011111111111111111101110111111111111111110011
111111111111111111111111111111111111111188111111111111100101111111111111111011110111111111111111101011
111111111111111111111111111111111111888811111111111110011110110000001111110111111011111111111111011011
111111111111111111111111111111118888111111111111111110011111001111110111101111111101111111111100111011
111111111111111111111111111888881111111111111111111101101111011111111010011111111101111111111011111011
111111111111111111111111118111111111111111111111111011101111011111111100011111111101111111110111111011
111111111111111111111111811111111111111111111110000011101111011111111011101111110011111111101111111011
111111111111111111111181111111111111111111110001110111101111011111110111110000000111111111011111111011
111111111111111111118111111111111111111000001101110111101111101110001111111110111011111110111111111011
111111111111111111181111111111111110000111111101110111101111100001110011111001111100000001111111111011
111111111111111111811111111111111101111111111101110111101111101111111101110111111111101111111111111011
111111111111111181111111111111110011111111111110110111101111101111111110000111111111011111111111111011
111111111111111811111111111111100111111111111110000000000000001111111100111001111110111111111111111011
111111111111118111111111111110001011111111111110110111101111100111111011111110000101111111111111111011
111111111111811111111111111001101101111111111110110111101111101000110111111111111011111111111111111011
111111111118111111111111100111101110000000000000000000001111101111001111111111110111111111111111111011
111111111181111111111110000111101111111111111111110111101111101111011111111111101111111111111111111011
111111111811111111111001101000101111111111111111110111101111101110111111111111011111111111111111111011
111111118111111111110111101111000000000111111111110111101111101110111111111110111111111111111111111011
111111118111111111101111101111011111111000000000000000000000001110111111111101111111111111111111111011
111111118111111111011111101111011111111111111111111111111111110000000111111011111111111111111100000111
111111118111100000111111101111011111111111111111111111111111111110111000111011111111111111000011111111
111111181111011111111111101111011111111111111111111111111111111110111111010111111111111110111111111111
111111181110111111111111101111011111111111111111111111111111111110111111101111111011111101111111111111
111111181001111111111111101111011111111111111111111111111111111110111111010111111000000011111111111111
111111811011111111111111100111011111111111111111111111111111111111011110111001111010101111111111111111
111111811011111111111111101000011111111111111111111111111111111111101001111110111010101111111111111111
111111811101111111111111101111011111111111111111111111111111111111110111111111011010101111111111111111
111111811101111111111111101111011111111111111111111111111111111111101111111111101010101111111111111111
111118111110111111111111101111011111111111111111111111111111111111011111111111110010101111111111111111
111118111110111111111111100111011111111111111111111111111111111110111111111111111000101111111111111111
111118111110111111111111101000011111111111111111111111111111111110001111111111111100000001111111111111
111181111110111111111111101111011111111111111111111111111111111101110111111111000011111100111111111111
111181111110111111111111101111011111111111111111111111111111111011111011111100111111111101001111111111
111181111110111111111000001111011111111111111111111111111111110111111101110011111111111011110111111111
111181111111000000000111101111011111111111111111111111111111110011111000001111111111111011111011111111
111181111111011111111111101111011000000011111111111111111111101101110101111111111111111011111101111111
111181111111101111111111101111011011111100000000000000011111011110101101111111111111111011111110111111
111181111111110111111111101111011011111111111111011111100000111111011101111111111111110111111111011111
111181111111110111111111101111011011111111111111011111101101011110111011111111111111101111111111101111
111181111111110111111111101111011011111111111111011111011101100101111011111111111111011111111111110111
111181111111110111111111101111000000000000000000011110111011111011110111111111111111011111111111111011
111181111111110111111111101111111111111111111110100000111011110111110111111111111111011111111111111011
111181111111111011111111101111111111111111111110111101110100101111110000011111111111011111111111111011
111181111111111101111111101111111111111111111110111101110111001111110111101111111110111111111111111011
111181111111111101111111101111111111111111111110111101110111110111101111110000000110111111111111111011
111181111111000000000000000000000111111111111110011101110111111011101111111101111000000011111111110111
111181111000111101111111011111110011111111111110100011110111111011101111111101111101111101111111101111
111181000111111101111111011111111000000011111110111011110111111101011111111011111101111110011111101111
111181101111111101111111101111111011111011111110111011110111111101011111111011111101111111101111101111
111181101111111101111111101111111011111011111110111011110111111110111111111000000011111111110000001111
111181101111111101111111101111111011111000000000011011101111111111011111110111110111111111111111111111
111181101111111101111111101111111011111111111111100001011111111111100001110111110111111111111111111111
111181110111111101111111101111111011001111111111111110011111111111011110000111110111111111111111111111
111181111011111101111111100000000000101111111111111111011111111110111111111011101111111111111111111111
111181111011111110000000001111111111101111111111111111011111111110111111111011011111111111111111111111
111181111011111111111111101111111111101111111111111110111111111101111111111100111111111111111111111111
111118111101111111111111101111111111101111111111111101111111111011111111111100111111111111111111111111
111118111110111111111111101111111111101111111111111101111100110111111111111100111111111111111111111111
111118111111011111111111101111111111101111111111100001111101000111000000000000111111111111111111111111
111111811111011111111111101111111111101111111110010110111011110111011111111111011111111111111111111111
111111811111011111111111101111111111101110000001110111001011110110111111111111101111111111111111111111
111111811111101111111111101111111111101101101111110111110000101101111111111111101111111111111111111111
111111181111101111111111100000000000000011110111110111110111011101111111111111101111111111111111111111
111111181111110111111111101111111111101111110111110111110111100000000000000000001111111111111111111111
111111181111110111111111101111111111101111110000000111110111111011111101111111011111111111111111111111
111111181111111011111111101111111111101111111111110111110111110111111101111111011111111111111111111111
111111181111111011111111101111111111101111111111110111110111101111111011111111011111111111111111111111
111111118111111011111111101111111111101111111111110111110111101111111011111111011111111111111111111111
111111118111111101111111101111111111101111111111110111110111011111110111111110111111111111111111111111
111111118111111110111111101111111111101111111111110000000000000001110111111101111111111111111111111111
111111118111111111011111101111110000001111111111110111111111111110001111111011111111111111111111111111
111111111811111111011111100000001111111111111111110111111111111111111111111011111111111111111111111111
111111111811111111101111101111111111111111111111110111111111111111111111111011111111111111111111111111
111111111181111111101111101111111111111111111111110111111111111111111111111011111111111111111111111111
111111111181111111110111110111111111111100000000000001111111111111111111110011111111111111111111111111
111111111118111111110111110111111111111101101110110110001111111111111100001011111111111111111111111111
111111111111811111110111110111111111111101101110110111110000000000000011111011111111111111111111111111
111111111111181111111011110000000000111101101110110111111111111111111111111011111111111111111111111111
111111111111118111111101001110111111011101101110110111111111111111111111111011111111111111111111111111
111111111111111811111100111110100000000000000000110111111111111111111111111011111111111111111111111111
111111111111111181111110111110011111111111110000000000000000000000000111111011111111111111111111111111
111111111111111118111110111111111111111000001111111111111111111111111000000011111111111111111111111111
111111111111111111811111011111111111110111111111111111111111111111111111111111111111111111111111111111
111111111111111111181111011111111110001111111111111111111111111111111111111111111111111111111111111111
111111111111111111118111100000000001111111111111111111111111111111111111111111111111111111111111111111
111111111111111111111811111111111111111111111111111111111111111111111111111111111111111111111111111111
144444444444444444444444444444444444444444444444444444444444444444444444444444444444444444444444444441
144444444444444444444444444444444444444444444444444444444444444444444444444444444444444444444444444441
144444444444444444444444444444444444444444444444444444444444444444444444444444444444444444444444444441
144444444444444444444444444444444444444444444444444444444444444444444444444444444444444444444444444441
144444444444444444444444444444444444444444444444444444444444444444444444444444444444444444444444444441
144444444444444444444444444444444444444444444444444444444444444444444444444444444444444444444444444441
144444444444444444444444444444444444444444444444444444444444444444444444444444444444444444444444444441
144444444444444444444444444444444444444444444444444444444444444444444444444444444444444444444444444441
144444444444444444444444444444444444444444444444444444444444444444444444444444444444444444444444444441
144444444444444444444444444444444444444444444444444444444444444444444444444444444444444444444444444441
111111111111111111111111111111111111111111111111111111111111111111111111111111111111111111111111111111