111111111111111111111111111111111111111111111111111111111111111111111111111111111111111111111111111111
111111111111111111111111111111111111111111111111111111111111111111111111111181111111111111111111111111
111111111111111111111111111111111111111111111111111111888888888888888888888811000000000000000000011111
111111111111111111111111111111111111111111111888888888111111111111111111111110011111111111111111100011
111111111111111111111111111111111111111111888111111111110011111111111111111101011111111111111111110011
111111111111111111111111111111111111111188111111111111001101111111111111111011101111111111111111101011
111111111111111111111111111111111111888811111111111110111110110000001111100111110111111111111111011011
111111111111111111111111111111118888111111111111111101011111001111110111011111110111111111111110111011
111111111111111111111111111888881111111111111111111101011111011111111010111111111011111111111101111011
111111111111111111111111118111111111111111111111111011101111011111111101111111111101111111100011111011
111111111111111111111111811111111111111111111111111011101111101111111010000111100011111100011111111011
111111111111111111111181111111111111111100000000000011101111101111110111111000011111111011111111111011
111111111111111111118111111111111111110011111101111011101111101111100111111100100000110111111111111011
111111111111111111181111111111111111101111111101111011101111100000011011111011111111001111111111111011
111111111111111111811111111111111110011111111101110111101111101111111100010111111111101111111111111011
111111111111111181111111111111110001111111111110110111101111101111111111000011111111011111111111111011
111111111111111811111111111111100111111111111110000000000000001111111110111101111110111111111111111011
111111111111118111111111111110001011111111111110110111101111100111111101111110001101111111111111111011
111111111111811111111111111101101100111111111110110111101111101011110011111111110011111111111111111011
111111111118111111111111100011101111000000000000000000001111101100001111111111110111111111111111111011
111111111181111111111111000111101111111111111111110111101111101111101111111111101111111111111111111011
111111111811111111100000101011101111111111111111110111101111101111101111111111011111111111111111111011
111111118111111110011111101100000000000000000000110111101111101111011111111110111111111111111111111011
111111118111111001111111101111101111111111111111000000000000000010111111111101111111111111111111111011
111111118111110111111111101111101111111111111111111111111111111100111111111011111111111111111111000111
111111118111101111111111101111101111111111111111111111111111111110000001111011111111111111111110111111
111111181110011111111111101111101111111111111111111111111111111110111110110111111111111111111101111111
111111181101111111111111101111011111111111111111111111111111111110111111001111111001111100000011111111
111111181011111111111111101111011111111111111111111111111111111110111111010111111010000011111111111111
111111811101111111111111101111011111111111111111111111111111111111011100111011111010101111111111111111
111111811101111111111111100000011111111111111111111111111111111111101011111101111010101111111111111111
111111811101111111111111101111011111111111111111111111111111111111110111111110011010101111111111111111
111111811110111111111111101111011111111111111111111111111111111111101111111111101010101111111111111111
111118111110111111111111101111011111111111111111111111111111111111011111111111110010101111111111111111
111118111110111111111111100011011111111111111111111111111111111110111111111111111010101111111111111111
111118111110111111111111101100011111111111111111111111111111111101011111111111111000000001111111111111
111181111110111111111111101111011111111111111111111111111111111101101111111111110111111100111111111111
111181111110111111111111101111011111111111111111111111111111111011110111110000001111111011011111111111
111181111110111111111111001111011111111111111111111111111111110111111011101111111111111011101111111111
111181111111000000000000101111011111111111111111111111111111110011111100011111111111110111110111111111
111181111111101111111111101111011000000000000111111111111111101101111010111111111111110111111011111111
111181111111110111111111011111011011111111111000000111111111011110100110111111111111101111111101111111
111181111111110111111111011111011011111111111111011000000000111111011110111111111111011111111110111111
111181111111111011111111011111011011111111111111011111011101011110111110111111111111011111111111001111
111181111111111011111111011111011011111111111111011110111011100101111101111111111111011111111111110111
111181111111111011111111011111000000000000000000011110111011111011111101111111111111011111111111111011
111181111111111101111111011111111111111111111110100000111000110111111011111111111111011111111111111011
111181111111111101111111011111111111111111111110111110111011001111110111111111111111011111111111111011
111181111111111101111111011111111111111111111110111110111011101111110000111111111110111111111111110111
111181111111111101111111011111111111111111111110111101111011110111101111000000000101111111111111110111
111181111100000000000000000000000011111111111110111101111011111011011111111101111000011111111111101111
111181110011111101111111011111110101111111111110000011111011111011011111111101111101100011111111101111
111181001111111101111111011111110110000011111110111011111011111101011111111101111101111100000011101111
111181011111111101111111011111110111111011111110111011110111111110111111111011111011111111111100101111
111181101111111101111111011111110111111011111110111011110111111110111111111000000011111111111111001111
111181110111111101111111011111110111111000000000110111101111111111011111111011110111111111111111111111
111181111011111101111111011111110111111111111111000001101111111111100000110111101111111111111111111111
111181111011111101111111011111111011101111111111111110011111111111011111000111011111111111111111111111
111181111011111110111111101100000000001111111111111110111111111111011111110111011111111111111111111111
111181111101111110000000000011111111101111111111111110111111111111011111110111011111111111111111111111
111181111110111111111111101111111111101111111111111110111111111110111111111011011111111111111111111111
111118111110111111111111101111111111101111111111111110111111111101111111111011011111111111111111111111
111118111110111111111111101111111111101111111111111101111100111011111111111101011111111111111111111111
111118111110111111111111101111111111101111111100000001111101000111000000000000111111111111111111111111
111111811110111111111111101111111111101111111011111010111011110110111111111111011111111111111111111111
111111811111011111111111101111111111101000000111110111011011110101111111111111011111111111111111111111
111111811111011111111111101111111111100111011111110111100000101101111111111111011111111111111111111111
111111181111101111111111101110000000001111101111110111110111011101111111111111011111111111111111111111
111111181111110111111111100001111111101111110111110111110111100000000000000000001111111111111111111111
111111181111111011111111101111111111101111110000000111110111110111111011111111101111111111111111111111
111111181111111101111111101111111111101111111111110111110111101111111011111111101111111111111111111111
111111181111111110111111101111111111101111111111110111110111011111110111111111011111111111111111111111
111111118111111110111111101111111111101111111111110111110111011111110111111110111111111111111111111111
111111118111111111011111101111111111101111111111110111110111011111101111111110111111111111111111111111
111111118111111111011111101111111111101111111111110000000000011111101111111101111111111111111111111111
111111118111111111101111101111110000001111111111110111111111100000001111111101111111111111111111111111
111111111811111111110111100000001111111111111111110111111111111111111111111011111111111111111111111111
111111111811111111111011110111111111111111111111110111111111111111111111111011111111111111111111111111
111111111181111111111011110111111111111111111111110111111111111111111111111011111111111111111111111111
111111111181111111111011110111111111111100000000000000000111111111111000000011111111111111111111111111
111111111118111111111101110111111111111101101110110111111011111110000111111011111111111111111111111111
111111111111811111111101110111111111111101101110110111111100000001111111111011111111111111111111111111
111111111111181111111101100000000000111101101110110111111111111111111111111011111111111111111111111111
111111111111118111111100011110111110111101101110110111111111111111111111111011111111111111111111111111
111111111111111811111101111110111111000000000000110111111111111111111111111011111111111111111111111111
111111111111111181111110111110000000111111110000000000000000000000000001111011111111111111111111111111
111111111111111118111111011111111111111000001111111111111111111111111110000011111111111111111111111111
111111111111111111811111011111111000000111111111111111111111111111111111111111111111111111111111111111
111111111111111111181111101111100111111111111111111111111111111111111111111111111111111111111111111111
111111111111111111118111100000011111111111111111111111111111111111111111111111111111111111111111111111
111111111111111111111811111111111111111111111111111111111111111111111111111111111111111111111111111111
144444444444444444444444444444444444444444444444444444444444444444444444444444444444444444444444444441
144444444444444444444444444444444444444444444444444444444444444444444444444444444444444444444444444441
144444444444444444444444444444444444444444444444444444444444444444444444444444444444444444444444444441
144444444444444444444444444444444444444444444444444444444444444444444444444444444444444444444444444441
144444444444444444444444444444444444444444444444444444444444444444444444444444444444444444444444444441
144444444444444444444444444444444444444444444444444444444444444444444444444444444444444444444444444441
144444444444444444444444444444444444444444444444444444444444444444444444444444444444444444444444444441
144444444444444444444444444444444444444444444444444444444444444444444444444444444444444444444444444441
144444444444444444444444444444444444444444444444444444444444444444444444444444444444444444444444444441
144444444444444444444444444444444444444444444444444444444444444444444444444444444444444444444444444441
111111111111111111111111111111111111111111111111111111111111111111111111111111111111111111111111111111