111111111111111111111111111111111111111111111111111111111111111111111111111111111111111111111111111111
111111111111111111111111111111111118888888888888888888888888888888888888888881111111111111111111111111
111111111111111111111111118888888888888888888888888888888888888888888888888811000000000000000000011111
111111111111111111118888888888888888888888888888888888111111111111111111111110011111111111111111100011
111111111111111188888888888888888888888888888111111111111011111111111111111001011111111111111111110011
111111111111888888888888888888888888888888111111111111100101111111111111110111101111111111111111101011
111111111118888888888888888888888888888811111111111110011110100000001111101111110111111111111111011011
111111111888888888888888888888888888111111111111111110011111011111110111011111110111111111111110111011
111111188888888888888888888888881111111111111111111101011111011111111010111111111011111111111101111011
111111888888888888888888888111111111111111111111111011101111011111111101111111111001111111110011111011
111118888888888888888888811111111111111111111111000011101111011111111010111111110111111111001111111011
111118888888888888888881111111111111111111000000111011101111011111110111000000000111111000111111111011
111188888888888888888111111111111111000000111110111011101111101111101111111100111000110111111111111011
111188888888888888881111111111111110111111111110110111101111100000010001111011111111001111111111111011
111188888888888888811111111111111101111111111110110111101111101111111110110111111111011111111111111011
111888888888888881111111111111110011111111111110110111101111101111111111000001111110111111111111111011
111888888888888811111111111111100111111111111110000000000000001111111100111110001110111111111111111011
118888888888888111111111111100001000011111111110110111101111100011111011111111110101111111111111111011
118888888888811111111111110011101111101111111110110111101111101101110111111111111011111111111111111011
118888888888111111111111100111101111110000000000000000001111101110001111111111110111111111111111111011
188888888881111111111111001011101111111111111111110111101111101111011111111111101111111111111111111011
188888888811111111111110101100101111111111111111110111101111101111011111111111011111111111111111111011
188888888111111111111001101111000000000000000001110111101111101110111111111110111111111111111111111011
188888888111111111100111101111101111111111111110000000000000000110111111111101111111111111111111000011
188888888111111111011111101111101111111111111111111111111111111000011111111011111111111111111100111111
188888888111111110111111101111101111111111111111111111111111111110101111111011111111111111110011111111
188888881111111101111111101111101111111111111111111111111111111110110000010111111111111110001111111111
188888881111000011111111101111101111111111111111111111111111111110111111101111111011110001111111111111
188888881000111111111111101111011111111111111111111111111111111110111111010111111000001111111111111111
188888811011111111111111101111011111111111111111111111111111111111011110111001111010101111111111111111
188888811011111111111111100000011111111111111111111111111111111111101101111110111010101111111111111111
188888811011111111111111101111011111111111111111111111111111111111110011111111011010101111111111111111
188888811011111111111111101111011111111111111111111111111111111111101111111111101010101111111111111111
188888111011111111111111101111011111111111111111111111111111111111011111111111110010101111111111111111
188888111101111111111111100000011111111111111111111111111111111110111111111111111000101111111111111111
188888111110111111111111101111011111111111111111111111111111111101011111111111111110000001111111111111
188881111110111111111111101111011111111111111111111111111111111011101111111111111001111100111111111111
188881111111011111111111101111011111111111111111111111111111111011110111111111110111111101011111111111
188881111111000000000000001111011111111111111111111111111111111011111001000000001111111101101111111111
188881111111011111111111101111011111111111111111111111111111110011111000111111111111111101110011111111
188881111111011111111111101111011000000000000001111111111111101101110101111111111111111101111101111111
188881111111101111111111101111011011111111111110000000111111011110101011111111111111111011111110111111
188881111111110111111111101111011011111111111111011111000000111111011011111111111111111011111111011111
188881111111110111111111101111011011111111111111011111101101011110111011111111111111110111111111101111
188881111111110111111111101111011011111111111111011111011011101101111011111111111111101111111111110111
188881111111110111111111101111000000000000000000011110111011110011111011111111111111101111111111111011
188881111111110111111111101111111111111111111111000000111000110111111011111111111111011111111111111011
188881111111110111111111101111111111111111111111011110110111010111110001111111111110111111111111111011
188881111111111011111111101111111111111111111111011110110111101111101110011111111101111111111111110111
188881111111111011111111101111111111111111111110111101110111101111101111100000000001111111111111110111
188881111111100000000000000000000000011111111110111101110111110111101111111101111100001111111111110111
188881110000011101111111011111110111100111111110000011110111111011101111111101111101110000000011101111
188881001111111101111111101111111011111011111110110111110111111101101111111101111101111111111101101111
188881101111111101111111101111111011111011111110110111110111111101011111111101111011111111111110001111
188881110111111110111111101111111011111011111110110111110111111110111111111000000011111111111111101111
188881110111111110111111101111111011111000000000010111101111111111011111111011110111111111111111111111
188881110111111110111111101111111011111111111111100001011111111111100011111011110111111111111111111111
188881111011111110111111101111111011001111111111111110011111111111011100000111110111111111111111111111
188881111011111110111111101000000000101111111111111111011111111111011111110111101111111111111111111111
188881111011111110000000000111111111101111111111111111011111111111011111111011101111111111111111111111
188881111011111111111111101111111111101111111111111110111111111110111111111101101111111111111111111111
188888111101111111111111101111111111101111111111111101111111111101111111111110101111111111111111111111
188888111101111111111111101111111111101111111111111101111101111011111111111110011111111111111111111111
188888111110111111111111101111111111101111111111110011111010000111000000000000111111111111111111111111
188888811110111111111111101111111111101111111110001001111011101110111111111110111111111111111111111111
188888811111011111111111101111111111101111000001111010010111011101111111111111011111111111111111111111
188888811111011111111111101111111111100000101111111011100111011101111111111111101111111111111111111111
188888881111101111111111101100000000001111110111111011110000000011111111111111101111111111111111111111
188888881111101111111111100011111111101111110111111011110111111000000000000000001111111111111111111111
188888881111110111111111101111111111101111110000000111110111110111111101111111101111111111111111111111
188888881111110111111111101111111111101111111111110111110111110111111101111111101111111111111111111111
188888881111110111111111101111111111101111111111110111110111101111111011111111011111111111111111111111
188888888111110111111111101111111111101111111111110111110111101111110111111111011111111111111111111111
188888888111111011111111101111111111101111111111110111110111011111101111111111011111111111111111111111
188888888111111011111111101111111111101111111111110000000000000111101111111110111111111111111111111111
188888888111111011111111101111110000001111111111110111111111111000001111111101111111111111111111111111
188888888811111101111111100000001111111111111111110111111111111111111111111101111111111111111111111111
188888888811111110111111101111111111111111111111110111111111111111111111111101111111111111111111111111
188888888881111111011111101111111111111111111111110111111111111111111111111101111111111111111111111111
188888888881111111101111110111111111111100000000000001111111111111111110000011111111111111111111111111
188888888888111111101111110111111111111101101110110110000011110000000001111011111111111111111111111111
188888888888811111110111110111111111111101101110110111111100001111111111111011111111111111111111111111
188888888888881111111011110000000000111101101110110111111111111111111111111011111111111111111111111111
188888888888888111111011101110111111011101101110110111111111111111111111111011111111111111111111111111
188888888888888811111100011110000000000000000000110111111111111111111111111011111111111111111111111111
188888888888888881111101111110111111111111111110000000000000000000011111111011111111111111111111111111
188888888888888888111110111111111111110000000001111111111111111111100000000011111111111111111111111111
188888888888888888811111011111111000001111111111111111111111111111111111111111111111111111111111111111
188888888888888888881111101110000111111111111111111111111111111111111111111111111111111111111111111111
188888888888888888888111100001111111111111111111111111111111111111111111111111111111111111111111111111
188888888888888888888811111111111111111111111111111111111111111111111111111111111111111111111111111111
144444444444444444444444444444444444444444444444444444444444444444444444444444444444444444444444444441
144444444444444444444444444444444444444444444444444444444444444444444444444444444444444444444444444441
144444444444444444444444444444444444444444444444444444444444444444444444444444444444444444444444444441
144444444444444444444444444444444444444444444444444444444444444444444444444444444444444444444444444441
144444444444444444444444444444444444444444444444444444444444444444444444444444444444444444444444444441
144444444444444444444444444444444444444444444444444444444444444444444444444444444444444444444444444441
144444444444444444444444444444444444444444444444444444444444444444444444444444444444444444444444444441
144444444444444444444444444444444444444444444444444444444444444444444444444444444444444444444444444441
144444444444444444444444444444444444444444444444444444444444444444444444444444444444444444444444444441
144444444444444444444444444444444444444444444444444444444444444444444444444444444444444444444444444441
111111111111111111111111111111111111111111111111111111111111111111111111111111111111111111111111111111