111111111111111111111111111111111111111111111111111111111111111111111111111111111111111111111111111111
111111111111111111111111111111111118888888888888888888888888888888888888888881111111111111111111111111
111111111111111111111111118888888888888888888888888888888888888888888888888811000000000000000000001111
111111111111111111118888888888888888888888888888888888111111111111111111111110011111111111111111110011
111111111111111188888888888888888888888888888111111111100011111111111111111001011111111111111111101011
111111111111888888888888888888888888888888111111111111011101111111111111110111101111111111111111011011
111111111118888888888888888888888888888811111111111110111110111000001111101111110111111111111110111011
111111111888888888888888888888888888111111111111111101011111000111110111011111111011111111111101111011
111111188888888888888888888888881111111111111111111101101111011111111010111111111101111111111011111011
111111888888888888888888888111111111111111111111111101101111011111111100000111110001111111110111111011
111118888888888888888888811111111111111111111111111011101111011111111011111011101111111111001111111011
111118888888888888888881111111111111111111110000000011101111101111110111111100001111111000111111111011
111188888888888888888111111111111111100000001101110111101111101111001111111110110001110111111111111011
111188888888888888881111111111111111011111111101110111101111100000110111111001111110001111111111111011
111188888888888888811111111111111110111111111101110111101111101111111000110111111111101111111111111011
111888888888888881111111111111111101111111111110110111101111101111111111000000111111011111111111111011
111888888888888811111111111111000011111111111110000000000000001111111110111111011110111111111111111011
118888888888888111111111111110100000011111111110110111101111100011111001111111101101111111111111111011
118888888888811111111111111001101111101111111110110111101111101100010111111111110011111111111111111011
118888888888111111111111100111101111110000000000000000001111101111101111111111110111111111111111111011
188888888881111111111110000001101111111111111111110111101111101111011111111111101111111111111111111011
188888888811111111111001101110101111111111111111110111101111101110111111111111011111111111111111111011
188888888111111111110111101111000000000000000000110111101111101110111111111110111111111111111111111011
188888888111111111101111101111101111111111111111000000000000001110111111111101111111111111111110000011
188888888111111100011111101111101111111111111111111111111111110000111111111011111111111111111101111111
188888888111111011111111101111101111111111111111111111111111111110000011110111111111111110000011111111
188888881111110111111111101111101111111111111111111111111111111110111100010111111111111101111111111111
188888881111101111111111101111101111111111111111111111111111111110111111101111111001111011111111111111
188888881000011111111111101111011111111111111111111111111111111110111110010011111010000111111111111111
188888811011111111111111100011011111111111111111111111111111111111011101111101111010101111111111111111
188888811011111111111111101100011111111111111111111111111111111111101011111110111010101111111111111111
188888811011111111111111101111011111111111111111111111111111111111110111111111011010101111111111111111
188888811011111111111111101111011111111111111111111111111111111111101111111111101010101111111111111111
188888111101111111111111101111011111111111111111111111111111111111011111111111110010101111111111111111
188888111101111111111111100000011111111111111111111111111111111110111111111111111010101111111111111111
188888111101111111111111101111011111111111111111111111111111111110011111111111111000000001111111111111
188881111101111111111111101111011111111111111111111111111111111101100111111110000111111010111111111111
188881111101111111111111101111011111111111111111111111111111111011111011111001111111110111011111111111
188881111110111111111111001111011111111111111111111111111111111011111101110111111111110111101111111111
188881111111000000000000101111011111111111111111111111111111110011111110001111111111101111110111111111
188881111111011111111111101111011000000000000001111111111111101101111101111111111111011111111011111111
188881111111101111111111101111011011111111111110000000111111011110110001111111111111011111111101111111
188881111111101111111111101111011011111111111111011111000000111111001101111111111111011111111110011111
188881111111101111111111101111011011111111111111011111101101001110111101111111111111011111111111101111
188881111111101111111111011111011011111111111111011111011011110101111011111111111111011111111111110111
188881111111110111111111011111000000000000000000000001011011111011110111111111111111011111111111111011
188881111111110111111111011111111111111111111110111110111001110111110111111111111111011111111111111011
188881111111110111111111011111111111111111111110111110110110001111110011111111111110111111111111111011
188881111111110111111111011111111111111111111110111101110111101111101100000011111110111111111111111011
188881111111111011111111011111111111111111111110111101110111110111011111111100000110111111111111110111
188881111111111100000000000000000001111111111110011011101111111011011111111011111000111111111111110111
188881111111000001111111101111110110001111111110100011101111111101011111111011111101000001111111101111
188881000000111101111111101111110111110011111110111011101111111110011111111011111011111110000111101111
188881101111111101111111101111110111111011111110111011101111111110011111111011111011111111111001101111
188881110111111110111111101111111011111011111110111011101111111110111111111000000011111111111110001111
188881111011111110111111101111111011111000000000001011011111111111011111111011111011111111111111111111
188881111011111110111111101111111011111111111111110011011111111111101111111011111011111111111111111111
188881111011111110111111101111111011101111111111111100011111111111010000000111111011111111111111111111
188881111011111110111111100000000000001111111111111111011111111110111111111011110111111111111111111111
188881111011111110000000001111111111101111111111111111011111111101111111111011101111111111111111111111
188881111101111111111111101111111111101111111111111111011111111011111111111101101111111111111111111111
188888111101111111111111101111111111101111111111111110111111111011111111111101101111111111111111111111
188888111101111111111111101111111111101111111111111101111100001011111111111110011111111111111111111111
188888111101111111111111101111111111101111111000000000111011110111000000000000111111111111111111111111
188888811110111111111111101111111111101111110111111011011011101111011111111110111111111111111111111111
188888811110111111111111101111111111101110001111111011101011101111011111111110111111111111111111111111
188888811110111111111111101111111111100001101111111011110001011110111111111110111111111111111111111111
188888881110111111111111101111100000001111101111110111110110000101111111111111011111111111111111111111
188888881111011111111111100000011111101111101111110111110111111000000000000000001111111111111111111111
188888881111101111111111101111111111101111110000000111110111111011111011111111101111111111111111111111
188888881111110111111111101111111111101111111111110111110111111011111011111111101111111111111111111111
188888881111111011111111101111111111101111111111110111110111110111111011111111101111111111111111111111
188888888111111101111111101111111111101111111111110111110111101111111011111111101111111111111111111111
188888888111111101111111101111111111101111111111110111110111101111111011111111101111111111111111111111
188888888111111110111111101111111111101111111111110000000000000011110111111111011111111111111111111111
188888888111111110111111101111111111001111111111110111111111111100001111111111011111111111111111111111
188888888811111111011111100000000000111111111111110111111111111111111111111110111111111111111111111111
188888888811111111011111101111111111111111111111110111111111111111111111111110111111111111111111111111
188888888881111111011111101111111111111111111111110111111111111111111111111101111111111111111111111111
188888888881111111011111101111111111111100000000000000000011111111111111110011111111111111111111111111
188888888888111111011111110111111111111101101110110111111100111100000000001011111111111111111111111111
188888888888811111101111110111111111111101101110110111111111000011111111111011111111111111111111111111
188888888888881111110111110000000000111101101110110111111111111111111111111011111111111111111111111111
188888888888888111111010001110111110111101101110110111111111111111111111111011111111111111111111111111
188888888888888811111101111110111100000000000000110111111111111111111111111011111111111111111111111111
188888888888888881111110111110000011111111111000000000000000000000000000001011111111111111111111111111
188888888888888888111111011111111110000000000111111111111111111111111111110011111111111111111111111111
188888888888888888811111011111111101111111111111111111111111111111111111111111111111111111111111111111
188888888888888888881111011110000011111111111111111111111111111111111111111111111111111111111111111111
188888888888888888888111100001111111111111111111111111111111111111111111111111111111111111111111111111
188888888888888888888811111111111111111111111111111111111111111111111111111111111111111111111111111111
144444444444444444444444444444444444444444444444444444444444444444444444444444444444444444444444444441
144444444444444444444444444444444444444444444444444444444444444444444444444444444444444444444444444441
144444444444444444444444444444444444444444444444444444444444444444444444444444444444444444444444444441
144444444444444444444444444444444444444444444444444444444444444444444444444444444444444444444444444441
144444444444444444444444444444444444444444444444444444444444444444444444444444444444444444444444444441
144444444444444444444444444444444444444444444444444444444444444444444444444444444444444444444444444441
144444444444444444444444444444444444444444444444444444444444444444444444444444444444444444444444444441
144444444444444444444444444444444444444444444444444444444444444444444444444444444444444444444444444441
144444444444444444444444444444444444444444444444444444444444444444444444444444444444444444444444444441
144444444444444444444444444444444444444444444444444444444444444444444444444444444444444444444444444441
111111111111111111111111111111111111111111111111111111111111111111111111111111111111111111111111111111