111111111111111111111111111111111111111111111111111111111111111111111111111111111111111111111111111111
111111111111111111111111111111111111111111111111111111111111111111111111111111111111111111111111111111
111111111111111111111111111111111111111111111111111111111111111111111111111111000000000000000000011111
111111111111111111111111111111111111111111111111111111111111111111111111111110011111111111111111100011
111111111111111111111111111111111111111111111111111111111011111111111111111001011111111111111111100011
111111111111111111111111111111111111111111111111111111100101111111111111110111101111111111111111011011
111111111111111111111111111111111111111111111111111110011110111110001111101111110111111111111110111011
111111111111111111111111111111111111111111111111111110111111000001110111011111111011111111111101111011
111111111111111111111111111111111111111111111111111101011111011111111010111111111011111111111011111011
111111111111111111111111111111111111111111111111111011101111011111111100011111111101111111110111111011
111111111111111111111111111111111111111111111111000011101111011111111011100001110011111111101111111011
111111111111111111111111111111111111111110000000111011101111011111110111111110001111111111011111111011
111111111111111111111111111111111110000001111101111011101111010000000011111101110000011110111111111011
111111111111111111111111111111111101111111111110111011101111101111111100111011111111100001111111111011
111111111111111111111111111111111011111111111110111011101111101111111111010111111111011111111111111011
111111111111111111111111111111110111111111111110110111101111101111111111001111111110111111111111111011
111111111111111111111111111111100111111111111110000000000000000111111110110111111110111111111111111011
111111111111111111111111111111001001111111111110110111101111101011111101111000000101111111111111111011
111111111111111111111111111100101110011111111110110111101111101101111011111111111011111111111111111011
111111111111111111111111100011101111100000000000000000001111101110000111111111110111111111111111111011
111111111111111111111111000111101111111111111111110111101111101111011111111111101111111111111111111011
111111111111111111111000101000101111111111111111110111101111101111011111111111011111111111111111111011
111111111111111111110111101111000000000000001111110111101111101111011111111110111111111111111111111011
111111111111111111001111101111101111111111110000000000000000000111011111111101111111111111111100000011
111111111111111110111111101111101111111111111111111111111111111000001111111011111111111111111011111111
111111111111111001111111101111101111111111111111111111111111111110110111110111111111111111110111111111
111111111111110111111111101111101111111111111111111111111111111110111000010111111111111111001111111111
111111111111101111111111101111101111111111111111111111111111111110111111101111111001111110111111111111
111111111000011111111111101111101111111111111111111111111111111110111111010111111010000001111111111111
111111111011111111111111100111101111111111111111111111111111111111011100111011111010101111111111111111
111111111101111111111111101000011111111111111111111111111111111111101011111100111010101111111111111111
111111111101111111111111101111011111111111111111111111111111111111110111111111011010101111111111111111
111111111101111111111111101111011111111111111111111111111111111111101111111111101010101111111111111111
111111111101111111111111101111011111111111111111111111111111111111011111111111110010101111111111111111
111111111101111111111111100001011111111111111111111111111111111110111111111111111000101111111111111111
111111111110111111111111101110011111111111111111111111111111111110011111111111111100000001111111111111
111111111110111111111111101111011111111111111111111111111111111101100111111111110011111100111111111111
111111111110111111111111101111011111111111111111111111111111111011111011111111101111111101011111111111
111111111111011000000000001111011111111111111111111111111111111011111101111111011111111011101111111111
111111111111000111111111011111011111111111111111111111111111110111111110000000111111111011110111111111
111111111111101111111111011111011000111111111111111111111111101001111000111111111111110111111011111111
111111111111101111111111011111011011000000000000000001111111011110110110111111111111110111111101111111
111111111111101111111111011111011011111111111111011110000000011111001110111111111111101111111110111111
111111111111101111111111011111011011111111111111011111101101101110111101111111111111101111111111001111
111111111111101111111111011111011011111111111111011111011101110101111101111111111111101111111111110111
111111111111101111111111011111000000000000000000011111011101111011111101111111111111011111111111111011
111111111111110111111111011111111111111111111111000000111000110111111011111111111110111111111111111011
111111111111110111111111011111111111111111111111011110111011001111110111111111111110111111111111111011
111111111111110111111111011111111111111111111110111101110111101111110000001111111110111111111111111011
111111111111111011111111011111111111111111111110111101110111101111101111110000111110111111111111110111
111111111111111000000000000000000000011111111110111101110111110111011111111101000000000001111111110111
111111111111100101111111101111110111101111111110000011110111111011011111111101111011111110111111101111
111111000000011101111111101111111011110011111110111011110111111011011111111101111011111111011111101111
111111101111111101111111101111111011111011111110111011110111111100111111111011111011111111100000101111
111111101111111110111111101111111011111011111110111011110111111110111111111000000011111111111111001111
111111110111111110111111101111111011111000000000001011101111111111011111111011110111111111111111111111
111111110111111110111111101111111011111111111111110011101111111111100111111011110111111111111111111111
111111111011111110111111101111111011001111111111111100011111111111011000000111110111111111111111111111
111111111101111110111111101000000000101111111111111111011111111110111111111011101111111111111111111111
111111111110111110000000000111111111101111111111111111011111111101111111111101101111111111111111111111
111111111110111111111111101111111111101111111111111110111111111011111111111110011111111111111111111111
111111111111011111111111101111111111101111111111111110111111111011111111111110111111111111111111111111
111111111111011111111111101111111111101111111111111101111100011011111111111110111111111111111111111111
111111111111011111111111101111111111101111111111110011111011100111000000000000111111111111111111111111
111111111111011111111111101111111111101111100000001001111011101111011111111110111111111111111111111111
111111111111011111111111101111111111101111011111110110011011101110111111111111011111111111111111111111
111111111111011111111111101111111111101110011111110111100111011110111111111111011111111111111111111111
111111111111101111111111101100000000000001011111110111110000011101111111111111101111111111111111111111
111111111111110111111111100011111111101111101111110111110111100000000000000000001111111111111111111111
111111111111111011111111101111111111101111110000000111110111111011111101111111011111111111111111111111
111111111111111011111111101111111111101111111111110111110111111011111101111111011111111111111111111111
111111111111111011111111101111111111101111111111110111110111110111111011111111011111111111111111111111
111111111111111101111111101111111111101111111111110111110111101111111011111111011111111111111111111111
111111111111111110111111101111111111101111111111110111110111011111110111111111011111111111111111111111
111111111111111111011111101111111111101111111111110000000000000001101111111110111111111111111111111111
111111111111111111011111101111111000001111111111110111111111111110001111111110111111111111111111111111
111111111111111111011111100000000111111111111111110111111111111111111111111101111111111111111111111111
111111111111111111011111110111111111111111111111110111111111111111111111111101111111111111111111111111
111111111111111111011111110111111111111111111111110111111111111111111111111011111111111111111111111111
111111111111111111011111110111111111111100000000000011111111111111111111100011111111111111111111111111
111111111111111111101111110111111111111101101110110100011111111110000000011011111111111111111111111111
111111111111111111101111110111111111111101101110110111100000000001111111111011111111111111111111111111
111111111111111111110111100000000000111101101110110111111111111111111111111011111111111111111111111111
111111111111111111111010011110111110111101101110110111111111111111111111111011111111111111111111111111
111111111111111111111101111110110000000000000000110111111111111111111111111011111111111111111111111111
111111111111111111111101111110001111111111111000000000011111111111111111111011111111111111111111111111
111111111111111111111110111111111111000000000111111111100000000000000000000011111111111111111111111111
111111111111111111111111011111111110111111111111111111111111111111111111111111111111111111111111111111
111111111111111111111111101100000001111111111111111111111111111111111111111111111111111111111111111111
111111111111111111111111100011111111111111111111111111111111111111111111111111111111111111111111111111
111111111111111111111111111111111111111111111111111111111111111111111111111111111111111111111111111111
144444444444444444444444444444444444444444444444444444444444444444444444444444444444444444444444444441
144444444444444444444444444444444444444444444444444444444444444444444444444444444444444444444444444441
144444444444444444444444444444444444444444444444444444444444444444444444444444444444444444444444444441
144444444444444444444444444444444444444444444444444444444444444444444444444444444444444444444444444441
144444444444444444444444444444444444444444444444444444444444444444444444444444444444444444444444444441
144444444444444444444444444444444444444444444444444444444444444444444444444444444444444444444444444441
144444444444444444444444444444444444444444444444444444444444444444444444444444444444444444444444444441
144444444444444444444444444444444444444444444444444444444444444444444444444444444444444444444444444441
144444444444444444444444444444444444444444444444444444444444444444444444444444444444444444444444444441
144444444444444444444444444444444444444444444444444444444444444444444444444444444444444444444444444441
111111111111111111111111111111111111111111111111111111111111111111111111111111111111111111111111111111