111111111111111111111111111111111111111111111111111111111111111111111111111111111111111111111111111111
111111111111111111111111111111111111111111111111111111111111111111111111111181111111111111111111111111
111111111111111111111111111111111111111111111111111111888888888888888888888811000000000001111111111111
111111111111111111111111111111111111111111111888888888111111111111111111111110101111111110000000000011
111111111111111111111111111111111111111111888111111111111011111111111111111101101111111111111111110011
111111111111111111111111111111111111111188111111111111110101111111111111111011101111111111111111101011
111111111111111111111111111111111111888811111111111110001110111100001111110111110111111111111111011011
111111111111111111111111111111118888111111111111111101011111000011110111001111110111111111111110111011
111111111111111111111111111888881111111111111111111101011111011111111010111111111011111111111001111011
111111111111111111111111118111111111111111111111111101101111011111111100111111111001111111110111111011
111111111111111111111111811111111111111111111111000011101111011111111011011111110111111111101111111011
111111111111111111111181111111111111111100000000111011101111011111110111100000001111111111011111111011
111111111111111111118111111111111111100011111110111011101111101111000111111101100000111000111111111011
111111111111111111181111111111111100011111111110111011101111100000111011111011111111000111111111111011
111111111111111111811111111111111011111111111110111011101111101111111101110111111111011111111111111011
111111111111111181111111111111110111111111111110110111101111101111111110000111111111011111111111111011
111111111111111811111111111111101111111111111110000000000000001111111100011000001110111111111111111011
111111111111118111111111111111000000111111111110110111101111100001111011111111110101111111111111111011
111111111111811111111111111110101111011111111110110111101111101110110111111111111011111111111111111011
111111111118111111111111000001101111100000000000000000001111101111001111111111110111111111111111111011
111111111181111111111000101001101111111111111111110111101111101111011111111111101111111111111111111011
111111111811111111000111101110101111111111111111110111101111101111011111111111011111111111111111111011
111111118111111100111111101111000000001111111111110111101111101110111111111110111111111111111111111011
111111118111111011111111101111101111110000000000000000000000001110111111111101111111111111111111111011
111111118111110111111111101111101111111111111111111111111111110000111111111011111111111111111111000111
111111118111001111111111101111101111111111111111111111111111111110000011111011111111111111110000111111
111111181110111111111111101111101111111111111111111111111111111110111100010111111111111110001111111111
111111181101111111111111101111101111111111111111111111111111111110111111101111111011111101111111111111
111111181011111111111111101111101111111111111111111111111111111110111111010111111000000011111111111111
111111811101111111111111100111101111111111111111111111111111111111011110111011111010101111111111111111
111111811101111111111111101000011111111111111111111111111111111111101101111100111010101111111111111111
111111811101111111111111101111011111111111111111111111111111111111110011111111011010101111111111111111
111111811110111111111111101111011111111111111111111111111111111111101111111111101010101111111111111111
111118111111011111111111101111011111111111111111111111111111111111011111111111110010101111111111111111
111118111111011111111111100000011111111111111111111111111111111110111111111111111000101111111111111111
111118111111011111111111101111011111111111111111111111111111111101011111111111111000000001111111111111
111181111111011111111111101111011111111111111111111111111111111101101111111111110111111100111111111111
111181111111011111111111101111011111111111111111111111111111111011110111111111101111111101011111111111
111181111111011100000000001111011111111111111111111111111111111011111001111100011111111011101111111111
111181111111000011111111101111011111111111111111111111111111110111111110000011111111111011110111111111
111181111111011111111111101111011000000000111111111111111111101011111100111111111111111011111011111111
111181111111011111111111101111011011111111000000000000011111011101110010111111111111110111111100111111
111181111111011111111111101111011011111111111111011111100000011110001101111111111111101111111111011111
111181111111101111111111101111011011111111111111011111101101101110111101111111111111011111111111101111
111181111111110111111111101111011011111111111111011111011011110101111011111111111110111111111111110111
111181111111110111111111101111000000000000000000011111011011111011110111111111111110111111111111111011
111181111111111011111111101111111111111111111111000000111001111011110111111111111110111111111111110111
111181111111111011111111011111111111111111111110111110110110010111110111111111111110111111111111110111
111181111111111011111111011111111111111111111110111110110111101111110000000011111110111111111111110111
111181111111111011111111011111111111111111111110111101110111110111110111111100011101111111111111110111
111181111100000000000000000000000111111111111110001011110111111011101111111011100000111111111111110111
111181110011111101111111011111110011111111111110110011110111111011101111111011111101000001111111110111
111181001111111101111111011111110100000011111110111011110111111101011111111011111101111110111111101111
111181011111111101111111011111110111111011111110111011110111111100111111111011111101111111000111101111
111181011111111110111111011111110111111011111110111011101111111110111111111000000011111111111000001111
111181011111111110111111101111110111111000000000011011011111111111011111111011111011111111111111111111
111181101111111110111111101111111011111111111111100001011111111111100011111011111011111111111111111111
111181101111111110111111101111111010001111111111111110011111111111011100000111110111111111111111111111
111181101111111110111111101111110001101111111111111110111111111111011111110111110111111111111111111111
111181110111111110000000000000001111101111111111111101111111111110111111111011101111111111111111111111
111181111011111111111111101111111111101111111111111011111111111101111111111101011111111111111111111111
111118111101111111111111101111111111101111111111111011111111111011111111111110011111111111111111111111
111118111110111111111111101111111111101111111111111011111100110111111111111110011111111111111111111111
111118111110111111111111101111111111101111111110000011111011000111000000000000111111111111111111111111
111111811111011111111111101111111111101111110001111000111011101110111111111110111111111111111111111111
111111811111101111111111101111111111101111001111111011001011011110111111111110111111111111111111111111
111111811111101111111111101111111111100000101111111011110000011101111111111110111111111111111111111111
111111181111101111111111101100000000001111101111111011110111001101111111111111011111111111111111111111
111111181111101111111111100011111111101111110111110111110111110000000000000000001111111111111111111111
111111181111110111111111101111111111101111110000000111110111110111111011111111101111111111111111111111
111111181111111011111111101111111111101111111111110111110111110111110111111111011111111111111111111111
111111181111111101111111101111111111101111111111110111110111110111110111111111011111111111111111111111
111111118111111101111111101111111111101111111111110111110111101111101111111111011111111111111111111111
111111118111111110111111101111111111101111111111110111110111011111101111111110111111111111111111111111
111111118111111110111111101111111111101111111111110000000000000000101111111110111111111111111111111111
111111118111111111011111100000000000001111111111110111111111111111001111111101111111111111111111111111
111111111811111111101111101111111111111111111111110111111111111111111111111101111111111111111111111111
111111111811111111101111101111111111111111111111110111111111111111111111111101111111111111111111111111
111111111181111111101111101111111111111111111111110111111111111111111111111011111111111111111111111111
111111111181111111101111101111111111111100000000000000000001111111100000000011111111111111111111111111
111111111118111111101111101111111111111101101110110111111110111000011111111011111111111111111111111111
111111111111811111110111110111111111111101101110110111111111000111111111111011111111111111111111111111
111111111111181111111011110000000000111101101110110111111111111111111111111011111111111111111111111111
111111111111118111111100001110111111011101101110110111111111111111111111111011111111111111111111111111
111111111111111811111101111110111110000000000000110111111111111111111111111011111111111111111111111111
111111111111111181111110111110000001111111111000000000011111111111111111111011111111111111111111111111
111111111111111118111111011111111110000000000111111111100000000000000000000011111111111111111111111111
111111111111111111811111011111110001111111111111111111111111111111111111111111111111111111111111111111
111111111111111111181111011111101111111111111111111111111111111111111111111111111111111111111111111111
111111111111111111118111100000011111111111111111111111111111111111111111111111111111111111111111111111
111111111111111111111811111111111111111111111111111111111111111111111111111111111111111111111111111111
144444444444444444444444444444444444444444444444444444444444444444444444444444444444444444444444444441
144444444444444444444444444444444444444444444444444444444444444444444444444444444444444444444444444441
144444444444444444444444444444444444444444444444444444444444444444444444444444444444444444444444444441
144444444444444444444444444444444444444444444444444444444444444444444444444444444444444444444444444441
144444444444444444444444444444444444444444444444444444444444444444444444444444444444444444444444444441
144444444444444444444444444444444444444444444444444444444444444444444444444444444444444444444444444441
144444444444444444444444444444444444444444444444444444444444444444444444444444444444444444444444444441
144444444444444444444444444444444444444444444444444444444444444444444444444444444444444444444444444441
144444444444444444444444444444444444444444444444444444444444444444444444444444444444444444444444444441
144444444444444444444444444444444444444444444444444444444444444444444444444444444444444444444444444441
111111111111111111111111111111111111111111111111111111111111111111111111111111111111111111111111111111