1111111111111111111111111111111111111111111111111111111111111111111111111111111111111111111111111111111111111111111111111111111111111111111111111111111111111111111111111111111111111111111111111111111111
1111111111111111111111111111111111111111111111111111111111111111111111111111111111111111111111111111111111111111111111111111111111111111111111111111111111111111111111111111111111111111111111111111111111
1111111111111111111111111111111111111111111111111111111111111111111111111111111111111111111111111111111111111111111111111111111111111111111111111111111111111111111111111111111111111111111111111111111111
1111111111111111111111111111111111111111111111111111111111111111111111111111111111111111111188888888888888888888881111111111111111111111111111111111111111111111111111111111111111111111111111111111111111
1111111111111111111111111111111111111111111111111111111111111111111111111111111111111888888811111111111111111111118111111111111111111111111111111111111111111111111111111111111111111111111111111111111111
1111111111111111111111111111111111111111111111111111111111111111111111111111118888888111111111111111111110000111111888111111111111111111111111111111111111111111111111111111111111111111111111111111111111
1111111111111111111111111111111111111111111111111111111111111111111111888888881111111111000000000000000001101000111111811111111111111111111111111111111111111111111111111111111111111111111111111111111111
1111111111111111111111111111111111111111111111111111111111111188888888111000000000000000111111111111111111101111000000088811111111111111111111111111111111111111111111111111111111111111111111111111111111
1111111111111111111111111111111111111111111111111111111888888811111000000011111011111111111111111111111111101111110111101188111111111111111111111111111111111111111111111111111111111111111111111111111111
1111111111111111111111111111111111111111111111118888888111111111110111110111111011111111111111111111111111011111110111110111881111111111111111111111111111111111111111111111111111111111111111111111111111
1111111111111111111111111111111111188888888888881111111111110000001111101111111101111111111111111111111111011111101111110001118811111111111111111111111111111111111111111111111111111111111111111111111111
1111111111111111111111111111188888811111111111111111100000000111111111101111111110111111111111111111111110111111101111110110111188111111111111111111111111111111111111111111111111111111111111111111111111
1111111111111111111111118888811111111111111111100000011111101111111111011111111111011111111111111111111110111111101111110111011111881111111111111111111111111111111111111111111111111111111111111111111111
1111111111111111111118881111111111111111111111011111111111011111111110111111111111101111111111111111111110111111011111110111101111118881111111111111111111111111111111111111111111111111111111111111111111
1111111111111111111188111111111111111111111100111111111110111111111101111111111111010111111111111111111110111111011111110111110111111118811111111111111111111111111111111111111111111111111111111111111111
1111111111111111118811111111111111111111111011111111100001111111111011111111111110111011111111111111110000111111011111101111111001111111188111111111111111111111111111111111111111111111111111111111111111
1111111111111111881111111111111111111111000111111111011110111111110111111111100001111101111111111111101101111111011111011111111100001111111881111111111111111111111111111111111111111111111111111111111111
1111111111111888111111111111111111111100111111111110111111011111101111111111011111111110111111111110011101111111011111011111111101110011111118881111111111111111111111111111111111111111111111111111111111
1111111111111811111111111111111110000011111111110001111111101111011111111110111111111111011111111001111101111111011111011111111101111100011111118811111111111111111111111111111111111111111111111111111111
1111111111881111111111111111111101011111111111101111111111110110101111111101111111111111101111110111111101111111011111011111111011111111100011111188811111111111111111111111111111111111111111111111111111
1111111188111111111111111111100011011111111111011111111111111001110111111011111111111111110110001111111101111111011111011111111011111111111101111111188111111111111111111111111111111111111111111111111111
1111118811111111111111111111011111101111111100111111111111110101111011110111111111111111111001111111111011111111011111011111111011111111111110011111111811111111111111111111111111111111111111111111111111
1111181111111111111111111100111111110111111011111111111111001110111101001111111111111111111011111111111011111111011111011111111011111111111111101111111181111111111111111111111111111111111111111111111111
1118111111111111111111100011111111111011110111111111111110111110111100111111111111111111100011111111110001111111011110111111111011111111111111110111111111811111111111111111111111111111111111111111111111
1181111111111111111111010111111111111011101111111111111001111111010011011111111111111111011101111111101010111110111101111111111011111111111111111011111111181111111111111111111111111111111111111111111111
1111111111111111111110110111111111111100011111111111110111111111101111011111111111111100111101111100011011000000000011111111111011111111111111111101111111118111111111111111111111111111111111111111111111
1111111111111111110001111011111111111101111111111111101111111111011111101111111111111011111101111011110111111101111000011111111011111111111111111110111111111811111111111111111111111111111111111111111111
1111111111111111001111111011111111111001111111111111011111111100111111110111111111110111111110110111110111111011111011100000000011111111111111111111001111111181111111111111111111111111111111111111111111
1111111111111110011111111101111111110101111111111110111111111011111111111011111111101111111111001111110111111011110111101111111011111111111111111110000111111111811111111111111111111111111111111111111111
1111111111111101011111111101111111001001111111000001111111110111111111111101111111110111111110101111101111111011110111101111111011111111111111111001111011111111181111111111111111111111111111111111111111
1111111111111011011111111110111100111100111110111101111111101111111111111110111111111011111101101111011111110111101111011111111011111111111111110111111101111111118111111111111111111111111111111111111111
1111111111110111011111111111011011111101011101111101111111011111111111111111011111111101111011101111011111110111011111011111111011111111111110001111111110011111111811111111111111111111111111111111111111
1111111111110111011111111111010111111110101011111110111110111111111111111111011111111101100111110111011111110111011111011111111011111111111101111111111111101111111181111111111111111111111111111111111111
1111111111101111011111111111101111111110110111111111011101111111111111111111101111111110000001111010111111101110111111011111111011111111111011111111111111110111111111811111111111111111111111111111111111
1111111111011111011111111111101111111110101111111111100011111111111111111111101111111101111110000000000000000000000000000011111011111111110111111111111111111011111111181111111111111111111111111111111111
1111111110111111001111111111101111111100011111111110011111111111111111111111110111000011111111111111111111101111111111011100000011111111101111111111111111111101111111118111111111111111111111111111111111
1111111110111000110001111111101111110011111111111101111111111111111111111111111000111111111111111111111111101111111111011111111011111111011111111111111111111110111111111811111111111111111111111111111111
1111111111010111111110011111110111101111111111111011111111111111111111111111111011111111111111111111111111101111111111011111111011111110111111111111111111111111011111111181111111111111111111111111111111
1111111111001111111101101111111011011111111111000111111111111111111111111111111011111111111111111111111111101111111111011111110111111101111111111111111111111111101111111111811111111111111111111111111111
1111111110011111110011110111111100111111111110111111111111111111111111111111111011111111111111111111111111101111111111011111110111111011111111111111111111111111110001111111181111111111111111111111111111
1111111001101111101111111011111101111111111001111111111111111111111111111111111011111111111111111111111111011111111111011111110111110111111111111111111111111111111110011111118111111111111111111111111111
1111110111110110011111111100001010111111110111111111111111111111111111111111111011111111111111111111111111011111111111011111110111101111111111111111111111111111111111101111118111111111111111111111111111
1111101111111001111111111111110111011111101111111111111111111111111111111111111011111111111111111111111111011111111111011111110110011111111111111111111111111111111111110111111811111111111111111111111111
1111011111111011111111111111001111101111011111111111111111111111111111111111111011111111111111111111111111000011111111011111110101111111111111111111111111111111111111111011111181111111111111111111111111
1110111111100101111111111110111111101110111111111111111111111111111111111111111101111111111111111111111110101100001111011111110011111111111111111111111111111111111111111101111118111111111111111111111111
1101111110011110111111111101111111101101111111111111111111111111111111111111111110111111111111111111111101101111110000011111110111111111111111111111111111111111111111100000011111811111111111111111111111
1110111101111110011111111011111111101011111111111111111111111111111111111111111111011111111111111111111011101111111111011111101011111111111111111111111111111111111111011111111111811111111111111111111111
1110111011111101101111110111111111110111111111111111111111111111111111111111111111011111111111111111110111101111111111011111011011111111111111111111111111111111111100111111111111181111111111111111111111
1110000111111011110111001111111111001011111111111111111111111111111111111111111111101111111111111111101111101111111111011100111011111111111111111111111111111111111011111111111111118111111111111111111111
1110111111100111111000111111111110111101111111111111111111111111111111111111111111101111111111111111011111101111111111010011111011111111111111111111111111111111110111111111111111111811111111111111111111
1110111111011111110101111111111101111110111111111111111111111111111111111111111111101111111111111100111111101111111111001111111011111111111111111111111111110000001111111111111111111811111111111111111111
1111011100111111101110111111111011111110111111111111111111111111111111111111111111101111111111111011111111101111111100011111111011111111111111111111111111101111111111111111111111111118111111111111111111
1111010011111110011110111111110111111110111111111111111111111111111111111111111111101111111111110111111111101111111011111111111011111111111111111111111111011111111111111111111111111118111111111111111111
1111001111110001111111011111001111111110111111111111111111111111111111111111111111110111111111101111111111110111110111111111111011111111111111111111111110111111111111111111111111111111181111111111111111
1111100111101111111111011100111111111111011111111111111111111111111111111111111111110111111111011111111111110111001111111111111011111111111111111111110001111111111111111111111111111111181111111111111111
1111111010011111111111100011111111111111011111111111111111111111111111111111111111111011111100111111111111110110111111111111111011111111110000000000001111111111111111111111111111111111118111111111111111
1111111101111111111111001111111111111111011111111111111111111111111111111111111111111011111011111111111111110101111111111111111011111110000111111111111111111111111111111111111111111111111811111111111111
1111111101111111111110110111111111111111101111111111111111111111111111111111111111111101110111111111111111110011111111111110000000000001110111111111111111111111111111111111111111111111111811111111111111
1111111101111111110001110111111111111111110111111111111111111111111111111111111111111101101111111111111100000000000000000001111011111111110111111111111111111111111111111111111111111111111811111111111111
1111111101111111101111111011111111111111110111111111111111111111111111111111111111111101011111111111110011111111111111011111111011111111110111111111111111111111111111111111111111111111111181111111111111
1111111110111110011111111101111111111111111011111111111111111111111111111111111111111100111111100000001111111111111111011111111011111111110111111111111111111111111111111111111111111111111181111111111111
1111111110111101111111111101111111111111111011111111111111111111111111111111111100000000000000011111111111111111111111011111111011111111110111111111111111111111111111111111111111111111111118111111111111
1111111111011011111111111110111111111111111011111111111111111111111111111111100011111110111111111111111111111111111111011111111011111111111011111111111111111111111111111111111111111111111111811111111111
1111111111000111111111111110111111111111111101111111111111111111111111110000011111111110111111111111111111111111111111011111111011111111111011111111111111111111111111111111111111111111111111181111111111
1111111111011111111111111110111111111111111101111111000000000000000000001111111111111110111111111111111111111111111111011111111011111111111011111111111111111111111111111111111111111111111111181111111111
1111111111101111111111111111011111111111111101111000111011111111011111111111111111111110111111111111111111111111111111011111111011111111111011111111111111111111111111111111111111111111111111118111111111
1111111111101111111111111111011111111100000000000011111011111111011111111111111111111111011111111111111111111111111111011111111011111111111011111111111111111111111111111111111111111111111111118111111111
1111111111101111111111111111101111111010111101111011111011111111011111111111111111111111011111111111111111111111111111011111111011111111111011111111111111111111111111111111111111111111111111111811111111
1111111111101111111111111111101100000101111101111011111011111111011111111111111111111111011111111111111111111111111111011111111011111111111011111111111111111111111111111111111111111111111111111811111111
1111111111101111111111111111100011111011111101111011111011111111011111111111111111111111011111111111111111111111111111011111111011111111111011111111111111111111111111111111111111111111111111111181111111
1111111111101111111111111111011111110111111101111011111011111111101111111111111111111111011111111111111111111111111111101111111101111111111011111111111111111111111111111111111111111111111111111181111111
1111111111101111111111111110111111101111111101111011111101111111110111111111111111111111011111111111111111111111111111101111111110111111111011111111111111111111111111111111111111111111111111111118111111
1111111111101111111111100001111111011111111100111011111101111111110111111111111111111111011111111111111111111111111111101111111110111111111011111111111111111111111111111111111111111111111111111118111111
1111111111101111111000011111111110111111111101001011111101111111110111111111111111111111011111111111111111111111111111101111111110111111111011111111111111111111111111111111111111111111111111111111811111
1111111111100000000111111111111101111111111101110000000001111111110111111111111111111111011111111111111111111111111111101111111110111111111011111111111111111111111111111111111111111111111111111111811111
1111111111101111111111111111111011111111111101111011111101111111110111111111111111111111011111111111111111111111111111110111111110111111111011111111111111111111111111111111111111111111111111111111811111
1111111111101111111111111111110111111111111101111011111101111111110111111111111111111111011111111111111111111111111111110111111110111111111011111111111111111111111111111111111111111111111111111111811111
1111111111101111111111111111001111111111111101110111111101111111110111111111111111111111011111111111111111111111111111110111111110111111111101111111111111111111111111111111111111111111111111111111811111
1111111111101111111111111110111111111111111011110111111101111111110111111111111111111111011111111111111111111111111111110111111111011111111101111111111111111111111111111111111111111111111111111111811111
1111111111101111111111111101111111111111111011110111111101111111110111111111111111111111011111111111111111111111111111100011111111011111111101111111111111111111111111111111111111111111111111111111811111
1111111111101111111111111011111111111111110111110111111101111111110111111111111111111111011111111111111111111111111110011111111111011111111101111111111111111111111111111111111111111111111111111111811111
1111111111101111111111110111111111111111101111101111111101111111110111111111111111111111011111111111111111111111111101111111111111011111111101111111111111111111111111111111111111111111111111111111811111
1111111111101111111111101111111111111111101111101111111101111111110111111111111111111111011111111111111111111111100011111111111111011111111101111111111111111111111111111111111111111111111111111111811111
1111111111101111111111011111111111111111101111101111111101111111110111111111111111111111011111111111111111111111011111111111111111011111111101111111111111111111111111111111111111111111111111111111811111
1111111111101111111100111111111111111111011111100000000001111111110111111111111111111111011111111111111111111110111111111111111110000000000001111111111111111111111111111111111111111111111111111111811111
1111111111101111111011111111111111111111000000001111111101111111110111111111111111111111101111111111111111111110111111111111110001111111111101111111111111111111111111111111111111111111111111111111811111
1111111111101111110111111111111111111111111111011111111110111111110111111111111111111111101111111111111111111101111111111111101111111111111101111111111111111111111111111111111111111111111111111111811111
1111111111101111101111111111111111111111111111011111111110111111110111111111111111111111101111111111111111111101111111000000011111111111111101111111111111111111111111111111111111111111111111111111811111
1111111111101111011111111111111111111111111111101111111110111111110111111111111111111111101111111111111111111101111110111111111111111111111101111111111111111111111111111111111111111111111111111118111111
1111111111101110111111111111111111111111111111101111111110111111110111111111111111111111101111111111111111111010000001111111111111111111111101111111111111111111111111111111111111111111111111111118111111
1111111111101101111111111111111111111111111111101111111110111111111011111111111111111111101111111111111111110001111111111111111111111111111101111111111111111111111111111111111111111111111111111118111111
1111111111101011111111111111111111111111111111101111111110111111111011111111111111111110000000000000000000000111111111111111111111111111111101111111111111111111111111111111111111111111111111111181111111
1111111111100111111111111111111111111111111111101111111110111111111000000000000000000001101111111111111111111011111111111111111111111111111011111111111111111111111111111111111111111111111111111181111111
1111111111100000000000000111111111111111111111101111111110111111111011111111111111111111101111111111111111111101111111111111111111111111111011111111111111111111111111111111111111111111111111111811111111
1111111111110111111111111000000000000000000000001111111110111111111011111111111111111111101111111111111111111101111111111111111111111111111011111111111111111111111111111111111111111111111111111811111111
1111111111110111111111111111111111111111111111110111111111011111111011111111111111111111110111111111111111111110111111111111111111111111111011111111111111111111111111111411111111111111111111118111111111
1111111111110111111111111111111111111111111111110111111111011111111011111111111111111111110111111111111111111110111111111111111111111111111011111111111111111111111111114444411111111111111111181111111111
1111111111110111111111111111111111111111111111110111111111011111111011111111111111111111110111111111111111111110111111111111111111111111111011111111111111111111111111144444444441111111111111181111111111
1111111111111011111111111111111111111111111111110111111111011111111011111111111111111111110111111111111111111110111111111111111111111111111011111111111111111111111111144444444444444111111111811111111111
1111111111111011111111111111111111111111111111110111111111011111111011111111111111111111110111111111111111111110111111111111111111111111111011111111111111111111111111144444444444444444411118111111111111
1111111111111011111111111111111111111111111111110111111111011111111011111111111111111111110111111111111111111110111111111111111111111111111011111111111111111111111111144444444444444444411118111111111111
1111111111111011111111111111111111111111111111110111111111011111111011111111111111111111110111111111111111111110111111111111111111111111111011111111111111111111111111444444444444444444111181111111111111
1111111111111011111111111111111111111111111111110111111111011111111011111111111111111111111011111111111111111110111111111111110000000000000011111111111111111111111111444444444444444444111181111111111111
1111111111111011111111111111111111111111111111111011111110011111111011111111111111111111111011111111111111111110111111111111001111111111110111111111111111111111111111444444444444444444111811111111111111
1111111111111011111111111111111111111111111111111011100001011111111101111111111111111111111011111111111111000000000000000000111111111111101111111111111111111111111114444444444444444441111811111111111111
1111111111111101111111111111111111111111111111111000011111011111111101111111111111111111111011111110000000111111111111111111111111111111011111111111111111111111111114444444444444444441118111111111111111
1111111111111110111111111111111111111111111111111111111111011111111110111111111111111111111000000001111111111111111111111111111111111110111111111111111111111111111114444444444444444441181111111111111111
1111111111111110111111111111111111111111111111111111111111011111111110111111111111111111111011111111111111111111111111111111111111111101111111111111111111111111111144444444444444444411181111111111111111
1111111111111110111111111111111111111111111111111111111111011111111110111111111111111111111011111111111111111111111111111111111111111011111111111111111111111111111144444444444444444411811111111111111111
1111111111111111011111111111111111111111111111111111111111011111111110111111111111111111111011111111111111111111111111111111111111110111111111111111111111111111111144444444444444444411811111111111111111
1111111111111111101111111111111111111111111111111111111111011111111111011111111111111111111011111111111111111111111111111111111111101111111111111111111111111111111444444444444444444118111111111111111111
1111111111111111101111111111111111111111111111111111111111011111111111011111111111111111111011111111111111111111111111111111111111011111111111111111111111111111111444444444444444444118111111111111111111
1111111111111111110111111111111111111111111111111111111111011111111111011111111111111111111011111111111111111111111111111111111110111111111111111111111111111111111444444444444444444444444444444411111111
1111111111111111111011111111111111111111111111111111111111011111111111011111111111111111111101111111111111111111111111111111111101111111111111111111111111111111114444444444444444444444444444444111111111
1111111111111111111011111111111111111111111111111111111111011111111111011111111111111111111101111111111111111111111111111111111011111111111111111111111111111111114444444444444444444444444444444111111111
1111111111111111111011111111111111111111111111111111111111011111111111011111111111111111111101111111111111111111111111111111110111111111111111111111111111111111114444444444444444444444444444441111111111
1111111111111111111011111111111111111111111111111111111111011111111111011111111111111111111101111111111111111111111111111111101111111111111111111111111111111111144444444444444444444444444444441111111111
1111111111111111111011111111111111111111111111111111111111101111111111011111111111111111111101111111111111111111111111111111011111111111111111111111111111111111144444444444444444444444444444441111111111
1111111111111111111101111111111111111111111111111111111111101111111111011111111111111111111101111111111111111111111111111110111111111111111111111111111111111111144444444444444444444444444444411111111111
1111111111111111111110111111111111111111111111111111111111101111111111011111111111111111111101111111111111111111111111111101111111111111111111111111111111111111444444444444444444444444444444411111111111
1111111111111111111110111111111111111111111111111111111111101111111111011111111111111111111101111111111111111111111111111011111111111111111111111111111111111111444444444444444444444444444444111111111111
1111111111111111111110111111111111111111111111111111111111101111111111011111111111111111111101111111111111111111111111110111111111111111111111111111111111111111444444444444444444444444444444111111111111
1111111111111111111110111111111111111111111111111111111111110111111111011111111111111111111001111111111111111111111111101111111111111111111111111111111111111114444444444444444444444444444441111111111111
1111111111111111111111011111111111111111111111111111111111110000000000000000000000000000000101111111111111111111111111011111111111111111111111111111111111111114444444444444444444444444444441111111111111
1111111111111111111111011111111111111111111111111111111111110111111111111111111111111111111101111111111111111111111111011111111111111111111111111111111111111114444444444444444444444444444441111111111111
1111111111111111111111011111111111111111111111111111111111110111111111111111111111111111111101111111111111111111111110111111111111111111111111111111111111111144444444444444444444444444444411111111111111
1111111111111111111111011111111111111111111111111111111111111011111111111111111111111111111101111111111111111111111101111111111111111111111111111111111111111144444444444444444444444444444411111111111111
1111111111111111111111011111111111111111111111111111111111111011111111111111111111111111111110111111111111111111111011111111111111111111111111111111111111111144444444444444444444444444444111111111111111
1111111111111111111111101111111111111111111111111111111111111011111111111111111111111111111110111111111111111111110111111111111111111111111111111111111111111444444444444444444444444444444111111111111111
1111111111111111111111101111111111111111111111111111111111111011111111111111111111111111111110111111111111111111101111111111111111111111111111111111111111111444444444444444444444444444444111111111111111
1111111111111111111111110111111111111111111111111111111111111011111111111111111111111111111110111111111111111111011111111111111111111111111111111111111111111444444444444444444444444444441111111111111111
1111111111111111111111111011111111111111111111111111111111111011111111111111111111111111111110111111111111111110111111111111111111111111111111111111111111114444444444444444444444444444441111111111111111
1111111111111111111111111011111111111111111111111111111111111011111111111111111111111111111110111111111111111101111111111111111111111111111111111111111111114444444444444444444444444444411111111111111111
1111111111111111111111111101111111111111111111111111111111111011111111111111111111111111111111011111111111111001111111111111111111111111111111111111111111114444444444444444444444444444411111111111111111
1111111111111111111111111101111111111111111111111111111111111011111111111111111111111111111111101111111111110110011111111111111111111111111111111111111111144444444444444444444444444444111111111111111111
1111111111111111111111111101111111111111111111111111111111111011111111111111111111111111111111110111111111101111100111111111111111111111111111111111111111144444444444444444444444444444111111111111111111
1111111111111111111111111101111111111111111111111111111111111101111111111111111111111111111111111011111111011111111011111111111111111111111111111111111111144444444444444444444444444444111111111111111111
1111111111111111111111111101111111111111111111111111111111111101111111111111111111111111111111111011111110111111111101111111111111111111111111111111111111444444444444444444444444444441111111111111111111
1111111111111111111111111110111111111111111111111111111111111101111111111111111111111111111111111011111101111111111101111111111111111111111111111111111111444444444444444444444444444441111111111111111111
1111111111111111111111111110111111111111111111111111111111111101111111111111111111111111111111111011111011111111111011111111111111111111111111111111111111444444444444444444444444444411111111111111111111
1111111111111111111111111111011111111111111111111111111111111101111111111111111111111111111111111011111011111111111011111111111111111111111111111111111114444444444444444444444444444411111111111111111111
1111111111111111111111111111101111111111111111111111111111111101111111111111111111111111111111111011110111111111110111111111111111111111111111111111111114444444444444444444444444444411111111111111111111
1111111111111111111111111111110111111111111111111111111111111101111111111111111111111111111111111011110111111111110111111111111111111111111111111111111114444444444444444444444444444111111111111111111111
1111111111111111111111111111110111111111111111111111111111111101111111111111111111111111111111111011101111111111110111111111111111111111111111111111111144444444444444444444444444444111111111111111111111
1111111111111111111111111111110111111111111111111111111111111101111111111111111111111111111111111011011111111111101111111111111111111111111111111111111144444444444444444444444444441111111111111111111111
1111111111111111111111111111110111111111111111111111111111111101111111111111111111111111111111111010111111111111101111111111111111111111111111111111111144444444444444444444444444441111111111111111111111
1111111111111111111111111111111011111111111111111111111111111000000000000000000000000000011111111001111111111111011111111111111111111111111111111111111444444444444444444444444444411111111111111111111111
1111111111111111111111111111111101111111111111111111111111110111111111111111111111111111100000000001111111111110111111111111111111111111111111111111111444444444444444444444444444411111111111111111111111
1111111111111111111111111111111101111111111111111111111100001111111111111111111111111111111111110110001111111110111111111111111111111111111111111111111444444444444444444444444444411111111111111111111111
1111111111111111111111111111111101111111111111111111110011111111111111111111111111111111111111101111110011111110111111111111111111111111111111111111114444444444444444444444444444111111111111111111111111
1111000001111111111111111111111110111111111111111111101111111111111111111111111111111111111111011111111101111101111111111111111111111111111111111111114444444444444444444444444444111111111111111111111111
1111011110000000000000001111111110111111111111100000011111111111111111111111111111111111111110111111111110011101111111111111111111111111111111111111114444444444444444444444444441111111111111111111111111
1111011111111111111111110000011110111111111000011111111111111111111111111111111111111111111101111111111111100001111111111111111111111111111111111111144444444444444444444444444441111111111111111111111111
1111011111111111111111111111100000000000000111111111111111111111111111111111111111111111111011111111111111111111111111111111111111111111111111111111144444444444444444444444444441111111111111111111111111
1111011111111111111111111111111111011111110011111111111111111111111111111111111111111111110111111111111111111111111111111111111111111111111111111111144444444444444444444444444411111111111111111111111111
1111011111111111111111111111111111011111111101111111111111111111111111111111111111111111101111111111111111111111111111111111111111111111111111111111144444444444444444444444444411111111111111111111111111
1111011111111111111111111111111111011111111110000000011111111111111111111111111111111111011111111111111111111111111111111111111111111111111111111111144444444444444444444444444411111111111111111111111111
1111011111111111111111111111111111011111111111111101100000000000000000000000001111111110111111111111111111111111111111111111111111111111111111111111144444444444444444444444444411111111111111111111111111
1111011111111111111111111111111111011111111111111101111111111111111101111111110000000000111111111111111111111111111111111111111111111111111111111111144444444444444444444444444411111111111111111111111111
1110111111111111111111111111111111011111111111111101111111111111111101111111111111111101000000111111111111111111111111111111111111111111111111111111144444444444444444444444444411111111111111111111111111
1110111111111111111111111111111111011111111111111101111111111111111101111111111111111101111111000000001111111111111111111111111111111111111111111111444444444444444444444444444411111111111111111111111111
1101111111111111111111111111111111011111111111111101111111111111111101111111111111111011111111111111010001111111111111111111111111111111111111111111444444444444444444444444444411111111111111111111111111
1101111111111111111111111111111111011111111111111101111111111111111101111111111111111011111111111110111110000111111111111111111111111111111111111111444444444444444444444444444411111111111111111111111111
1101111111111111111111111111111111011111111111111101111111111111111101111111111111111011111111111110111111111000000001111111111111111111111111111111444444444444444444444444444411111111111111111111111111
1101111111111111111111111111111110111111111111111101111111111111111101111111111111111011111111111110111111111111111101111111111111111111111111111111444444444444444444444444444411111111111111111111111111
1101111111111111111111111111111101111111111111111101111111111111111101111111111111111011111111111110111111111111111101111111111111111111111111111111444444444444444444444444444441111111111111111111111111
1101111111111111111111111111111101111111111111111101111111111111111101111111111111111011111111111110111111111111111101111111111111111111111111111114444444444444444444444444444444441111111111111111111111
1100111111111111111111111111111011111111111111111101111111111111111101111111111111111011111111111110111111111111111101111111111111111111111111111114444444444444444444444444444444444441111111111111111111
1111000000000000000000001111111011111111111111111101111111111111111101111111111111111011111111111110111111111111111101111111111111111111111111111114444444444444444444444444444444444444441111111111111111
1111111111111111111111110011111011111111111111111011111111111111111101111111111111111011111111111110111111111111111101111111111111111111111111111114444444444444444444444444444444444444444441111111111111
1111111111111111111111111100000001111111111111111011111111111111111101111111111111111011111111111110111111111111111101111111111111111111111111111114444444444444444444444444444444444444444444441111111111
1111111111111111111111111111111110111111111111111011111111111111111101111111111111111011111111111110111111111111111101111111111111111111111111111114444444444444444444444444444444444444444444444441111111
1111111111111111111111111111111111001111111111111011111111111111111101111111111111111011111111111110111111111111111101111111111111111111111111111144444444444444444444444444444444444444444444444444441111
1111111111111111111111111111111111110111111111111011111111111111111101111111111111110111111111111110111111111111111101111111111111111111111111111144444444444444444444444444444444444444444444444444444441
1111111111111111111111111111111111111000000000000000001111111111111011111111111111110111111111111110111111111111111101111111111111111111111111111144444444444444444444444444444444444444444444444444444441
1111111111111111111111111111111111111111111111111111110000000000000000111111111111110111111111111110111111111111111101111111111111111111111111111144444444444444444444444444444444444444444444444444444441
1111111111111111111111111111111111111111111111111111111111111111111111011111111111101111111111111110111111111111111101111111111111111111111111111144444444444444444444444444444444444444444444444444444441
1111111111111111111111111111111111111111111111111111111111111111111111100000000000000111111111111110111111111111111011111111111111111111111111111444444444444444444444444444444444444444444444444444444441
1111111111111111111111111111111111111111111111111111111111111111111111111111111111111000000011111110111111111111111011111111111111111111111111111444444444444444444444444444444444444444444444444444444441
1441111111111111111111111111111111111111111111111111111111111111111111111111111111111111111100000000011111111111111011111111111111111111111111111444444444444444444444444444444444444444444444444444444441
1444111111111111111111111111111111111111111111111111111111111111111111111111111111111111111111111111101111111111110111111111111111111111111111111444444444444444444444444444444444444444444444444444444441
1444444111111111111111111111111111111111111111111111111111111111111111111111111111111111111111111111110000000000000111111111111111111111111111111444444444444444444444444444444444444444444444444444444441
1444444444111111111111111111111111111111111111111111111111111111111111111111111111111111111111111111111111111111111111111111111111111111111111111444444444444444444444444444444444444444444444444444444441
1444444444444111111111111111111111111111111111111111111111111111111111111111111111111111111111111111111111111111111111111111111111111111111111114444444444444444444444444444444444444444444444444444444441
1444444444444444111111111111111111111111111111111111111111111111111111111111111111111111111111111111111111111111111111111111111111111111111111114444444444444444444444444444444444444444444444444444444441
1444444444444444444111111111111111111111111111111111111111111111111111111111111111111111111111111111111111111111111111111111111111111111111111114444444444444444444444444444444444444444444444444444444441
1444444444444444444444444444444444411111111111111111111111111111111111111111111111111111111111111111111111111111111111111111111111111111111111114444444444444444444444444444444444444444444444444444444441
1444444444444444444444444444444444444111111111111111111111111111111111111111111111111111111111111111111111111111111111111111111111111111111111114444444444444444444444444444444444444444444444444444444441
1444444444444444444444444444444444444441111111111111111111111111111111111111111111111111111111111111111111111111111111111111111111111111111111114444444444444444444444444444444444444444444444444444444441
1444444444444444444444444444444444444444411111111111111111111111111111111111111111111111111111111111111111111111111111111111111111111111111111144444444444444444444444444444444444444444444444444444444441
1444444444444444444444444444444444444444444111111111111111111111111111111111111111111111111111111111111111111111111111111111111111111111111111144444444444444444444444444444444444444444444444444444444441
1444444444444444444444444444444444444444444411111111111111111111111111111111111111111111111111111111111111111111111111111111111111111111111111144444444444444444444444444444444444444444444444444444444441
1444444444444444444444444444444444444444444441111111111111111111111111111111111111111111111111111111111111111111111111111111111111111111111111144444444444444444444444444444444444444444444444444444444441
1444444444444444444444444444444444444444444444111111111111111111111111111111111111111111111111111111111111111111111111111111111111111111111111144444444444444444444444444444444444444444444444444444444441
1444444444444444444444444444444444444444444444411111111111111111111111111111111111111111111111111111111111111111111111111111111111111111111111144444444444444444444444444444444444444444444444444444444441
1444444444444444444444444444444444444444444444441111111111111111111111111111111111111111111111111111111111111111111111111111111111111111111111444444444444444444444444444444444444444444444444444444444441
1444444444444444444444444444444444444444444444444444444444111111111111111111111111111111111111111111111111111111111111111111111111111111111111444444444444444444444444444444444444444444444444444444444441
1444444444444444444444444444444444444444444444444444444444444444444411111111111111111111111111111111111111111111111111111111111111111111111111444444444444444444444444444444444444444444444444444444444441
1444444444444444444444444444444444444444444444444444444444444444444444444444411111111111111111111111111111111111111111111111111111111111111111444444444444444444444444444444444444444444444444444444444441
1444444444444444444444444444444444444444444444444444444444444444444444444444444444444411111111111111111111111111111111111111111111111111111111444444444444444444444444444444444444444444444444444444444441
1444444444444444444444444444444444444444444444444444444444444444444444444444444444444444444441111111111111111111111111111111111111111111111111444444444444444444444444444444444444444444444444444444444441
1111111111111111111111111111111111111111111111111111111111111111111111111111111111111111111111111111111111111111111111111111111111111111111111111111111111111111111111111111111111111111111111111111111111