111111111111111111111111111111111111111111111111111111111111111111111111111111111111111111111111111111
111111111111111111111111111111111111111111111111111111111111111111111111111111111111111111111111111111
111111111111111111111111111111111111111111111111111111111111111111111111111111000011111111111111111111
111111111111111111111111111111111111111111111111111111111111111111111111111110011100000000000000000011
111111111111111111111111111111111111111111111111111111110011111111111111111101101111111111111111100011
111111111111111111111111111111111111111111111111111111001101111111111111111011101111111111111111011011
111111111111111111111111111111111111111111111111111110111110111100001111110111101111111111111110111011
111111111111111111111111111111111111111111111111111110011111000011110111101111110111111111111101111011
111111111111111111111111111111111111111111111111111101011111011111111010011111111011111111111011111011
111111111111111111111111111111111111111111111111111101101111011111111100111111111001111111110111111011
111111111111111111111111111111111111111111111111110011101111011111111011011111110111111111001111111011
111111111111111111111111111111111111111110000000001011101111011111110111100000000001111110111111111011
111111111111111111111111111111111111111001111101110111101111101111000001111101111110110001111111111011
111111111111111111111111111111111111110111111110110111101111100000111110111011111111001111111111111011
111111111111111111111111111111111111001111111110110111101111101111111111010111111111011111111111111011
111111111111111111111111111111111110111111111110110111101111101111111111100011111110111111111111111011
111111111111111111111111111111100001111111111110000000000000001111111111011100011101111111111111111011
111111111111111111111111111111001000111111111110110111101111100000111000111111101101111111111111111011
111111111111111111111111111110101111011111111110110111101111101111010111111111110011111111111111111011
111111111111111111111111100001101111100000000000000000001111101111101111111111110111111111111111111011
111111111111111111111111000111101111111111111111110111101111101111011111111111101111111111111111111011
111111111111111111111100101001101111111111111111110111101111101111011111111111011111111111111111111011
111111111111111111111011101110000000000000000111110111101111101110111111111110111111111111111111111011
111111111111111111100111101111101111111111111000000000000000001110111111111101111111111111111111111011
111111111111111111011111101111101111111111111111111111111111110000000111111011111111111111111111000111
111111111111110000111111101111011111111111111111111111111111111110111000110111111111111111100000111111
111111111111101111111111101111011111111111111111111111111111111110111111010111111111111111011111111111
111111111100011111111111101111011111111111111111111111111111111110111111101111111001111110111111111111
111111111011111111111111101111011111111111111111111111111111111110111111010111111010000001111111111111
111111111011111111111111100011011111111111111111111111111111111111011100111011111010101111111111111111
111111111101111111111111101100011111111111111111111111111111111111101011111100111010101111111111111111
111111111101111111111111101111011111111111111111111111111111111111110111111111011010101111111111111111
111111111101111111111111101111011111111111111111111111111111111111101111111111101010101111111111111111
111111111101111111111111101111011111111111111111111111111111111111011111111111110010101111111111111111
111111111101111111111111100011011111111111111111111111111111111110111111111111111010101111111111111111
111111111110111111111111101100011111111111111111111111111111111101011111111111111100000001111111111111
111111111110111111111111101111011111111111111111111111111111111101101111111111111001111010111111111111
111111111111011111111111101111011111111111111111111111111111111011110011111111000111111011011111111111
111111111111011111111000001111011111111111111111111111111111111011111101111100111111111011101111111111
111111111111000000000111101111011111111111111111111111111111110111111100000011111111111011110111111111
111111111111011111111111101111011000000000111111111111111111101011111010111111111111110111111011111111
111111111111011111111111101111011011111111000000000000111111011101110110111111111111110111111101111111
111111111111011111111111101111011011111111111111011111000000111110001101111111111111101111111110111111
111111111111011111111111011111011011111111111111011111011101001110111101111111111111011111111111011111
111111111111101111111111011111011011111111111111011110111101110101111101111111111111011111111111100111
111111111111101111111111011111000000000000000000000000111011111011111101111111111111011111111111111011
111111111111101111111111011111111111111111111111011110111000111011111011111111111111011111111111111011
111111111111101111111111011111111111111111111111011101111011010111110011111111111111011111111111111011
111111111111110111111111011111111111111111111111011101111011101111101101111111111110111111111111111011
111111111111111011111111011111111111111111111110111011111011101111011110000001111101111111111111110111
111111111111100000000000000000000111111111111110001011111011110111011111111010000001111111111111101111
111111110000011110111111011111110000011111111110110011111011111010111111111011111010001111111111101111
111111001111111110111111101111110111100011111110111011111011111100111111111011111011110000111111101111
111111101111111110111111101111110111111011111110110111111011111100111111111011111011111111001111101111
111111110111111110111111101111111011111011111110110111110111111110111111111000000011111111110000001111
111111111011111110111111101111111011111000000000010111101111111111011111110111110111111111111111111111
111111111101111110111111101111111011111111111111100001101111111111100011110111101111111111111111111111
111111111101111110111111101111111000001111111111111110011111111111101100000111011111111111111111111111
111111111110111110111111101100000011101111111111111110111111111111101111111010111111111111111111111111
111111111110111110000000000011111111101111111111111110111111111111011111111100111111111111111111111111
111111111111011111111111101111111111101111111111111110111111111110111111111110111111111111111111111111
111111111111011111111111101111111111101111111111111101111111111101111111111110111111111111111111111111
111111111111101111111111101111111111101111111111111101111101111011111111111110111111111111111111111111
111111111111101111111111101111111111101111111111110001111100000111000000000000111111111111111111111111
111111111111101111111111101111111111101111111000000110111011101110111111111110111111111111111111111111
111111111111110111111111101111111111101111000111110111011011101101111111111111011111111111111111111111
111111111111110111111111101111111111101000011111110111100000101011111111111111101111111111111111111111
111111111111111011111111101111000000000111101111110111110111011011111111111111101111111111111111111111
111111111111111011111111100000111111101111110111110111110111100000000000000000001111111111111111111111
111111111111111101111111101111111111101111110000000111110111110111111101111111011111111111111111111111
111111111111111110111111101111111111101111111111110111110111101111111011111111011111111111111111111111
111111111111111110111111101111111111101111111111110111110111101111111011111110111111111111111111111111
111111111111111111011111101111111111101111111111110111110111101111111011111110111111111111111111111111
111111111111111111101111101111111111101111111111110111110111101111111011111110111111111111111111111111
111111111111111111101111101111111111101111111111110000000000000111110111111110111111111111111111111111
111111111111111111101111101111111111001111111111110111111111111000001111111101111111111111111111111111
111111111111111111110111100000000000111111111111110111111111111111111111111101111111111111111111111111
111111111111111111110111101111111111111111111111110111111111111111111111111101111111111111111111111111
111111111111111111111011110111111111111111111111110111111111111111111111111101111111111111111111111111
111111111111111111111011110111111111111100000000000000111111111111111111111011111111111111111111111111
111111111111111111111011110111111111111101101110110111000011111111111100000011111111111111111111111111
111111111111111111111011110111111111111101101110110111111100000000000011111011111111111111111111111111
111111111111111111111011000000000000111101101110110111111111111111111111111011111111111111111111111111
111111111111111111111100111110111111011101101110110111111111111111111111111011111111111111111111111111
111111111111111111111101111110111100000000000000110111111111111111111111111011111111111111111111111111
111111111111111111111110111110000011111111100000000111111111111111111111111011111111111111111111111111
111111111111111111111111011111111111100000011111111000000000000000000000000011111111111111111111111111
111111111111111111111111101111111111011111111111111111111111111111111111111111111111111111111111111111
111111111111111111111111101111100000111111111111111111111111111111111111111111111111111111111111111111
111111111111111111111111100000011111111111111111111111111111111111111111111111111111111111111111111111
111111111111111111111111111111111111111111111111111111111111111111111111111111111111111111111111111111
144444444444444444444444444444444444444444444444444444444444444444444444444444444444444444444444444441
144444444444444444444444444444444444444444444444444444444444444444444444444444444444444444444444444441
144444444444444444444444444444444444444444444444444444444444444444444444444444444444444444444444444441
144444444444444444444444444444444444444444444444444444444444444444444444444444444444444444444444444441
144444444444444444444444444444444444444444444444444444444444444444444444444444444444444444444444444441
144444444444444444444444444444444444444444444444444444444444444444444444444444444444444444444444444441
144444444444444444444444444444444444444444444444444444444444444444444444444444444444444444444444444441
144444444444444444444444444444444444444444444444444444444444444444444444444444444444444444444444444441
144444444444444444444444444444444444444444444444444444444444444444444444444444444444444444444444444441
144444444444444444444444444444444444444444444444444444444444444444444444444444444444444444444444444441
111111111111111111111111111111111111111111111111111111111111111111111111111111111111111111111111111111