111111111111111111111111111111111111111111111111111111111111111111111111111111111111111111111111111111
111111111111111111111111111111111111111111111111111111111111111111111111111181111111111111111111111111
111111111111111111111111111111111111111111111111111111888888888888888888888811001111111111111111111111
111111111111111111111111111111111111111111111888888888111111111111111111111110010000000000000000000011
111111111111111111111111111111111111111111888111111111100011111111111111111101101111111111111111110011
111111111111111111111111111111111111111188111111111111011101111111111111111011110111111111111111001011
111111111111111111111111111111111111888811111111111110111110111111001111110111110111111111111110111011
111111111111111111111111111111118888111111111111111110011111000000110111101111110111111111111101111011
111111111111111111111111111888881111111111111111111101101111101111111010011111111011111111111011111011
111111111111111111111111118111111111111111111111111011101111101111111100111111111001111111110111111011
111111111111111111111111811111111111111111111111100011101111101111111011001111100111111111001111111011
111111111111111111111181111111111111111110000000011011101111101111110111110000000011111110111111111011
111111111111111111118111111111111111111001111101111011101111101110001111111100111101111101111111111011
111111111111111111181111111111111111110111111110111011101111100001110001111011111110000011111111111011
111111111111111111811111111111111111101111111110110111101111101111111110110111111111011111111111111011
111111111111111181111111111111110000011111111110110111101111101111111111001111111110111111111111111011
111111111111111811111111111111000011111111111110000000000000000111111100010111111101111111111111111011
111111111111118111111111111100101101111111111110110111101111101000111011111000011011111111111111111011
111111111111811111111111111011101110001111111110110111101111101111010111111111100011111111111111111011
111111111118111111111100000111101111110000000000000000001111101111101111111111110111111111111111111011
111111111181111111110011101011101111111111111111110111101111101111011111111111101111111111111111111011
111111111811111111001111101100001111111111111111110111101111101111011111111111011111111111111111111011
111111118111111100111111101111100000000111111111110111101111101111011111111110111111111111111111111011
111111118111111011111111101111101111111000000000000000000000000000111111111101111111111111111111111011
111111118111110111111111101111101111111111111111111111111111111110111111111011111111111111111111000111
111111118111101111111111101111011111111111111111111111111111111110000011111011111111111111111100111111
111111181111011111111111101111011111111111111111111111111111111110111100110111111111111111000011111111
111111181110111111111111101111011111111111111111111111111111111110111111001111111001111100111111111111
111111181001111111111111101111011111111111111111111111111111111110111111010111111010000011111111111111
111111811011111111111111100111011111111111111111111111111111111111011110111011111010101111111111111111
111111811011111111111111101000011111111111111111111111111111111111101001111101111010101111111111111111
111111811011111111111111101111011111111111111111111111111111111111110111111110111010101111111111111111
111111811011111111111111101111011111111111111111111111111111111111101111111111001010101111111111111111
111118111101111111111111101111011111111111111111111111111111111111011111111111110010101111111111111111
111118111110111111111111101111011111111111111111111111111111111110111111111111111010101111111111111111
111118111110111111111111100000011111111111111111111111111111111110011111111111111100000001111111111111
111181111110111111111111101111011111111111111111111111111111111101101111111110000011111100111111111111
111181111110111111111111101111011111111111111111111111111111111011110111111101111111111101011111111111
111181111110111100000000001111011111111111111111111111111111111011111011100011111111111011101111111111
111181111111000011111111101111011111111111111111111111111111110011111100011111111111111011110111111111
111181111111011111111111101111011000000000000011111111111111101101111100111111111111111011111001111111
111181111111011111111111101111011011111111111100001111111111011110111010111111111111111011111110111111
111181111111011111111111101111011011111111111111010000000000111111000110111111111111111011111111011111
111181111111101111111111101111011011111111111111011111011110001110111110111111111111111011111111101111
111181111111101111111111101111011011111111111111011110111110110101111101111111111111110111111111110111
111181111111101111111111101111000000000000000000001110111101111011111011111111111111101111111111111011
111181111111110111111111101111111111111111111111010000111011110111111011111111111111011111111111111011
111181111111110111111111101111111111111111111111011110110101110111110000011111111110111111111111110111
111181111111111011111111101111111111111111111111011101110110001111101111101111111110111111111111110111
111181111111111011111111101111111111111111111110111101110111110111101111110000000001111111111111110111
111181111111111000000000000000000111111111111110000011110111110111101111111101111100000111111111110111
111181110000000101111111011111110001111111111110111011110111110111101111111101111011111011111111110111
111181001111111101111111011111110110000011111110110111110111111011011111111011111011111100000111110111
111181101111111101111111011111110111111011111110110111101111111101011111111011111011111111111011101111
111181110111111110111111101111111011111011111110110111101111111110111111111000000011111111111100001111
111181111011111110111111101111111011111000000000010111101111111111011111111011111011111111111111111111
111181111011111110111111101111111011111111111111100001011111111111100000111011111011111111111111111111
111181111011111110111111101111111011001111111111111110011111111111011111000111110111111111111111111111
111181111101111110111111101110000000101111111111111111011111111111011111110111101111111111111111111111
111181111110111110000000000001111111101111111111111110111111111111011111110111101111111111111111111111
111181111110111111111111101111111111101111111111111110111111111110111111111011011111111111111111111111
111118111111011111111111101111111111101111111111111101111111111101111111111101011111111111111111111111
111118111111011111111111101111111111101111111111111011111101111011111111111110111111111111111111111111
111118111111011111111111101111111111101111111110000001111010000111000000000000111111111111111111111111
111111811111011111111111101111111111101111111101111010110111110110111111111111011111111111111111111111
111111811111011111111111101111111111101111000011111011000111101101111111111111011111111111111111111111
111111811111101111111111101111111111100000011111111011110000011101111111111111011111111111111111111111
111111181111110111111111101111111111001111101111111011110111001011111111111111011111111111111111111111
111111181111110111111111100000000000101111110111111011110111110000000000000000001111111111111111111111
111111181111110111111111101111111111101111110000000111110111110111111101111111101111111111111111111111
111111181111111011111111101111111111101111111111110111110111101111111011111111101111111111111111111111
111111181111111011111111101111111111101111111111110111110111101111111011111111101111111111111111111111
111111118111111101111111101111111111101111111111110111110111011111111011111111011111111111111111111111
111111118111111101111111101111111111101111111111110111110111011111111011111110111111111111111111111111
111111118111111110111111101111111111101111111111110000000000000000110111111101111111111111111111111111
111111118111111110111111101111111110001111111111110111111111111111001111111101111111111111111111111111
111111111811111110111111100000000001111111111111110111111111111111111111111101111111111111111111111111
111111111811111111011111101111111111111111111111110111111111111111111111111101111111111111111111111111
111111111181111111101111101111111111111111111111110111111111111111111111111011111111111111111111111111
111111111181111111110111101111111111111100000000000011111111111111111110000011111111111111111111111111
111111111118111111110111101111111111111101101110110100000011111111110001111011111111111111111111111111
111111111111811111111011110111111111111101101110110111111100000000001111111011111111111111111111111111
111111111111181111111011100000000000111101101110110111111111111111111111111011111111111111111111111111
111111111111118111111100011110111111011101101110110111111111111111111111111011111111111111111111111111
111111111111111811111101111110111000000000000000110111111111111111111111111011111111111111111111111111
111111111111111181111110111110000111111111110000000000011111111111111111111011111111111111111111111111
111111111111111118111110111111111111100000001111111111100000000000000000000011111111111111111111111111
111111111111111111811111011111000000011111111111111111111111111111111111111111111111111111111111111111
111111111111111111181111011110111111111111111111111111111111111111111111111111111111111111111111111111
111111111111111111118111100001111111111111111111111111111111111111111111111111111111111111111111111111
111111111111111111111811111111111111111111111111111111111111111111111111111111111111111111111111111111
144444444444444444444444444444444444444444444444444444444444444444444444444444444444444444444444444441
144444444444444444444444444444444444444444444444444444444444444444444444444444444444444444444444444441
144444444444444444444444444444444444444444444444444444444444444444444444444444444444444444444444444441
144444444444444444444444444444444444444444444444444444444444444444444444444444444444444444444444444441
144444444444444444444444444444444444444444444444444444444444444444444444444444444444444444444444444441
144444444444444444444444444444444444444444444444444444444444444444444444444444444444444444444444444441
144444444444444444444444444444444444444444444444444444444444444444444444444444444444444444444444444441
144444444444444444444444444444444444444444444444444444444444444444444444444444444444444444444444444441
144444444444444444444444444444444444444444444444444444444444444444444444444444444444444444444444444441
144444444444444444444444444444444444444444444444444444444444444444444444444444444444444444444444444441
111111111111111111111111111111111111111111111111111111111111111111111111111111111111111111111111111111