1111111111111111111111111111111111111111111111111111111111111111111111111111111111111111111111111111111111111111111111111111111111111111111111111111111111111111111111111111111111111111111111111111111111
1111111111111111111111111111111111111111111111111111111111111111111111111111111111111111111188888888888888888888811111111111111111111111111111111111111111111111111111111111111111111111111111111111111111
1111111111111111111111111111111111111111111111111111111111111111111111111111111111111888888888888888888888888888888111111111111111111111111111111111111111111111111111111111111111111111111111111111111111
1111111111111111111111111111111111111111111111111111111111111111111111111111118888888888888888888888888888888888888881111111111111111111111111111111111111111111111111111111111111111111111111111111111111
1111111111111111111111111111111111111111111111111111111111111111111111888888888888888888888811111111111111111111118888881111111111111111111111111111111111111111111111111111111111111111111111111111111111
1111111111111111111111111111111111111111111111111111111111111118888888888888888888888111111111111100000000000000111888888811111111111111111111111111111111111111111111111111111111111111111111111111111111
1111111111111111111111111111111111111111111111111111111888888888888888888888881111111111111100000011111111101111011111888888111111111111111111111111111111111111111111111111111111111111111111111111111111
1111111111111111111111111111111111111111111111118888888888888888888888100000000000000000000011111111111111101111100001188888881111111111111111111111111111111111111111111111111111111111111111111111111111
1111111111111111111111111111111111111111188888888888888888888811110000011011111011111111111111111111111111101111110110111188888881111111111111111111111111111111111111111111111111111111111111111111111111
1111111111111111111111111111111111188888888888888888888111111111001111110111111101111111111111111111111111011111101111000011888888811111111111111111111111111111111111111111111111111111111111111111111111
1111111111111111111111111111188888888888888888881111111111110000111111101111111110111111111111111111111111011111101111101100118888888811111111111111111111111111111111111111111111111111111111111111111111
1111111111111111111111118888888888811111111111111111111111100111111111011111111111011111111111111111111111011111101111011111011188888888111111111111111111111111111111111111111111111111111111111111111111
1111111111111111111111888888811111111111111111111111111111001111111111011111111111101111111111111111111111011111101111011111101111888888881111111111111111111111111111111111111111111111111111111111111111
1111111111111111111188881111111111111111111111111111111100011111111110111111111111101111111111111111111111011111101111011111110111118888888811111111111111111111111111111111111111111111111111111111111111
1111111111111111118888111111111111111111111111111111111010111111111101111111111111010111111111111111111100111111101111011111111011111118888888811111111111111111111111111111111111111111111111111111111111
1111111111111111888811111111111111111111111111111110000001111111111011111111111110111011111111111111110010111111101110111111111100111111188888888111111111111111111111111111111111111111111111111111111111
1111111111111188881111111111111111111111111111100001100110111111110111111111111101111101111111111111001110111111101110111111111101011111111888888881111111111111111111111111111111111111111111111111111111
1111111111118888111111111111111111111100000000011000011111011111101111111111111011111110111111111100111101111111101110111111111101101111111118888888811111111111111111111111111111111111111111111111111111
1111111111888811111111111111111110000011111111110111111111101110011111111111110111111111011111111011111101111111011110111111111101110111111111118888888811111111111111111111111111111111111111111111111111
1111111188881111111111111111111000111111111111001111111111110101101111111111001111111111101111110111111101111111011110111111111011111011111111111188888888111111111111111111111111111111111111111111111111
1111118888111111111111111111100111011111111110111111111111111011110111111100111111111111110111101111111101111111011110111111111011111100111111111111188888888111111111111111111111111111111111111111111111
1111888811111111111111111111011111101111111101111111111111110011111011110011111111111111111000011111111011111111011110111111111011111111011111111111111888888881111111111111111111111111111111111111111111
1188881111111111111111111110111111110111110011111111111111101101111101001111111111111111110011111111111011111111011101111111111011111111100111111111111188888888111111111111111111111111111111111111111111
1888111111111111111111000001111111111011101111111111111111011110111100111111111111111111101101111111100000001111011101111111111011111111111011111111111111888888881111111111111111111111111111111111111111
1881111111111111111110110111111111111011011111111111111110111111010011011111111111111111011101111111011011110001011101111111111011111111111101111111111111188888888111111111111111111111111111111111111111
1111111111111111111101111011111111111100111111111111111001111111001111011111111111111110111101111100110111111110000001111111111011111111111110001111111111118888888811111111111111111111111111111111111111
1111111111111111110011111101111111111101111111111111110111111110111111101111111111111101111110110011101111111110110110111111111011111111111111110000111111111888888881111111111111111111111111111111111111
1111111111111111001111111101111111111001111111111110001111111101111111110111111111110011111111001111011111111110101111000000000011111111111111111111001111111188888888111111111111111111111111111111111111
1111111111111110011111111110111111110110111111111101111111111011111111110111111111101111111100011111011111111110101111101111111011111111111111111111110111111111888888881111111111111111111111111111111111
1111111111111101011111111110111111101011011111111011111111110111111111111011111111110111111011011111011111111101101111101111111011111111111111111111001111111111188888888111111111111111111111111111111111
1111111111111011011111111111011111011101101111100101111111101111111111111101111111111011110111101110111111111101011111101111111011111111111111111110111111111111118888888811111111111111111111111111111111
1111111111110111011111111111011110111101101110011110111100011111111111111101111111111011101111110110111111111100111111101111111011111111111111111101111111111111111888888881111111111111111111111111111111
1111111111101111011111111111101001111110110101111111011011111111111111111110111111111101011111111010111111111010111111101111111011111111111111111011111111111111111188888888111111111111111111111111111111
1111111111011111011111111111100111111110110011111111100111111111111111111111011111111100111111111100111111110110111111101111111011111111111110000111111111111111111111888888881111111111111111111111111111
1111111110111111011111111111110111111111001111111111101111111111111111111111101111110011000000000000000000000000000000000000001011111111111101111111111111111111111111188888888111111111111111111111111111
1111111110111111001111111111110111111111011111111111011111111111111111111111101111101111111111111111111111011111111111011111110011111111111011111111111111111111111111118888888811111111111111111111111111
1111111110110000110001111111110111111110111111111110111111111111111111111111110100011111111111111111111111011111111111011111111011111111100111111111111111111111111111111888888881111111111111111111111111
1111111111001111111110011111110111111001111111111101111111111111111111111111111011111111111111111111111111011111111111011111111011111110011111111111111111111111111111111188888888111111111111111111111111
1111111111011111111110101111111011000111111111110011111111111111111111111111111011111111111111111111111111011111111111011111111011111101111111111111111111111111111111111111888888881111111111111111111111
1111111110101111100001110001111100111111111111101111111111111111111111111111111011111111111111111111111111011111111111011111111011111011111111111111111111111111111111111111188888888111111111111111111111
1111111101101111011111111110011101111111111111011111111111111111111111111111111011111111111111111111111111011111111111011111111011110111111111111111111111111111111111111111118888888811111111111111111111
1111111011110110111111111111101010111111111100111111111111111111111111111111111011111111111111111111111111011111111111011111110111101111111111111111111111111111111111111111118888888881111111111111111111
1111110111110101111111111111110111011111110011111111111111111111111111111111111011111111111111111111111111011111111111011111110111011111111111111111111111111111111111111111111888888888111111111111111111
1111101111110011111111111111101111011111101111111111111111111111111111111111111011111111111111111111111111001111111111011111110110111111111111111111111111111111111111111111111188888888881111111111111111
1110011111101101111111111111011111101111011111111111111111111111111111111111111101111111111111111111111110010000001111011111110101111111111111111111111111111111111111111111111118888888888111111111111111
1101111110011110111111111110111111101110111111111111111111111111111111111111111101111111111111111111111101011111110000011111110011111111111111111111111111111111111111111111111111888888888811111111111111
1101111101111111011111111101111111101001111111111111111111111111111111111111111101111111111111111111111011011111111111011110000111111111111111111111111111111111111111111111111111888888888881111111111111
1101100011111110101111000011111111100111111111111111111111111111111111111111111101111111111111111111110111011111111111011101110111111111111111111111111111111111111111111111111111188888888888811111111111
1110011111111001110100111111111110011011111111111111111111111111111111111111111110111111111111111111101111011111111111011011110111111111111111111111111111111111111111111111111111118888888888888111111111
1110111111110111000011111111111101111101111111111111111111111111111111111111111110111111111111111111011111011111111111010111111011111111111111111111111111111111111111111111111111111888888888888811111111
1110111111001110111011111111110011111110111111111111111111111111111111111111111110111111111111111100111111011111111111001111111011111111111111111111111111111111111111111111111111111888888881118888111111
1110111110111101111101111111001111111110111111111111111111111111111111111111111111011111111111111011111111011111111111011111111011111111111111111111111111111111111111111111111111111118888888111888881111
1110100001111011111110111110111111111111011111111111111111111111111111111111111111101111111111110111111111011111111110111111111011111111111111111111111111111111111111111111111111111118888888111118888811
1111011111110111111111011101111111111111011111111111111111111111111111111111111111101111111111101111111111011111111101111111111011111111111111111111111111111111111111111111111111111111188888811111188881
1111101111001111111111101011111111111111101111111111111111111111111111111111111111110111111111011111111111101111111011111111111011111111111111111111111111111111111111111111111111111111188888811111111881
1111110110111111111111100111111111111111110111111111111111111111111111111111111111110111111110111111111111101111110111111111111011100000000111111111111111111111111111111111111111111111118888881111111111
1111111001111111111111101111111111111111111011111111111111111111111111111111111111111011111001111111111111110111101111111111111000011111110111111111111111111111111111111111111111111111111888881111111111
1111111101111111111100001111111111111111111011111111111111111111111111111111111111111011110111111111111111110000011111111111111011111111110111111111111111111111111111111111111111111111111888888111111111
1111111110111111111011101111111111111111111011111111111111111111111111111111111111111011101111111111111111100000000000000000000011111111110111111111111111111111111111111111111111111111111888888111111111
1111111111011111100111101111111111111111111011111111111111111111111111111111111111111011011111111111111000011111111111011111111011111111110111111111111111111111111111111111111111111111111188888811111111
1111111111011111011111110111111111111111111101111111111111111111111111111111111111111010111111111111000111111111111111011111111011111111111011111111111111111111111111111111111111111111111188888811111111
1111111111011110111111111011111111111111111101111111111111111111111111111111111111111000000000000000111111111111111111101111111011111111111011111111111111111111111111111111111111111111111118888881111111
1111111111011001111111111101111111111111111101111111111111111111111111111111111100000101111111111111111111111111111111101111111011111111111011111111111111111111111111111111111111111111111111888881111111
1111111111010111111111111110111111111111111101111111111111111111110000000000000011111101111111111111111111111111111111110111111011111111111011111111111111111111111111111111111111111111111111188888111111
1111111111001111111111111111011111111111111110111111100000000000001111111111111111111101111111111111111111111111111111110111111011111111111011111111111111111111111111111111111111111111111111188888111111
1111111111011111111111111111011111111111111110111000010111111111011111111111111111111101111111111111111111111111111111110111111011111111111011111111111111111111111111111111111111111111111111118888811111
1111111111011111111111111111101111111111000000000011111011111111011111111111111111111101111111111111111111111111111111110111111011111111111011111111111111111111111111111111111111111111111111118888811111
1111111111011111111111111111101111000000111110111011111011111111011111111111111111111101111111111111111111111111111111110111111101111111111011111111111111111111111111111111111111111111111111111888881111
1111111111101111111111111111110110111101111110111011111011111111011111111111111111111110111111111111111111111111111111110111111101111111111011111111111111111111111111111111111111111111111111111888881111
1111111111101111111111111111100001111011111110111011111011111111011111111111111111111110111111111111111111111111111111110111111101111111111011111111111111111111111111111111111111111111111111111188888111
1111111111101111111111111100011111110111111101111011111101111111101111111111111111111110111111111111111111111111111111110111111101111111111011111111111111111111111111111111111111111111111111111188888111
1111111111101111111111000011111111101111111101111011111101111111101111111111111111111110111111111111111111111111111111110111111101111111111011111111111111111111111111111111111111111111111111111118888811
1111111111101111111100111111111111011111111100111011111101111111101111111111111111111110111111111111111111111111111111110111111101111111111011111111111111111111111111111111111111111111111111111118888811
1111111111101111110011111111111110111111111101001011111101111111110111111111111111111110111111111111111111111111111111110111111101111111111011111111111111111111111111111111111111111111111111111111888881
1111111111101000001111111111111001111111111011110000000001111111110111111111111111111110111111111111111111111111111111111011111101111111111011111111111111111111111111111111111111111111111111111111888881
1111111111100111111111111111110111111111111011111011111101111111110111111111111111111110111111111111111111111111111111111011111101111111111011111111111111111111111111111111111111111111111111111111888881
1111111111101111111111111111101111111111111011111011111101111111110111111111111111111110111111111111111111111111111111111011111101111111111011111111111111111111111111111111111111111111111111111111888881
1111111111101111111111111111011111111111110111111011111101111111110111111111111111111110111111111111111111111111111111111011111101111111111011111111111111111111111111111111111111111111111111111111888881
1111111111101111111111111100111111111111101111110111111101111111110111111111111111111110111111111111111111111111111111111011111101111111111011111111111111111111111111111111111111111111111111111111888881
1111111111101111111111111011111111111111101111101111111101111111110111111111111111111110111111111111111111111111111111111011111101111111111011111111111111111111111111111111111111111111111111111111888881
1111111111101111111111110111111111111111101111101111111101111111110111111111111111111110111111111111111111111111111111110111111110111111111101111111111111111111111111111111111111111111111111111111888881
1111111111101111111111101111111111111111101111101111111101111111110111111111111111111110111111111111111111111111110000001111111110111111111101111111111111111111111111111111111111111111111111111111888881
1111111111101111111111011111111111111111101111011111111101111111110111111111111111111110111111111111111111111111101111111111111110111111111101111111111111111111111111111111111111111111111111111111888881
1111111111101111111110111111111111111111101111011111111101111111111011111111111111111110111111111111111111111111101111111111111110111111111101111111111111111111111111111111111111111111111111111111888881
1111111111101111111101111111111111111111101111011111111101111111111011111111111111111110111111111111111111111111101111111111111111000000000001111111111111111111111111111111111111111111111111111111888881
1111111111101111111011111111111111111111000000000000000001111111111011111111111111111110111111111111111111111111011111111111111110111111111101111111111111111111111111111111111111111111111111111111888881
1111111111101111110111111111111111111111111111011111111101111111111011111111111111111111011111111111111111111110111111100000000001111111111101111111111111111111111111111111111111111111111111111111888881
1111111111101111101111111111111111111111111111101111111110111111111011111111111111111111011111111111111111111101111111011111111111111111111101111111111111111111111111111111111111111111111111111111888881
1111111111101111011111111111111111111111111111101111111110111111111011111111111111111111101111111111111111111011110000111111111111111111111011111111111111111111111111111111111111111111111111111118888881
1111111111101110111111111111111111111111111111101111111110111111111011111111111111111111101111111111111111110111101111111111111111111111111011111111111111111111111111111111111111111111111111111118888881
1111111111101101111111111111111111111111111111101111111110111111111011111111111111111111101111111110000000000000011111111111111111111111111011111111111111111111111111111111111111111111111111111118888881
1111111111101011111111111111111111111111111111101111111110111111111011100000000000000000000000000001111111110111111111111111111111111111111011111111111111111111111111111111111111111111111111111188888881
1111111111100111111111111111111111111111111111101111111110111111111000011111111111111111110111111111111111110111111111111111111111111111111011111111111111111111111111111111111111111111111111111188888881
1111111111100001111111111111111111111111111111101111111110111111111011111111111111111111110111111111111111110111111111111111111111111111111011111111111111111111111111111111111111111111111111111888888881
1111111111101110000000000000000000000000000000001111111110111111111011111111111111111111110111111111111111110111111111111111111111111111111011111111111111111111111111111111111111111111111111111888888881
1111111111101111111111111111111111111111111111110111111110111111111011111111111111111111110111111111111111110111111111111111111111111111111011111111111111111111111111111411111111111111111111118888888811
1111111111101111111111111111111111111111111111110111111110111111111011111111111111111111110111111111111111110111111111111111111111111111111011111111111111111111111111114444411111111111111111188888888811
1111111111110111111111111111111111111111111111110111111111011111111011111111111111111111110111111111111111110111111111111111111111111111111011111111111111111111111111144444444441111111111111188888888811
1111111111111011111111111111111111111111111111110111111111011111111011111111111111111111110111111111111111110111111111111111111111111111111011111111111111111111111111144444444444444111111111888888888111
1111111111111011111111111111111111111111111111110111111111011111111011111111111111111111111011111111111111111011111111111111111111111111111011111111111111111111111111144444444444444444411118888888888111
1111111111111101111111111111111111111111111111110111111111011111111011111111111111111111111011111111111111111101111111111111111111111111111011111111111111111111111111144444444444444444411118888888888111
1111111111111101111111111111111111111111111111111011111111011111111011111111111111111111111011111111111111111110111111111111111111111111111011111111111111111111111111444444444444444444111188888888881111
1111111111111101111111111111111111111111111111111011111111011111111011111111111111111111111011111111111111111110111111111111111111110000000111111111111111111111111111444444444444444444111188888888881111
1111111111111101111111111111111111111111111111111011111111011111111011111111111111111111111011111111111111111110111111111100000000001111101111111111111111111111111111444444444444444444111888888888811111
1111111111111101111111111111111111111111111111111011111100011111111011111111111111111111111011111111110000000000000000000011111111111111011111111111111111111111111114444444444444444441111888888888811111
1111111111111101111111111111111111111111111111111000000011101111111011111111111111111111111011111100001111111111111111111111111111111111011111111111111111111111111114444444444444444441118888888888811111
1111111111111110111111111111111111111111111111111111111111101111111011111111111111111111111000000011111111111111111111111111111111111110111111111111111111111111111114444444444444444441188888888888111111
1111111111111111011111111111111111111111111111111111111111101111111011111111111111111111111011111111111111111111111111111111111111111101111111111111111111111111111144444444444444444411188888888888111111
1111111111111111011111111111111111111111111111111111111111101111111011111111111111111111111011111111111111111111111111111111111111111011111111111111111111111111111144444444444444444411888888888881111111
1111111111111111011111111111111111111111111111111111111111101111111011111111111111111111111011111111111111111111111111111111111111110111111111111111111111111111111144444444444444444411888888888881111111
1111111111111111101111111111111111111111111111111111111111101111111011111111111111111111111011111111111111111111111111111111111111101111111111111111111111111111111444444444444444444118888888888811111111
1111111111111111101111111111111111111111111111111111111111101111111011111111111111111111111011111111111111111111111111111111111111011111111111111111111111111111111444444444444444444118888888888811111111
1111111111111111101111111111111111111111111111111111111111101111111011111111111111111111111011111111111111111111111111111111111110111111111111111111111111111111111444444444444444444444444444444411111111
1111111111111111110111111111111111111111111111111111111111101111111011111111111111111111111011111111111111111111111111111111111101111111111111111111111111111111114444444444444444444444444444444111111111
1111111111111111111011111111111111111111111111111111111111101111111011111111111111111111111011111111111111111111111111111111111011111111111111111111111111111111114444444444444444444444444444444111111111
1111111111111111111101111111111111111111111111111111111111101111111101111111111111111111111011111111111111111111111111111111110111111111111111111111111111111111114444444444444444444444444444441111111111
1111111111111111111101111111111111111111111111111111111111101111111101111111111111111111111101111111111111111111111111111111101111111111111111111111111111111111144444444444444444444444444444441111111111
1111111111111111111110111111111111111111111111111111111111101111111101111111111111111111111101111111111111111111111111111111011111111111111111111111111111111111144444444444444444444444444444441111111111
1111111111111111111110111111111111111111111111111111111111101111111110111111111111111111111101111111111111111111111111111110111111111111111111111111111111111111144444444444444444444444444444411111111111
1111111111111111111111011111111111111111111111111111111111101111111110111111111111111111111101111111111111111111111111111101111111111111111111111111111111111111444444444444444444444444444444411111111111
1111111111111111111111101111111111111111111111111111111111101111111110111111111111111111111101111111111111111111111111111011111111111111111111111111111111111111444444444444444444444444444444111111111111
1111111111111111111111110111111111111111111111111111111111101111111110111111111111111111111101111111111111111111111111110111111111111111111111111111111111111111444444444444444444444444444444111111111111
1111111111111111111111110111111111111111111111111111111111110111111111000000000000000000000001111111111111111111111111101111111111111111111111111111111111111114444444444444444444444444444441111111111111
1111111111111111111111110111111111111111111111111111111111110000000000011111111111111111111101111111111111111111111111011111111111111111111111111111111111111114444444444444444444444444444441111111111111
1111111111111111111111110111111111111111111111111111111111110111111111111111111111111111111101111111111111111111111110111111111111111111111111111111111111111114444444444444444444444444444441111111111111
1111111111111111111111110111111111111111111111111111111111110111111111111111111111111111111101111111111111111111111101111111111111111111111111111111111111111144444444444444444444444444444411111111111111
1111111111111111111111111011111111111111111111111111111111110111111111111111111111111111111110111111111111111111111101111111111111111111111111111111111111111144444444444444444444444444444411111111111111
1111111111111111111111111011111111111111111111111111111111111011111111111111111111111111111110111111111111111111111011111111111111111111111111111111111111111144444444444444444444444444444111111111111111
1111111111111111111111111011111111111111111111111111111111111011111111111111111111111111111110111111111111111111110111111111111111111111111111111111111111111444444444444444444444444444444111111111111111
1111111111111111111111111101111111111111111111111111111111111011111111111111111111111111111110111111111111111111101111111111111111111111111111111111111111111444444444444444444444444444444111111111111111
1111111111111111111111111101111111111111111111111111111111111011111111111111111111111111111110111111111111111111011111111111111111111111111111111111111111111444444444444444444444444444441111111111111111
1111111111111111111111111101111111111111111111111111111111111011111111111111111111111111111110111111111111111110111111111111111111111111111111111111111111114444444444444444444444444444441111111111111111
1111111111111111111111111110111111111111111111111111111111111011111111111111111111111111111110111111111111111101111111111111111111111111111111111111111111114444444444444444444444444444411111111111111111
1111111111111111111111111110111111111111111111111111111111111011111111111111111111111111111111011111111111111001111111111111111111111111111111111111111111114444444444444444444444444444411111111111111111
1111111111111111111111111110111111111111111111111111111111111011111111111111111111111111111111011111111111110110111111111111111111111111111111111111111111144444444444444444444444444444111111111111111111
1111111111111111111111111110111111111111111111111111111111111011111111111111111111111111111111011111111111101111011111111111111111111111111111111111111111144444444444444444444444444444111111111111111111
1111111111111111111111111110111111111111111111111111111111111011111111111111111111111111111111011111111111011111100111111111111111111111111111111111111111144444444444444444444444444444111111111111111111
1111111111111111111111111111011111111111111111111111111111111011111111111111111111111111111111011111111110111111111001111111111111111111111111111111111111444444444444444444444444444441111111111111111111
1111111111111111111111111111011111111111111111111111111111111011111111111111111111111111111111011111111110111111111011111111111111111111111111111111111111444444444444444444444444444441111111111111111111
1111111111111111111111111111101111111111111111111111111111111011111111111111111111111111111111011111111101111111111011111111111111111111111111111111111111444444444444444444444444444411111111111111111111
1111111111111111111111111111101111111111111111111111111111111011111111111111111111111111111111011111111011111111111011111111111111111111111111111111111114444444444444444444444444444411111111111111111111
1111111111111111111111111111101111111111111111111111111111111011111111111111111111111111111111101111110111111111110111111111111111111111111111111111111114444444444444444444444444444411111111111111111111
1111111111111111111111111111110111111111111111111111111111111101111111111111111111111111111111110111110111111111101111111111111111111111111111111111111114444444444444444444444444444111111111111111111111
1111111111111111111111111111111011111111111111111111111111111101111111111111111111111111111111110111101111111111101111111111111111111111111111111111111144444444444444444444444444444111111111111111111111
1111111111111111111111111111111011111111111111111111111111111101111111111111111111111111111111110111011111111111101111111111111111111111111111111111111144444444444444444444444444441111111111111111111111
1111111111111111111111111111111101111111111111111111111111111101111111111111111111111111111111111010111111111111101111111111111111111111111111111111111144444444444444444444444444441111111111111111111111
1111111111111111111111111111111101111111111111111111111111100000000000000000000000000000001111111001111111111111011111111111111111111111111111111111111444444444444444444444444444411111111111111111111111
1111111111111111111111111111111101111111111111111111111111011111111111111111111111111111110000000001111111111110111111111111111111111111111111111111111444444444444444444444444444411111111111111111111111
1111111111111111111111111111111101111111111111111111111000111111111111111111111111111111111111110110111111111110111111111111111111111111111111111111111444444444444444444444444444411111111111111111111111
1111111111111111111111111111111101111111111111111111100111111111111111111111111111111111111111101111011111111110111111111111111111111111111111111111114444444444444444444444444444111111111111111111111111
1111000000000001111111111111111110111111111110000000011111111111111111111111111111111111111111011111101111111101111111111111111111111111111111111111114444444444444444444444444444111111111111111111111111
1110111111111110000000000000011110111110000001111111111111111111111111111111111111111111111110111111110000011101111111111111111111111111111111111111114444444444444444444444444441111111111111111111111111
1110111111111111111111111111100110111001111111111111111111111111111111111111111111111111111101111111111111100001111111111111111111111111111111111111144444444444444444444444444441111111111111111111111111
1101111111111111111111111111111000000111111111111111111111111111111111111111111111111111111011111111111111111111111111111111111111111111111111111111144444444444444444444444444441111111111111111111111111
1101111111111111111111111111111110111000000111111111111111111111111111111111111111111111110111111111111111111111111111111111111111111111111111111111144444444444444444444444444411111111111111111111111111
1101111111111111111111111111111110111111111000011111111111111111111111111111111111111111101111111111111111111111111111111111111111111111111111111111144444444444444444444444444411111111111111111111111111
1101111111111111111111111111111110111111111111100001111111111111111111111111111111111111011111111111111111111111111111111111111111111111111111111111144444444444444444444444444411111111111111111111111111
1101111111111111111111111111111110111111111111111100000000000000000000000000000000111110111111111111111111111111111111111111111111111111111111111111144444444444444444444444444411111111111111111111111111
1101111111111111111111111111111101111111111111111101111111111111111101111111111111000000001111111111111111111111111111111111111111111111111111111111144444444444444444444444444411111111111111111111111111
1101111111111111111111111111111101111111111111111101111111111111111101111111111111111101110000000011111111111111111111111111111111111111111111111111144444444444444444444444444411111111111111111111111111
1101111111111111111111111111111101111111111111111101111111111111111101111111111111111101111111111100000000000000011111111111111111111111111111111111444444444444444444444444444411111111111111111111111111
1101111111111111111111111111111101111111111111111101111111111111111101111111111111111011111111111111011111111111101111111111111111111111111111111111444444444444444444444444444411111111111111111111111111
1101111111111111111111111111111101111111111111111101111111111111111101111111111111111011111111111111011111111111110111111111111111111111111111111111444444444444444444444444444411111111111111111111111111
1101111111111111111111111111111101111111111111111101111111111111111101111111111111111011111111111111011111111111111001111111111111111111111111111111444444444444444444444444444411111111111111111111111111
1101111111111111111111111111111101111111111111111101111111111111111101111111111111111011111111111111011111111111111101111111111111111111111111111111444444444444444444444444444411111111111111111111111111
1101111111111111111111111111111101111111111111111101111111111111111101111111111111111011111111111111011111111111111101111111111111111111111111111111444444444444444444444444444441111111111111111111111111
1101111111111111111111111111111101111111111111111101111111111111111101111111111111111011111111111110111111111111111101111111111111111111111111111114444444444444444444444444444444441111111111111111111111
1100000000111111111111111111111101111111111111111101111111111111111101111111111111111011111111111110111111111111111101111111111111111111111111111114444444444444444444444444444444444441111111111111111111
1111111111000011111111111111111011111111111111111101111111111111111101111111111111111011111111111110111111111111111101111111111111111111111111111114444444444444444444444444444444444444441111111111111111
1111111111111100000001111111111011111111111111111101111111111111111101111111111111111011111111111110111111111111111011111111111111111111111111111114444444444444444444444444444444444444444441111111111111
1111111111111111111110000000000001111111111111111101111111111111111101111111111111110111111111111110111111111111111011111111111111111111111111111114444444444444444444444444444444444444444444441111111111
1111111111111111111111111111111110011111111111111011111111111111111101111111111111110111111111111110111111111111111011111111111111111111111111111114444444444444444444444444444444444444444444444441111111
1111111111111111111111111111111111100000000111111011111111111111111101111111111111110111111111111110111111111111111011111111111111111111111111111144444444444444444444444444444444444444444444444444441111
1111111111111111111111111111111111111111111000000011111111111111111011111111111111110111111111111110111111111111111011111111111111111111111111111144444444444444444444444444444444444444444444444444444441
1111111111111111111111111111111111111111111111111011111111111111111011111111111111110111111111111110111111111111111011111111111111111111111111111144444444444444444444444444444444444444444444444444444441
1111111111111111111111111111111111111111111111111100000000000000000000001111111111101111111111111110111111111111111011111111111111111111111111111144444444444444444444444444444444444444444444444444444441
1111111111111111111111111111111111111111111111111111111111111111111111110000000000001111111111111110111111111111111011111111111111111111111111111144444444444444444444444444444444444444444444444444444441
1111111111111111111111111111111111111111111111111111111111111111111111111111111111101111111111111110111111111111111011111111111111111111111111111444444444444444444444444444444444444444444444444444444441
1111111111111111111111111111111111111111111111111111111111111111111111111111111111110000000111111110111111111111111011111111111111111111111111111444444444444444444444444444444444444444444444444444444441
1441111111111111111111111111111111111111111111111111111111111111111111111111111111111111111000000000011111111111110111111111111111111111111111111444444444444444444444444444444444444444444444444444444441
1444111111111111111111111111111111111111111111111111111111111111111111111111111111111111111111111111100000000000010111111111111111111111111111111444444444444444444444444444444444444444444444444444444441
1444444111111111111111111111111111111111111111111111111111111111111111111111111111111111111111111111111111111111100111111111111111111111111111111444444444444444444444444444444444444444444444444444444441
1444444444111111111111111111111111111111111111111111111111111111111111111111111111111111111111111111111111111111111111111111111111111111111111111444444444444444444444444444444444444444444444444444444441
1444444444444111111111111111111111111111111111111111111111111111111111111111111111111111111111111111111111111111111111111111111111111111111111114444444444444444444444444444444444444444444444444444444441
1444444444444444111111111111111111111111111111111111111111111111111111111111111111111111111111111111111111111111111111111111111111111111111111114444444444444444444444444444444444444444444444444444444441
1444444444444444444111111111111111111111111111111111111111111111111111111111111111111111111111111111111111111111111111111111111111111111111111114444444444444444444444444444444444444444444444444444444441
1444444444444444444444444444444444411111111111111111111111111111111111111111111111111111111111111111111111111111111111111111111111111111111111114444444444444444444444444444444444444444444444444444444441
1444444444444444444444444444444444444111111111111111111111111111111111111111111111111111111111111111111111111111111111111111111111111111111111114444444444444444444444444444444444444444444444444444444441
1444444444444444444444444444444444444441111111111111111111111111111111111111111111111111111111111111111111111111111111111111111111111111111111114444444444444444444444444444444444444444444444444444444441
1444444444444444444444444444444444444444411111111111111111111111111111111111111111111111111111111111111111111111111111111111111111111111111111144444444444444444444444444444444444444444444444444444444441
1444444444444444444444444444444444444444444111111111111111111111111111111111111111111111111111111111111111111111111111111111111111111111111111144444444444444444444444444444444444444444444444444444444441
1444444444444444444444444444444444444444444411111111111111111111111111111111111111111111111111111111111111111111111111111111111111111111111111144444444444444444444444444444444444444444444444444444444441
1444444444444444444444444444444444444444444441111111111111111111111111111111111111111111111111111111111111111111111111111111111111111111111111144444444444444444444444444444444444444444444444444444444441
1444444444444444444444444444444444444444444444111111111111111111111111111111111111111111111111111111111111111111111111111111111111111111111111144444444444444444444444444444444444444444444444444444444441
1444444444444444444444444444444444444444444444411111111111111111111111111111111111111111111111111111111111111111111111111111111111111111111111144444444444444444444444444444444444444444444444444444444441
1444444444444444444444444444444444444444444444441111111111111111111111111111111111111111111111111111111111111111111111111111111111111111111111444444444444444444444444444444444444444444444444444444444441
1444444444444444444444444444444444444444444444444444444444111111111111111111111111111111111111111111111111111111111111111111111111111111111111444444444444444444444444444444444444444444444444444444444441
1444444444444444444444444444444444444444444444444444444444444444444411111111111111111111111111111111111111111111111111111111111111111111111111444444444444444444444444444444444444444444444444444444444441
1444444444444444444444444444444444444444444444444444444444444444444444444444411111111111111111111111111111111111111111111111111111111111111111444444444444444444444444444444444444444444444444444444444441
1444444444444444444444444444444444444444444444444444444444444444444444444444444444444411111111111111111111111111111111111111111111111111111111444444444444444444444444444444444444444444444444444444444441
1444444444444444444444444444444444444444444444444444444444444444444444444444444444444444444441111111111111111111111111111111111111111111111111444444444444444444444444444444444444444444444444444444444441
1111111111111111111111111111111111111111111111111111111111111111111111111111111111111111111111111111111111111111111111111111111111111111111111111111111111111111111111111111111111111111111111111111111111