111111111111111111111111111111111111111111111111111111111111111111111111111111111111111111111111111111
111111111111111111111111111111111111111111111111111111111111111111111111111181111111111111111111111111
111111111111111111111111111111111111111111111111111111888888888888888888888811000011111111111111111111
111111111111111111111111111111111111111111111888888888111111111111111111111100101100000000000000000011
111111111111111111111111111111111111111111888111111111111011111111111111111011101111111111111111100011
111111111111111111111111111111111111111188111111111111100101111111111111110111110111111111111111011011
111111111111111111111111111111111111888811111111111110011110111111001111101111110111111111111110111011
111111111111111111111111111111118888111111111111111110011111000000110111011111111011111111111101111011
111111111111111111111111111888881111111111111111111110101111011111111010111111111011111111111011111011
111111111111111111111111118111111111111111111111111101101111011111111100111111110001111111000111111011
111111111111111111111111811111111111111111111111100011101111011111111011000111101111111110111111111011
111111111111111111111181111111111111111111111100011011101111011111110111111000011111111001111111111011
111111111111111111118111111111111111110000000001111011101111101111001111111101100001110111111111111011
111111111111111111181111111111111111001111111101111011101111100000110001111011111110001111111111111011
111111111111111111811111111111111110111111111110111011101111101111111110110111111111101111111111111011
111111111111111181111111111111110001111111111110111011101111101111111111000011111111011111111111111011
111111111111111811111111111111000111111111111110000000000000001111111100011100001110111111111111111011
111111111111118111111111111100101011111111111110110111101111100111111011111111110101111111111111111011
111111111111811111111111111011101100111111111110110111101111101000110111111111111011111111111111111011
111111111118111111111111100111101111000000000000000000001111101111001111111111110111111111111111111011
111111111181111111111111000111101111111111111111110111101111101111011111111111101111111111111111111011
111111111811111111110000101001101111111111111111110111101111101111011111111111011111111111111111111011
111111118111111110001111101110000000000001111111110111101111101110111111111110111111111111111111111011
111111118111111101111111101111101111111110000000000000000000000000111111111101111111111111111111111011
111111118111111011111111101111101111111111111111111111111111111110111111111011111111111111111111000111
111111118111100111111111101111101111111111111111111111111111111110001111110111111111111111111110111111
111111181111011111111111101111101111111111111111111111111111111110110000010111111111111111100001111111
111111181110111111111111101111011111111111111111111111111111111110111111101111111001111100011111111111
111111181001111111111111101111011111111111111111111111111111111110111111010111111010000011111111111111
111111811101111111111111101111011111111111111111111111111111111111011110111011111010101111111111111111
111111811101111111111111100000011111111111111111111111111111111111101001111101111010101111111111111111
111111811101111111111111101111011111111111111111111111111111111111110111111110111010101111111111111111
111111811101111111111111101111011111111111111111111111111111111111101111111111011010101111111111111111
111118111101111111111111101111011111111111111111111111111111111111011111111111100010101111111111111111
111118111101111111111111100111011111111111111111111111111111111110111111111111111000101111111111111111
111118111110111111111111101000011111111111111111111111111111111110011111111111110000000001111111111111
111181111110111111111111101111011111111111111111111111111111111101100111111111101111111100111111111111
111181111111011111111111101111011111111111111111111111111111111011111011111110011111111101011111111111
111181111111011110000000001111011111111111111111111111111111111011111101100001111111111101101111111111
111181111111000001111111101111011111111111111111111111111111110111111110011111111111111101110111111111
111181111111011111111111101111011000001111111111111111111111101001111001111111111111111101111011111111
111181111111011111111111101111011011110000000000000111111111011110100101111111111111111011111101111111
111181111111101111111111101111011011111111111111011000000000111111011011111111111111110111111110111111
111181111111101111111111101111011011111111111111011111011110001110111011111111111111101111111111011111
111181111111101111111111101111011011111111111111011111011101110101110111111111111111101111111111101111
111181111111101111111111101111000000000000000000001111011101111011110111111111111111011111111111110011
111181111111101111111111101111111111111111111110110000111000110111110111111111111111011111111111111011
111181111111110111111111101111111111111111111110111110110111010111110000000111111110111111111111110111
111181111111111011111111011111111111111111111110111101101111101111101111111011111101111111111111101111
111181111111111101111111011111111111111111111110111011101111101111011111111100011101111111111111101111
111181111111111000000000000000000011111111111110011011101111110111011111111101100000111111111111101111
111181110000000101111111011111110100001111111110100011101111111010111111111101111101000001111111101111
111181001111111101111111011111110111110011111110111011101111111010111111111101111101111110111111101111
111181101111111101111111011111110111111011111110111011101111111100111111111101111011111111011111101111
111181110111111101111111011111110111111011111110111011101111111110111111111000000011111111100000001111
111181110111111101111111011111110111111000000000010111011111111111011111111011111011111111111111111111
111181111011111110111111011111110111111111111111100000011111111111100111111011110111111111111111111111
111181111101111110111111011111110100001111111111111111011111111111011000000111110111111111111111111111
111181111110111110111111011111111011101111111111111110111111111110111111110111110111111111111111111111
111181111110111110000000000000000111101111111111111101111111111101111111110111101111111111111111111111
111181111111011111111111101111111111101111111111111101111111111101111111111011101111111111111111111111
111118111111011111111111101111111111101111111111111101111111111011111111111101101111111111111111111111
111118111111101111111111101111111111101111111111111101111100110111111111111110011111111111111111111111
111118111111101111111111101111111111101111111111111011111011000111000000000000111111111111111111111111
111111811111101111111111101111111111101111111111100001110111110110111111111111011111111111111111111111
111111811111110111111111101111111111101111000000011010110111110110111111111111011111111111111111111111
111111811111111011111111101111111111100000101111110111000011101110111111111111101111111111111111111111
111111181111111011111111101111110000001111101111110111110100000101111111111111101111111111111111111111
111111181111111101111111100000001111101111110111110111110111111000000000000000001111111111111111111111
111111181111111101111111101111111111101111110000000111110111111011111101111111101111111111111111111111
111111181111111101111111101111111111101111111111110111110111110111111011111111101111111111111111111111
111111181111111101111111101111111111101111111111110111110111101111110111111111011111111111111111111111
111111118111111110111111101111111111101111111111110111110111101111110111111110111111111111111111111111
111111118111111110111111101111111111101111111111110111110111011111101111111110111111111111111111111111
111111118111111111011111101111111111101111111111110000000000000011101111111110111111111111111111111111
111111118111111111011111101111111111001111111111110111111111111100001111111101111111111111111111111111
111111111811111111011111100000000000111111111111110111111111111111111111111101111111111111111111111111
111111111811111111011111101111111111111111111111110111111111111111111111111101111111111111111111111111
111111111181111111101111101111111111111111111111110111111111111111111111111101111111111111111111111111
111111111181111111110111110111111111111100000000000000000011111111110000000011111111111111111111111111
111111111118111111111011110111111111111101101110110111111101111100001111111011111111111111111111111111
111111111111811111111101110111111111111101101110110111111110000011111111111011111111111111111111111111
111111111111181111111101110000000000111101101110110111111111111111111111111011111111111111111111111111
111111111111118111111101101110111111011101101110110111111111111111111111111011111111111111111111111111
111111111111111811111100011110111100000000000000110111111111111111111111111011111111111111111111111111
111111111111111181111110111110000011111111111000000000011111111111111111111011111111111111111111111111
111111111111111118111110111111111111000000000111111111100000000000000000000011111111111111111111111111
111111111111111111811110111111111110111111111111111111111111111111111111111111111111111111111111111111
111111111111111111181111011100000001111111111111111111111111111111111111111111111111111111111111111111
111111111111111111118111100011111111111111111111111111111111111111111111111111111111111111111111111111
111111111111111111111811111111111111111111111111111111111111111111111111111111111111111111111111111111
144444444444444444444444444444444444444444444444444444444444444444444444444444444444444444444444444441
144444444444444444444444444444444444444444444444444444444444444444444444444444444444444444444444444441
144444444444444444444444444444444444444444444444444444444444444444444444444444444444444444444444444441
144444444444444444444444444444444444444444444444444444444444444444444444444444444444444444444444444441
144444444444444444444444444444444444444444444444444444444444444444444444444444444444444444444444444441
144444444444444444444444444444444444444444444444444444444444444444444444444444444444444444444444444441
144444444444444444444444444444444444444444444444444444444444444444444444444444444444444444444444444441
144444444444444444444444444444444444444444444444444444444444444444444444444444444444444444444444444441
144444444444444444444444444444444444444444444444444444444444444444444444444444444444444444444444444441
144444444444444444444444444444444444444444444444444444444444444444444444444444444444444444444444444441
111111111111111111111111111111111111111111111111111111111111111111111111111111111111111111111111111111