111111111111111111111111111111111111111111111111111111111111111111111111111111111111111111111111111111
111111111111111111111111111111111118888888888888888888888888888888888888888881111111111111111111111111
111111111111111111111111118888888888888888888888888888888888888888888888888810000000000111111111111111
111111111111111111118888888888888888888888888888888888111111111111111111111101101111111000000000000011
111111111111111188888888888888888888888888888111111111111011111111111111111011101111111111111111110011
111111111111888888888888888888888888888888111111111111110101111111111111110111101111111111111111101011
111111111118888888888888888888888888888811111111111110001110110000001111101111101111111111111111011011
111111111888888888888888888888888888111111111111111101011111001111110111011111110111111111111100111011
111111188888888888888888888888881111111111111111111011011111101111111010111111111011111111111011111011
111111888888888888888888888111111111111111111111111011101111101111111100111111111101111111110111111011
111118888888888888888888811111111111111111111111100011101111101111111011001111111011111100001111111011
111118888888888888888881111111111111111111000000011011101111101111110111110000000111111011111111111011
111188888888888888888111111111111111110000111110111011101111100000000011111100110111110111111111111011
111188888888888888881111111111111111101111111110111011101111101111111101111011111000001111111111111011
111188888888888888811111111111111111011111111110111011101111101111111110110111111111101111111111111011
111888888888888881111111111111111000111111111110110111101111101111111111001111111111011111111111111011
111888888888888811111111111111100011111111111110000000000000001111111111010000011110111111111111111011
118888888888888111111111111111001101111111111110110111101111100011111110111111101101111111111111111011
118888888888811111111111110000101110011111111110110111101111101100011101111111110011111111111111111011
118888888888111111111111100011101111100000000000000000001111101111100011111111110111111111111111111011
188888888881111111111111001101101111111111111111110111101111101111101111111111101111111111111111111011
188888888811111111111110101110101111111111111111110111101111101111101111111111011111111111111111111011
188888888111111111110001101111001111111111111111110111101111101111101111111110111111111111111111111011
188888888111111100001111101111100000000000000000000000000000000111011111111101111111111111111111111011
188888888111111011111111101111101111111111111111111111111111111000111111111011111111111111111111110111
188888888111110111111111101111011111111111111111111111111111111110011111110111111111111111111110001111
188888881111101111111111101111011111111111111111111111111111111110100001110111111111111110000001111111
188888881100011111111111101111011111111111111111111111111111111110111110001111111011110001111111111111
188888881011111111111111101111011111111111111111111111111111111110111111010111111000001111111111111111
188888811011111111111111100011011111111111111111111111111111111111011100111011111010101111111111111111
188888811011111111111111101100011111111111111111111111111111111111101011111101111010101111111111111111
188888811011111111111111101111011111111111111111111111111111111111110111111110111010101111111111111111
188888811011111111111111101111011111111111111111111111111111111111101111111111011010101111111111111111
188888111101111111111111101111011111111111111111111111111111111111011111111111101010101111111111111111
188888111110111111111111100011011111111111111111111111111111111110111111111111110000101111111111111111
188888111110111111111111101100011111111111111111111111111111111110011111111111110000000001111111111111
188881111110111111111111101111011111111111111111111111111111111101101111111111001111111100011111111111
188881111111011111111111101111011111111111111111111111111111111011110011111100111111111101101111111111
188881111111011111111111001111011111111111111111111111111111111011111101100011111111111011110111111111
188881111111000000000000101111011111111111111111111111111111110111111100011111111111111011111011111111
188881111111101111111111101111011000001111111111111111111111101011111010111111111111110111111101111111
188881111111101111111111101111011011110000000000001111111111011100100110111111111111101111111110111111
188881111111110111111111101111011011111111111111010000000000111111011110111111111111101111111111011111
188881111111110111111111101111011011111111111111011111011110011110111110111111111111101111111111101111
188881111111110111111111101111011011111111111111011111011101101101111101111111111111101111111111110111
188881111111110111111111101111000000000000000000001111011101110011111101111111111111011111111111111011
188881111111111011111111101111111111111111111111010000111000111011111011111111111110111111111111111011
188881111111111101111111101111111111111111111111011110111011010111110000001111111110111111111111111011
188881111111111101111111011111111111111111111111011110111011101111110111110011111101111111111111111011
188881111111111101111111011111111111111111111110111110111011110111101111111100011101111111111111110111
188881111111111000000000000000000000011111111110011101110111110111101111111101100000111111111111110111
188881111111110101111111101111110111100111111110100011110111111011011111111011111011000011111111110111
188881000000001101111111101111111011111011111110111011110111111101011111111011111011111100001111101111
188881011111111101111111101111111011111011111110110111101111111110011111111011111011111111110000001111
188881011111111101111111101111111011111011111110110111011111111110111111111000000011111111111111101111
188881101111111101111111101111111011111000000000000111011111111111011111111011111011111111111111111111
188881101111111101111111101111111011111111111111110000011111111111100011111011111011111111111111111111
188881101111111101111111101111111000001111111111111111011111111111011100000111110111111111111111111111
188881110111111101111111101111000011101111111111111111011111111111011111110111110111111111111111111111
188881110111111110000000000000111111101111111111111110111111111111011111111011110111111111111111111111
188881110111111111111111101111111111101111111111111101111111111110111111111101110111111111111111111111
188888110111111111111111101111111111101111111111111101111111111101111111111101101111111111111111111111
188888111011111111111111101111111111101111111111111011111101111011111111111110011111111111111111111111
188888111101111111111111101111111111101111111111110001111010000111000000000000111111111111111111111111
188888811101111111111111101111111111101111111110001010111011101111011111111110111111111111111111111111
188888811101111111111111101111111111101000000001111011010111101110111111111110111111111111111111111111
188888811110111111111111101111111111100111011111111011100000011101111111111110111111111111111111111111
188888881111011111111111101111000000001111101111111011110111001101111111111111011111111111111111111111
188888881111011111111111100000111111101111110111110111110111110000000000000000001111111111111111111111
188888881111011111111111101111111111101111110000000111110111111011111101111111101111111111111111111111
188888881111011111111111101111111111101111111111110111110111111011111101111111011111111111111111111111
188888881111101111111111101111111111101111111111110111110111111011111101111111011111111111111111111111
188888888111110111111111101111111111101111111111110111110111110111111101111110111111111111111111111111
188888888111110111111111101111111111101111111111110111110111101111111011111110111111111111111111111111
188888888111111011111111101111111111101111111111110000000000000000010111111101111111111111111111111111
188888888111111101111111101111000000001111111111110111111111111111101111111011111111111111111111111111
188888888811111110111111100000111111111111111111110111111111111111111111111011111111111111111111111111
188888888811111111011111110111111111111111111111110111111111111111111111111011111111111111111111111111
188888888881111111101111110111111111111111111111110111111111111111111111111011111111111111111111111111
188888888881111111101111110111111111111100000000000000011111111111111100000011111111111111111111111111
188888888888111111101111110111111111111101101110110111101111110000000011111011111111111111111111111111
188888888888811111110111110111111111111101101110110111110000001111111111111011111111111111111111111111
188888888888881111111011110000000000111101101110110111111111111111111111111011111111111111111111111111
188888888888888111111010001110111111011101101110110111111111111111111111111011111111111111111111111111
188888888888888811111101111110111110000000000000110111111111111111111111111011111111111111111111111111
188888888888888881111110111110000001111111111100000000000000000000011111111011111111111111111111111111
188888888888888888111111011111111111111000000011111111111111111111100000000011111111111111111111111111
188888888888888888811111101111111111100111111111111111111111111111111111111111111111111111111111111111
188888888888888888881111101111111110011111111111111111111111111111111111111111111111111111111111111111
188888888888888888888111100000000001111111111111111111111111111111111111111111111111111111111111111111
188888888888888888888811111111111111111111111111111111111111111111111111111111111111111111111111111111
144444444444444444444444444444444444444444444444444444444444444444444444444444444444444444444444444441
144444444444444444444444444444444444444444444444444444444444444444444444444444444444444444444444444441
144444444444444444444444444444444444444444444444444444444444444444444444444444444444444444444444444441
144444444444444444444444444444444444444444444444444444444444444444444444444444444444444444444444444441
144444444444444444444444444444444444444444444444444444444444444444444444444444444444444444444444444441
144444444444444444444444444444444444444444444444444444444444444444444444444444444444444444444444444441
144444444444444444444444444444444444444444444444444444444444444444444444444444444444444444444444444441
144444444444444444444444444444444444444444444444444444444444444444444444444444444444444444444444444441
144444444444444444444444444444444444444444444444444444444444444444444444444444444444444444444444444441
144444444444444444444444444444444444444444444444444444444444444444444444444444444444444444444444444441
111111111111111111111111111111111111111111111111111111111111111111111111111111111111111111111111111111