111111111111111111111111111111111111111111111111111111111111111111111111111111111111111111111111111111
111111111111111111111111111111111111111111111111111111111111111111111111111181111111111111111111111111
111111111111111111111111111111111111111111111111111111888888888888888888888811000000000000111111111111
111111111111111111111111111111111111111111111888888888111111111111111111111110101111111111000000000011
111111111111111111111111111111111111111111888111111111110011111111111111111101101111111111111111110011
111111111111111111111111111111111111111188111111111111101101111111111111111011110111111111111111101011
111111111111111111111111111111111111888811111111111110011110111000001111100111111011111111111110011011
111111111111111111111111111111118888111111111111111110011111000111110111011111111011111111111101111011
111111111111111111111111111888881111111111111111111101101111011111111010111111111101111111111011111011
111111111111111111111111118111111111111111111111111101101111101111111101111111111001111111110111111011
111111111111111111111111811111111111111111111110000011101111101111111010000000110111111111001111111011
111111111111111111111181111111111111111110000001111011101111101111110111111111000000111100111111111011
111111111111111111118111111111111111110001111101111011101111101100001111111100111111010011111111111011
111111111111111111181111111111111110001111111101111011101111100011110111111011111111101111111111111011
111111111111111111811111111111111001111111111101111011101111101111111000110111111111101111111111111011
111111111111111181111111111111110111111111111110110111101111101111111111001111111111011111111111111011
111111111111111811111111111111001111111111111110000000000000000111111110010000111110111111111111111011
111111111111118111111111111110100000111111111110110111101111101000111101111111000101111111111111111011
111111111111811111111111111001101111001111111110110111101111101111011011111111111011111111111111111011
111111111118111111111111100001101111110000000000000000001111101111100111111111110111111111111111111011
111111111181111111111000001110101111111111111111110111101111101111101111111111101111111111111111111011
111111111811111111100111101111001111111111111111110111101111101111101111111111011111111111111111111011
111111118111111111011111101111100001111111111111110111101111101111101111111110111111111111111111111011
111111118111111100111111101111101110000000000000000000000000001111011111111101111111111111111111000011
111111118111100011111111101111101111111111111111111111111111110000111111111011111111111111111110111111
111111118111011111111111101111101111111111111111111111111111111110000111110111111111111111110001111111
111111181110111111111111101111101111111111111111111111111111111110111011110111111111111111001111111111
111111181101111111111111101111101111111111111111111111111111111110111100001111111001111000111111111111
111111181011111111111111101111011111111111111111111111111111111110111111010011111010000111111111111111
111111811011111111111111101111011111111111111111111111111111111111011100111101111010101111111111111111
111111811011111111111111100000011111111111111111111111111111111111101011111110111010101111111111111111
111111811011111111111111101111011111111111111111111111111111111111110111111111011010101111111111111111
111111811011111111111111101111011111111111111111111111111111111111101111111111101010101111111111111111
111118111101111111111111101111011111111111111111111111111111111111011111111111110010101111111111111111
111118111101111111111111101111011111111111111111111111111111111110111111111111111000101111111111111111
111118111101111111111111100000011111111111111111111111111111111101001111111111111000000001111111111111
111181111101111111111111101111011111111111111111111111111111111101110111111100000111111100111111111111
111181111110111111111111101111011111111111111111111111111111111011111011110011111111111011011111111111
111181111110111100000000001111011111111111111111111111111111110111111101001111111111111011101111111111
111181111111000011111111101111011111111111111111111111111111110111111110111111111111110111110111111111
111181111111011111111111101111011000111111111111111111111111101011111100111111111111110111111011111111
111181111111101111111111101111011011000000000000000000111111011100110001111111111111101111111101111111
111181111111101111111111101111011011111111111111011111000000111111001101111111111111101111111110011111
111181111111101111111111101111011011111111111111011111101101011110111011111111111111101111111111101111
111181111111101111111111101111011011111111111111011111011101101101111011111111111111101111111111110111
111181111111110111111111101111000000000000000000000000111011110011111011111111111111011111111111111011
111181111111110111111111101111111111111111111111011110111001111011111011111111111111011111111111111011
111181111111111011111111101111111111111111111111011110111010010111110001111111111111011111111111111011
111181111111111011111111011111111111111111111111011110110111101111101110001111111110111111111111111011
111181111111111011111111011111111111111111111110111101110111101111011111110000011101111111111111111011
111181111111111100000000000000000001111111111110111101101111110110111111111101100000111111111111111011
111181111111100001111111011111110110111111111110000011101111111010111111111101111011000001111111110111
111181000000011110111111101111110111000011111110111011101111111100111111111101111011111110001111101111
111181011111111110111111101111110111111011111110111011011111111110111111111101111011111111110001101111
111181011111111110111111101111110111111011111110111011011111111110111111111000000011111111111110001111
111181101111111110111111101111110111111000000000011011011111111111011111111011110111111111111111111111
111181110111111110111111101111110111111111111111100000011111111111100111110111101111111111111111111111
111181111011111110111111101111111011001111111111111111011111111111011000000111011111111111111111111111
111181111101111110111111101000000000101111111111111110111111111110111111110111011111111111111111111111
111181111101111110000000000111111111101111111111111110111111111110111111111011011111111111111111111111
111181111110111111111111101111111111101111111111111101111111111101111111111010111111111111111111111111
111118111111011111111111101111111111101111111111111011111111111101111111111100111111111111111111111111
111118111111011111111111101111111111101111111111111011111100001011111111111100111111111111111111111111
111118111111011111111111101111111111101111111111100001111011110111000000000000111111111111111111111111
111111811111101111111111101111111111101111111110011010110111101110111111111111011111111111111111111111
111111811111101111111111101111111111101110000001110111000111101101111111111111011111111111111111111111
111111811111110111111111101111111111101001101111110111110111011011111111111111011111111111111111111111
111111181111110111111111101111110000000111110111110111110000011011111111111111101111111111111111111111
111111181111110111111111100000001111101111110111110111110111100000000000000000001111111111111111111111
111111181111111011111111101111111111101111110000000111110111111011111011111111101111111111111111111111
111111181111111101111111101111111111101111111111110111110111110111110111111111101111111111111111111111
111111181111111101111111101111111111101111111111110111110111101111110111111111011111111111111111111111
111111118111111101111111101111111111101111111111110111110111101111101111111110111111111111111111111111
111111118111111101111111101111111111101111111111110111110111101111101111111110111111111111111111111111
111111118111111110111111101111111111101111111111110000000000000011101111111101111111111111111111111111
111111118111111110111111101111000000001111111111110111111111111100001111111101111111111111111111111111
111111111811111111011111100000111111111111111111110111111111111111111111111101111111111111111111111111
111111111811111111101111101111111111111111111111110111111111111111111111111011111111111111111111111111
111111111181111111110111101111111111111111111111110111111111111111111111111011111111111111111111111111
111111111181111111110111110111111111111100000000000011111111111111111111100011111111111111111111111111
111111111118111111110111110111111111111101101110110101111111111111111111011011111111111111111111111111
111111111111811111111011110111111111111101101110110110000000000000000000111011111111111111111111111111
111111111111181111111101110000000000111101101110110111111111111111111111111011111111111111111111111111
111111111111118111111101101110111111011101101110110111111111111111111111111011111111111111111111111111
111111111111111811111100011110110000000000000000110111111111111111111111111011111111111111111111111111
111111111111111181111110111110001111111110000000000000001111111111111111111011111111111111111111111111
111111111111111118111110111111110000000001111111111111110000000000000000000011111111111111111111111111
111111111111111111811111011000001111111111111111111111111111111111111111111111111111111111111111111111
111111111111111111181111100111111111111111111111111111111111111111111111111111111111111111111111111111
111111111111111111118111101111111111111111111111111111111111111111111111111111111111111111111111111111
111111111111111111111811111111111111111111111111111111111111111111111111111111111111111111111111111111
144444444444444444444444444444444444444444444444444444444444444444444444444444444444444444444444444441
144444444444444444444444444444444444444444444444444444444444444444444444444444444444444444444444444441
144444444444444444444444444444444444444444444444444444444444444444444444444444444444444444444444444441
144444444444444444444444444444444444444444444444444444444444444444444444444444444444444444444444444441
144444444444444444444444444444444444444444444444444444444444444444444444444444444444444444444444444441
144444444444444444444444444444444444444444444444444444444444444444444444444444444444444444444444444441
144444444444444444444444444444444444444444444444444444444444444444444444444444444444444444444444444441
144444444444444444444444444444444444444444444444444444444444444444444444444444444444444444444444444441
144444444444444444444444444444444444444444444444444444444444444444444444444444444444444444444444444441
144444444444444444444444444444444444444444444444444444444444444444444444444444444444444444444444444441
111111111111111111111111111111111111111111111111111111111111111111111111111111111111111111111111111111