1111111111111111111111111111111111111111111111111111111111111111111111111111111111111111111111111111111111111111111111111111111111111111111111111111111111111111111111111111111111111111111111111111111111
1111111111111111111111111111111111111111111111111111111111111111111111111111111111111111111111111111111111111111111111111111111111111111111111111111111111111111111111111111111111111111111111111111111111
1111111111111111111111111111111111111111111111111111111111111111111111111111111111111111111111111111111111111111111111111111111111111111111111111111111111111111111111111111111111111111111111111111111111
1111111111111111111111111111111111111111111111111111111111111111111111111111111111111111111188888888888888888888881111111111111111111111111111111111111111111111111111111111111111111111111111111111111111
1111111111111111111111111111111111111111111111111111111111111111111111111111111111111888888811111111111111111111118111111111111111111111111111111111111111111111111111111111111111111111111111111111111111
1111111111111111111111111111111111111111111111111111111111111111111111111111118888888100000000000000000000000000011888111111111111111111111111111111111111111111111111111111111111111111111111111111111111
1111111111111111111111111111111111111111111111111111111111111111111111888888881111110011111111111111111111101111101111811111111111111111111111111111111111111111111111111111111111111111111111111111111111
1111111111111111111111111111111111111111111111111111111111111188888888100000000000001111111111111111111111101111110000188811111111111111111111111111111111111111111111111111111111111111111111111111111111
1111111111111111111111111111111111111111111111111111111888888811110000011011111101111111111111111111111111101111111011011188111111111111111111111111111111111111111111111111111111111111111111111111111111
1111111111111111111111111111111111111111111111118888888111111111001111110111111110111111111111111111111111011111111011100011881111111111111111111111111111111111111111111111111111111111111111111111111111
1111111111111111111111111111111111188888888888881111111111110000111111101111111110111111111111111111111111011111111011101101118811111111111111111111111111111111111111111111111111111111111111111111111111
1111111111111111111111111111188888811111111111111111111111000111111111011111111111011111111111111111111111011111111011011110011188111111111111111111111111111111111111111111111111111111111111111111111111
1111111111111111111111118888811111111111111111111111111110101111111110111111111111011111111111111111111111011111111010111111101111881111111111111111111111111111111111111111111111111111111111111111111111
1111111111111111111118881111111111111111111111111110000001011111111101111111111111101111111111111111111111011111111010111111110111118881111111111111111111111111111111111111111111111111111111111111111111
1111111111111111111188111111111111111111111000000001111110111111111101111111111100010111111111111111111100111111111010111111111011111118811111111111111111111111111111111111111111111111111111111111111111
1111111111111111118811111111111111111111100111111111111001111111111011111111111011110111111111111111111010111111110110111111111100011111188111111111111111111111111111111111111111111111111111111111111111
1111111111111111881111111111111111111100011111111111100110111111110111111111110111111011111111111111000110111111110110111111111101101111111881111111111111111111111111111111111111111111111111111111111111
1111111111111888111111111111111111100011111111111111011111011111101111111111101111111101111111111110111110111111110101111111111101110111111118881111111111111111111111111111111111111111111111111111111111
1111111111111811111111111111111110011111111111111110111111101110011111111111011111111110111111100001111101111111110101111111111011111011111111118811111111111111111111111111111111111111111111111111111111
1111111111881111111111111111111101011111111111111001111111110101101111111100111111111111011111011111111101111111110101111111111011111101111111111188811111111111111111111111111111111111111111111111111111
1111111188111111111111111111100011011111111110000111111111100011110111111011111111111111101110111111111101111111110101111111111011111110011111111111188111111111111111111111111111111111111111111111111111
1111118811111111111111111100011111011111111101111111111111011011111011100111111111111111110101111111111101111111110101111111111011111111100011111111111811111111111111111111111111111111111111111111111111
1111181111111111111111111011111111101111111011111111111110111101111101011111111111111111111011111111111101111111110101111111111011111111111100111111111181111111111111111111111111111111111111111111111111
1118111111111111111111100111111111101111110111111111111101111110111110111111111111111111110101111111111011111111101101111111111011111111111111001111111111811111111111111111111111111111111111111111111111
1181111111111111111110001111111111110111001111111111111011111111011101011111111111111111101110111111100100111111011011111111111011111111111111110011111111181111111111111111111111111111111111111111111111
1111111111111111111101101111111111111010111111111111110111111111100011011111111111111111011110111100010111000000000011111111111011111111111111111101111111118111111111111111111111111111111111111111111111
1111111111111111111011110111111111111101111111111111101111111100011111011111111111111110111110110011110111111101111000111111111011111111111111111110011111111811111111111111111111111111111111111111111111
1111111111111111000111111011111111111010111111111110011111111011111111101111111111111101111110101111101111111011110111000000000011111111111111111111101111111181111111111111111111111111111111111111111111
1111111111111110011111111011111111110110111111111101111111110111111111110111111111100011111110011111011111111011110111101111111011111111111111111111000011111111811111111111111111111111111111111111111111
1111111111111101011111111101111110000111011111110011111111101111111111111011111111110111111101101111011111111011110111011111111011111111111111111110101101111111181111111111111111111111111111111111111111
1111111111111011011111111110111101111011011111101101111111011111111111111011111111110111111011110111011111111011101111011111111011111111111111111101011110111111118111111111111111111111111111111111111111
1111111111110111011111111110111011111011101111011101111110111111111111111101111111111011110111110111011111111011101111011111111011111111111111110011011111011111111811111111111111111111111111111111111111
1111111111101111011111111111010111111011101000111110111001111111111111111110111111111101101111110110111111111011011111011111111011111111111111001111011111101111111181111111111111111111111111111111111111
1111111111101111011111111111101111111101110111111111010111111111111111111111011111111100011111111001111111110111011111011111111011111111111110111111011111110111111111811111111111111111111111111111111111
1111111111011111011111111111110111111110101111111111101111111111111111111111101111100011000000000000000000000000000000000000111011111111111101111110111111111011111111181111111111111111111111111111111111
1111111110111111011111111111110111111111011111111111011111111111111111111111101110011111111111111111111111101111111111011111000011111111111011111110111111111101111111118111111111111111111111111111111111
1111111111011100101111111111110111111100111111111110111111111111111111111111110101111111111111111111111111101111111111011111111011111111100111111110111111111110111111111811111111111111111111111111111111
1111111111011011110000001111111011111011111111111101111111111111111111111111111011111111111111111111111111101111111111011111111011111110011111111110111111111111000111111181111111111111111111111111111111
1111111111000111111110110001111101110111111111111011111111111111111111111111111011111111111111111111111111101111111111011111111011111101111111111110111111111111111011111111811111111111111111111111111111
1111111110101111111001111110111100001111111111100111111111111111111111111111111011111111111111111111111111011111111111011111111011111011111111111110111111111111111101111111181111111111111111111111111111
1111111001110111110111111111011101111111111111011111111111111111111111111111111011111111111111111111111111011111111111011111111011110111111111111101111111111111111110111111118111111111111111111111111111
1111110111111011101111111111101010111111111110111111111111111111111111111111111011111111111111111111111111011111111111011111111011101111111111111101111111111111111111001111118111111111111111111111111111
1111101111111011011111111111100111011111111001111111111111111111111111111111111011111111111111111111111111011111111111011111111011011111111111111011111111111111111111110111111811111111111111111111111111
1111011111110000111111111110011111011111110111111111111111111111111111111111111011111111111111111111111111000011111111011111111010111111111111111011111111111111111111111011111181111111111111111111111111
1110111111001101111111111101111111011111101111111111111111111111111111111111111011111111111111111111111110011100000000011111111001111111111111111011111111111111111111111100111118111111111111111111111111
1101111110111110111111111011111111011111011111111111111111111111111111111111111011111111111111111111111101011111111111011111110011111111111111111011111111111111111111110000011111811111111111111111111111
1101111101111110011111110111111111101110111111111111111111111111111111111111111011111111111111111111111011101111111111011111000111111111111111110111111111111111111111101111111111811111111111111111111111
1110110011111101101111001111111111110001111111111111111111111111111111111111111101111111111111111111110111101111111111011100110111111111111111101111111111111111111111011111111111181111111111111111111111
1110001111100011110110111111111111001011111111111111111111111111111111111111111101111111111111111111101111101111111111011011110111111111111111011111111111111111111110111111111111118111111111111111111111
1111011110011111111001111111111000111101111111111111111111111111111111111111111101111111111111111111011111101111111111010111110111111111111110111111111111111111111101111111111111111811111111111111111111
1111011001111111100011111111110111111110111111111111111111111111111111111111111101111111111111111110111111101111111111001111110111111111111101111111111111111111000011111111111111111811111111111111111111
1111010111111111011101111111001111111110111111111111111111111111111111111111111110111111111111111101111111101111111110011111110111111111111101111111111100000000111111111111111111111118111111111111111111
1111001111111100111101111110111111111111011111111111111111111111111111111111111110111111111111111011111111101111111101111111110111111111111101111111100011111111111111111111111111111118111111111111111111
1111011111111011111110111101111111111111101111111111111111111111111111111111111111011111111111110111111111101111111011111111110111111111111011110000011111111111111111111111111111111111181111111111111111
1111100111110111111111011011111111111111101111111111111111111111111111111111111111011111111111101111111111101111110111111111110111111111110110001111111111111111111111111111111111111111181111111111111111
1111111011001111111111100111111111111111101111111111111111111111111111111111111111101111111110011111111111110110001111111111110111111111100001111111111111111111111111111111111111111111118111111111111111
1111111100111111111110001111111111111111101111111111111111111111111111111111111111101111111101111111111111110101111111111111110111000000010111111111111111111111111111111111111111111111111811111111111111
1111111101111111111001110111111111111111110111111111111111111111111111111111111111110111111011111111111111110011111111111111111000111111110111111111111111111111111111111111111111111111111811111111111111
1111111101111111100111111011111111111111111011111111111111111111111111111111111111110111100111111111111111100000000000000000000011111111110111111111111111111111111111111111111111111111111811111111111111
1111111101111111011111111011111111111111111101111111111111111111111111111111111111110111011111111000000000011111111111011111111011111111110111111111111111111111111111111111111111111111111181111111111111
1111111101111110111111111011111111111111111101111111111111111111111111111111111111111010000000000111111111111111111111011111111011111111110111111111111111111111111111111111111111111111111181111111111111
1111111110111101111111111101111111111111111101111111111111111111111111111111111111111001111111111111111111111111111111011111111011111111110111111111111111111111111111111111111111111111111118111111111111
1111111111010011111111111101111111111111111101111111111111111111111111111111111111110101111111111111111111111111111111011111111011111111110111111111111111111111111111111111111111111111111111811111111111
1111111111001111111111111101111111111111111101111111111111111111111111000000000000001101111111111111111111111111111111011111111011111111110111111111111111111111111111111111111111111111111111181111111111
1111111111011111111111111101111111111111111110111111000000000000000000111111111111111101111111111111111111111111111111011111111011111111110111111111111111111111111111111111111111111111111111181111111111
1111111111011111111111111110111111111111111110100000110111111111011111111111111111111101111111111111111111111111111111011111111011111111110111111111111111111111111111111111111111111111111111118111111111
1111111111011111111111111111011111111111000000011011110111111111011111111111111111111101111111111111111111111111111111101111111011111111110111111111111111111111111111111111111111111111111111118111111111
1111111111011111111111111111011111111100111110111011110111111111011111111111111111111101111111111111111111111111111111101111111011111111110111111111111111111111111111111111111111111111111111111811111111
1111111111011111111111111111101111000001111101111011111011111111011111111111111111111101111111111111111111111111111111101111111101111111110111111111111111111111111111111111111111111111111111111811111111
1111111111011111111111111111110000111011111101111011111011111111011111111111111111111110111111111111111111111111111111101111111101111111111011111111111111111111111111111111111111111111111111111181111111
1111111111011111111111111111101111110111111101111011111101111111011111111111111111111110111111111111111111111111111111110111111101111111111011111111111111111111111111111111111111111111111111111181111111
1111111111011111111111111111011111101111111101111011111101111111011111111111111111111110111111111111111111111111111111111011111101111111111011111111111111111111111111111111111111111111111111111118111111
1111111111101111111000000000111111011111111101111011111101111111011111111111111111111110111111111111111111111111111111111011111101111111111011111111111111111111111111111111111111111111111111111118111111
1111111111101111000111111111111110111111111100011011111101111111011111111111111111111111011111111111111111111111111111111011111101111111111101111111111111111111111111111111111111111111111111111111811111
1111111111100000111111111111111101111111111101100000000001111111011111111111111111111111011111111111111111111111111111111011111101111111111101111111111111111111111111111111111111111111111111111111811111
1111111111101111111111111111111011111111111011111011111101111111011111111111111111111111011111111111111111111111111111111011111101111111111101111111111111111111111111111111111111111111111111111111811111
1111111111101111111111111111100111111111111011111011111101111111011111111111111111111111011111111111111111111111111111111011111101111111111101111111111111111111111111111111111111111111111111111111811111
1111111111101111111111111110011111111111111011111011111101111111101111111111111111111111011111111111111111111111111111111011111110111111111101111111111111111111111111111111111111111111111111111111811111
1111111111101111111111111101111111111111111011110111111101111111101111111111111111111111011111111111111111111111111111111011111110111111111101111111111111111111111111111111111111111111111111111111811111
1111111111101111111111111011111111111111110111110111111101111111101111111111111111111111011111111111111111111111111111110011111110111111111101111111111111111111111111111111111111111111111111111111811111
1111111111101111111111110111111111111111110111101111111101111111101111111111111111111111101111111111111111111111111111101111111110111111111101111111111111111111111111111111111111111111111111111111811111
1111111111101111111111101111111111111111110111101111111101111111110111111111111111111111101111111111111111111111111111011111111111011111111101111111111111111111111111111111111111111111111111111111811111
1111111111101111111111011111111111111111110111101111111101111111110111111111111111111111101111111111111111111111100000111111111111011111111101111111111111111111111111111111111111111111111111111111811111
1111111111101111111110111111111111111111101111011111111101111111110111111111111111111111101111111111111111111111011111111111111111011111111101111111111111111111111111111111111111111111111111111111811111
1111111111101111111101111111111111111111011111000000000001111111110111111111111111111111101111111111111111111110111111111111111111000000000001111111111111111111111111111111111111111111111111111111811111
1111111111101111111011111111111111111111000000011111111101111111111011111111111111111111101111111111111111111110111111111111110000111111111101111111111111111111111111111111111111111111111111111111811111
1111111111101111110111111111111111111111111111011111111101111111111011111111111111111111101111111111111111111110111111100000001111111111111101111111111111111111111111111111111111111111111111111111811111
1111111111101111101111111111111111111111111111011111111101111111111011111111111111111111101111111111111111111101111100011111111111111111111101111111111111111111111111111111111111111111111111111111811111
1111111111101111011111111111111111111111111111011111111110111111111011111111111111111111101111111111111111111011110011111111111111111111111101111111111111111111111111111111111111111111111111111118111111
1111111111101110111111111111111111111111111111011111111110111111111011111111111111111111101111111111111111111011101111111111111111111111111101111111111111111111111111111111111111111111111111111118111111
1111111111101101111111111111111111111111111111101111111110111111111011111111111111111111101111111111111100000000011111111111111111111111111101111111111111111111111111111111111111111111111111111118111111
1111111111101011111111111111111111111111111111101111111110111111111011111000000000000000000000000000000011111011111111111111111111111111111101111111111111111111111111111111111111111111111111111181111111
1111111111100111111111111111111111111111111111101111111110111111111000000111111111111111110111111111111111111011111111111111111111111111111101111111111111111111111111111111111111111111111111111181111111
1111111111101111111111111111111111111111111111101111111110111111111011111111111111111111110111111111111111111011111111111111111111111111111101111111111111111111111111111111111111111111111111111811111111
1111111111100000000000000000000000000000000000001111111110111111111011111111111111111111110111111111111111111011111111111111111111111111111101111111111111111111111111111111111111111111111111111811111111
1111111111101111111111111111111111111111111111101111111110111111111011111111111111111111110111111111111111111101111111111111111111111111111101111111111111111111111111111411111111111111111111118111111111
1111111111101111111111111111111111111111111111101111111111011111111011111111111111111111110111111111111111111101111111111111111111111111111101111111111111111111111111114444411111111111111111181111111111
1111111111101111111111111111111111111111111111101111111111011111111011111111111111111111110111111111111111111101111111111111111111111111111101111111111111111111111111144444444441111111111111181111111111
1111111111101111111111111111111111111111111111101111111111011111111011111111111111111111110111111111111111111101111111111111111111111111111101111111111111111111111111144444444444444111111111811111111111
1111111111110111111111111111111111111111111111101111111111011111111011111111111111111111110111111111111111111101111111111111111111111111111011111111111111111111111111144444444444444444411118111111111111
1111111111111011111111111111111111111111111111110111111111011111111011111111111111111111110111111111111111111110111111111111111111111111111011111111111111111111111111144444444444444444411118111111111111
1111111111111011111111111111111111111111111111110111111111011111111011111111111111111111110111111111111111111110111111111111111000000000000011111111111111111111111111444444444444444444111181111111111111
1111111111111101111111111111111111111111111111110111111111011111111011111111111111111111110111111111111111111110111111111111100111111111110111111111111111111111111111444444444444444444111181111111111111
1111111111111101111111111111111111111111111111110111110000011111111011111111111111111111111011111111111111111110111111000000011111111111101111111111111111111111111111444444444444444444111811111111111111
1111111111111101111111111111111111111111111111111011101111011111111011111111111111111111111011111111111111111110000000111111111111111111011111111111111111111111111114444444444444444441111811111111111111
1111111111111110111111111111111111111111111111111000011111011111111011111111111111111111111011111111111111111101111111111111111111111110111111111111111111111111111114444444444444444441118111111111111111
1111111111111110111111111111111111111111111111111111111111011111111101111111111111111111111000000000000000000011111111111111111111111101111111111111111111111111111114444444444444444441181111111111111111
1111111111111111011111111111111111111111111111111111111111011111111101111111111111111111111011111111111111111111111111111111111111111011111111111111111111111111111144444444444444444411181111111111111111
1111111111111111011111111111111111111111111111111111111111011111111101111111111111111111111011111111111111111111111111111111111111110111111111111111111111111111111144444444444444444411811111111111111111
1111111111111111101111111111111111111111111111111111111111101111111101111111111111111111111011111111111111111111111111111111111111110111111111111111111111111111111144444444444444444411811111111111111111
1111111111111111110111111111111111111111111111111111111111110111111101111111111111111111111011111111111111111111111111111111111111101111111111111111111111111111111444444444444444444118111111111111111111
1111111111111111111011111111111111111111111111111111111111110111111101111111111111111111111101111111111111111111111111111111111111011111111111111111111111111111111444444444444444444118111111111111111111
1111111111111111111011111111111111111111111111111111111111110111111101111111111111111111111101111111111111111111111111111111111110111111111111111111111111111111111444444444444444444444444444444411111111
1111111111111111111011111111111111111111111111111111111111110111111101111111111111111111111101111111111111111111111111111111111110111111111111111111111111111111114444444444444444444444444444444111111111
1111111111111111111011111111111111111111111111111111111111110111111101111111111111111111111101111111111111111111111111111111111101111111111111111111111111111111114444444444444444444444444444444111111111
1111111111111111111101111111111111111111111111111111111111110111111101111111111111111111111101111111111111111111111111111111111011111111111111111111111111111111114444444444444444444444444444441111111111
1111111111111111111101111111111111111111111111111111111111110111111101111111111111111111111101111111111111111111111111111111110111111111111111111111111111111111144444444444444444444444444444441111111111
1111111111111111111101111111111111111111111111111111111111110111111101111111111111111111111101111111111111111111111111111111101111111111111111111111111111111111144444444444444444444444444444441111111111
1111111111111111111110111111111111111111111111111111111111110111111110111111111111111111111101111111111111111111111111111111011111111111111111111111111111111111144444444444444444444444444444411111111111
1111111111111111111110111111111111111111111111111111111111110111111110111111111111111111111101111111111111111111111111111110111111111111111111111111111111111111444444444444444444444444444444411111111111
1111111111111111111110111111111111111111111111111111111111110111111110111111111111111111111101111111111111111111111111111101111111111111111111111111111111111111444444444444444444444444444444111111111111
1111111111111111111110111111111111111111111111111111111111110111111110111111111111111111111101111111111111111111111111111011111111111111111111111111111111111111444444444444444444444444444444111111111111
1111111111111111111110111111111111111111111111111111111111110111111111011111111000000000000001111111111111111111111111110111111111111111111111111111111111111114444444444444444444444444444441111111111111
1111111111111111111111011111111111111111111111111111111111110000000000000000000111111111111101111111111111111111111111101111111111111111111111111111111111111114444444444444444444444444444441111111111111
1111111111111111111111101111111111111111111111111111111111110111111111111111111111111111111110111111111111111111111111011111111111111111111111111111111111111114444444444444444444444444444441111111111111
1111111111111111111111110111111111111111111111111111111111110111111111111111111111111111111111011111111111111111111110111111111111111111111111111111111111111144444444444444444444444444444411111111111111
1111111111111111111111111011111111111111111111111111111111110111111111111111111111111111111111011111111111111111111101111111111111111111111111111111111111111144444444444444444444444444444411111111111111
1111111111111111111111111011111111111111111111111111111111110111111111111111111111111111111111011111111111111111111011111111111111111111111111111111111111111144444444444444444444444444444111111111111111
1111111111111111111111111011111111111111111111111111111111110111111111111111111111111111111111011111111111111111110111111111111111111111111111111111111111111444444444444444444444444444444111111111111111
1111111111111111111111111101111111111111111111111111111111110111111111111111111111111111111111011111111111111111101111111111111111111111111111111111111111111444444444444444444444444444444111111111111111
1111111111111111111111111101111111111111111111111111111111111011111111111111111111111111111111011111111111111111011111111111111111111111111111111111111111111444444444444444444444444444441111111111111111
1111111111111111111111111101111111111111111111111111111111111011111111111111111111111111111111101111111111111110111111111111111111111111111111111111111111114444444444444444444444444444441111111111111111
1111111111111111111111111101111111111111111111111111111111111011111111111111111111111111111111101111111111111101111111111111111111111111111111111111111111114444444444444444444444444444411111111111111111
1111111111111111111111111110111111111111111111111111111111111011111111111111111111111111111111101111111111111000111111111111111111111111111111111111111111114444444444444444444444444444411111111111111111
1111111111111111111111111111011111111111111111111111111111111011111111111111111111111111111111101111111111110111011111111111111111111111111111111111111111144444444444444444444444444444111111111111111111
1111111111111111111111111111101111111111111111111111111111111011111111111111111111111111111111101111111111101111101111111111111111111111111111111111111111144444444444444444444444444444111111111111111111
1111111111111111111111111111101111111111111111111111111111111011111111111111111111111111111111101111111111101111110111111111111111111111111111111111111111144444444444444444444444444444111111111111111111
1111111111111111111111111111110111111111111111111111111111111011111111111111111111111111111111101111111111011111111001111111111111111111111111111111111111444444444444444444444444444441111111111111111111
1111111111111111111111111111111011111111111111111111111111111011111111111111111111111111111111101111111110111111111101111111111111111111111111111111111111444444444444444444444444444441111111111111111111
1111111111111111111111111111111011111111111111111111111111111011111111111111111111111111111111101111111101111111111011111111111111111111111111111111111111444444444444444444444444444411111111111111111111
1111111111111111111111111111111011111111111111111111111111111011111111111111111111111111111111101111111011111111110111111111111111111111111111111111111114444444444444444444444444444411111111111111111111
1111111111111111111111111111111011111111111111111111111111111011111111111111111111111111111111101111110111111111110111111111111111111111111111111111111114444444444444444444444444444411111111111111111111
1111111111111111111111111111111011111111111111111111111111111011111111111111111111111111111111101111101111111111101111111111111111111111111111111111111114444444444444444444444444444111111111111111111111
1111111111111111111111111111111011111111111111111111111111111011111111111111111111111111111111101111011111111111101111111111111111111111111111111111111144444444444444444444444444444111111111111111111111
1111111111111111111111111111111101111111111111111111111111111011111111111111111111111111111111110110111111111111101111111111111111111111111111111111111144444444444444444444444444441111111111111111111111
1111111111111111111111111111111110111111111111111111111111111011111111111111111111111111111111111010111111111111011111111111111111111111111111111111111144444444444444444444444444441111111111111111111111
1111111111111111111111111111111110111111111111111111111111100000000000000000000000000000000000011001111111111111011111111111111111111111111111111111111444444444444444444444444444411111111111111111111111
1111111111111111111111111111111110111111111111111111111110011111111111111111111111111111111111100000111111111111011111111111111111111111111111111111111444444444444444444444444444411111111111111111111111
1111111111111111111111111111111110111111111111111111100001111111111111111111111111111111111111110111011111111111011111111111111111111111111111111111111444444444444444444444444444411111111111111111111111
1111111111111111111111111111111110111111111111111000011111111111111111111111111111111111111111101111101111111110111111111111111111111111111111111111114444444444444444444444444444111111111111111111111111
1111011111111111111111111111111110111111111111110111111111111111111111111111111111111111111111011111110111111110111111111111111111111111111111111111114444444444444444444444444444111111111111111111111111
1111000001111111111111111111111111011111110000001111111111111111111111111111111111111111111110111111111000011101111111111111111111111111111111111111114444444444444444444444444441111111111111111111111111
1111011110000000000000000000000000011111001111111111111111111111111111111111111111111111111101111111111111100001111111111111111111111111111111111111144444444444444444444444444441111111111111111111111111
1111011111111111111111111111111111000000111111111111111111111111111111111111111111111111111011111111111111111111111111111111111111111111111111111111144444444444444444444444444441111111111111111111111111
1111011111111111111111111111111110111000000001111111111111111111111111111111111111111111110111111111111111111111111111111111111111111111111111111111144444444444444444444444444411111111111111111111111111
1111011111111111111111111111111110111111111110000111111111111111111111111111111111111111101111111111111111111111111111111111111111111111111111111111144444444444444444444444444411111111111111111111111111
1111011111111111111111111111111110111111111111111000000000011111111111111111111111111111011111111111111111111111111111111111111111111111111111111111144444444444444444444444444411111111111111111111111111
1111011111111111111111111111111110111111111111111101111111100000000000000000000000000110111111111111111111111111111111111111111111111111111111111111144444444444444444444444444411111111111111111111111111
1111011111111111111111111111111110111111111111111101111111111111111101111111111111111000111111111111111111111111111111111111111111111111111111111111144444444444444444444444444411111111111111111111111111
1111011111111111111111111111111110111111111111111101111111111111111101111111111111111101000000000011111111111111111111111111111111111111111111111111144444444444444444444444444411111111111111111111111111
1110111111111111111111111111111110111111111111111101111111111111111101111111111111111101111111111100011111111111111111111111111111111111111111111111444444444444444444444444444411111111111111111111111111
1110111111111111111111111111111110111111111111111101111111111111111101111111111111111101111111111111000001111111111111111111111111111111111111111111444444444444444444444444444411111111111111111111111111
1101111111111111111111111111111110111111111111111011111111111111111101111111111111111101111111111111011110111111111111111111111111111111111111111111444444444444444444444444444411111111111111111111111111
1101111111111111111111111111111110111111111111111011111111111111111011111111111111111101111111111111011111000000000001111111111111111111111111111111444444444444444444444444444411111111111111111111111111
1101111111111111111111111111111110111111111111111011111111111111111011111111111111111101111111111111011111111111111101111111111111111111111111111111444444444444444444444444444411111111111111111111111111
1101111111111111111111111111111101111111111111111011111111111111111011111111111111111101111111111111011111111111111101111111111111111111111111111111444444444444444444444444444441111111111111111111111111
1101111111111111111111111111111101111111111111111011111111111111111011111111111111111101111111111111011111111111111011111111111111111111111111111114444444444444444444444444444444441111111111111111111111
1100000000111111111111111111111101111111111111111011111111111111111011111111111111111101111111111110111111111111111011111111111111111111111111111114444444444444444444444444444444444441111111111111111111
1111111111000000000011111111111011111111111111111011111111111111111011111111111111111011111111111110111111111111111011111111111111111111111111111114444444444444444444444444444444444444441111111111111111
1111111111111111111100000000000011111111111111111011111111111111111011111111111111111011111111111110111111111111111011111111111111111111111111111114444444444444444444444444444444444444444441111111111111
1111111111111111111111111111111000000000001111111011111111111111111011111111111111111011111111111110111111111111111011111111111111111111111111111114444444444444444444444444444444444444444444441111111111
1111111111111111111111111111111111111111110111111011111111111111111011111111111111111011111111111110111111111111111011111111111111111111111111111114444444444444444444444444444444444444444444444441111111
1111111111111111111111111111111111111111111000111011111111111111111011111111111111110111111111111110111111111111111011111111111111111111111111111144444444444444444444444444444444444444444444444444441111
1111111111111111111111111111111111111111111111011011111111111111111011111111111111110111111111111110111111111111111011111111111111111111111111111144444444444444444444444444444444444444444444444444444441
1111111111111111111111111111111111111111111111100000000000000011111011111111111111110111111111111110111111111111111011111111111111111111111111111144444444444444444444444444444444444444444444444444444441
1111111111111111111111111111111111111111111111111111111111111100000000000011111111101111111111111110111111111111111011111111111111111111111111111144444444444444444444444444444444444444444444444444444441
1111111111111111111111111111111111111111111111111111111111111111111111111100000000101111111111111110111111111111111011111111111111111111111111111144444444444444444444444444444444444444444444444444444441
1111111111111111111111111111111111111111111111111111111111111111111111111111111111000001111111111110111111111111111011111111111111111111111111111444444444444444444444444444444444444444444444444444444441
1111111111111111111111111111111111111111111111111111111111111111111111111111111111111110000000000010111111111111111011111111111111111111111111111444444444444444444444444444444444444444444444444444444441
1441111111111111111111111111111111111111111111111111111111111111111111111111111111111111111111111100000011111111111011111111111111111111111111111444444444444444444444444444444444444444444444444444444441
1444111111111111111111111111111111111111111111111111111111111111111111111111111111111111111111111111111100111111110111111111111111111111111111111444444444444444444444444444444444444444444444444444444441
1444444111111111111111111111111111111111111111111111111111111111111111111111111111111111111111111111111111000000000111111111111111111111111111111444444444444444444444444444444444444444444444444444444441
1444444444111111111111111111111111111111111111111111111111111111111111111111111111111111111111111111111111111111111111111111111111111111111111111444444444444444444444444444444444444444444444444444444441
1444444444444111111111111111111111111111111111111111111111111111111111111111111111111111111111111111111111111111111111111111111111111111111111114444444444444444444444444444444444444444444444444444444441
1444444444444444111111111111111111111111111111111111111111111111111111111111111111111111111111111111111111111111111111111111111111111111111111114444444444444444444444444444444444444444444444444444444441
1444444444444444444111111111111111111111111111111111111111111111111111111111111111111111111111111111111111111111111111111111111111111111111111114444444444444444444444444444444444444444444444444444444441
1444444444444444444444444444444444411111111111111111111111111111111111111111111111111111111111111111111111111111111111111111111111111111111111114444444444444444444444444444444444444444444444444444444441
1444444444444444444444444444444444444111111111111111111111111111111111111111111111111111111111111111111111111111111111111111111111111111111111114444444444444444444444444444444444444444444444444444444441
1444444444444444444444444444444444444441111111111111111111111111111111111111111111111111111111111111111111111111111111111111111111111111111111114444444444444444444444444444444444444444444444444444444441
1444444444444444444444444444444444444444411111111111111111111111111111111111111111111111111111111111111111111111111111111111111111111111111111144444444444444444444444444444444444444444444444444444444441
1444444444444444444444444444444444444444444111111111111111111111111111111111111111111111111111111111111111111111111111111111111111111111111111144444444444444444444444444444444444444444444444444444444441
1444444444444444444444444444444444444444444411111111111111111111111111111111111111111111111111111111111111111111111111111111111111111111111111144444444444444444444444444444444444444444444444444444444441
1444444444444444444444444444444444444444444441111111111111111111111111111111111111111111111111111111111111111111111111111111111111111111111111144444444444444444444444444444444444444444444444444444444441
1444444444444444444444444444444444444444444444111111111111111111111111111111111111111111111111111111111111111111111111111111111111111111111111144444444444444444444444444444444444444444444444444444444441
1444444444444444444444444444444444444444444444411111111111111111111111111111111111111111111111111111111111111111111111111111111111111111111111144444444444444444444444444444444444444444444444444444444441
1444444444444444444444444444444444444444444444441111111111111111111111111111111111111111111111111111111111111111111111111111111111111111111111444444444444444444444444444444444444444444444444444444444441
1444444444444444444444444444444444444444444444444444444444111111111111111111111111111111111111111111111111111111111111111111111111111111111111444444444444444444444444444444444444444444444444444444444441
1444444444444444444444444444444444444444444444444444444444444444444411111111111111111111111111111111111111111111111111111111111111111111111111444444444444444444444444444444444444444444444444444444444441
1444444444444444444444444444444444444444444444444444444444444444444444444444411111111111111111111111111111111111111111111111111111111111111111444444444444444444444444444444444444444444444444444444444441
1444444444444444444444444444444444444444444444444444444444444444444444444444444444444411111111111111111111111111111111111111111111111111111111444444444444444444444444444444444444444444444444444444444441
1444444444444444444444444444444444444444444444444444444444444444444444444444444444444444444441111111111111111111111111111111111111111111111111444444444444444444444444444444444444444444444444444444444441
1111111111111111111111111111111111111111111111111111111111111111111111111111111111111111111111111111111111111111111111111111111111111111111111111111111111111111111111111111111111111111111111111111111111