111111111111111111111111111111111111111111111111111111111111111111111111111111111111111111111111111111
111111111111111111111111111111111111111111111111111111111111111111111111111111111111111111111111111111
111111111111111111111111111111111111111111111111111111111111111111111111111111000000000000000000000111
111111111111111111111111111111111111111111111111111111111111111111111111111110011111111111111111111011
111111111111111111111111111111111111111111111111111111110011111111111111111101101111111111111111100011
111111111111111111111111111111111111111111111111111111001101111111111111111011101111111111111111011011
111111111111111111111111111111111111111111111111111110111110111111001111110111110111111111111110111011
111111111111111111111111111111111111111111111111111101011111000000110111101111110111111111111101111011
111111111111111111111111111111111111111111111111111101101111011111111011011111111011111111111011111011
111111111111111111111111111111111111111111111111111011101111011111111100000011111001111111110111111011
111111111111111111111111111111111111111111111111000011101111011111111011111101100111111111101111111011
111111111111111111111111111111111111111110000000111011101111011111110111111110000111111111011111111011
111111111111111111111111111111111111110001111101110111101111101100001111111100111000011000111111111011
111111111111111111111111111111111111001111111110110111101111100011110001111011111111100111111111111011
111111111111111111111111111111111100111111111110110111101111101111111110110111111111011111111111111011
111111111111111111111111111111110011111111111110110111101111101111111111001111111110111111111111111011
111111111111111111111111111111001111111111111110000000000000000011111100010111111110111111111111111011
111111111111111111111111111110100011111111111110110111101111101101111011111000000101111111111111111011
111111111111111111111111111001101100011111111110110111101111101110110111111111111011111111111111111011
111111111111111111111111000111101111100000000000000000001111101111001111111111110111111111111111111011
111111111111111111111110100001101111111111111111110111101111101111101111111111101111111111111111111011
111111111111111111110001101110001111111111111111110111101111101111011111111111011111111111111111111011
111111111111111111001111101111101111111111111111110111101111101110111111111110111111111111111111111011
111111111111111100111111101111100000000000000000000000000000000110111111111101111111111111111111110011
111111111111110011111111101111101111111111111111111111111111111000111111111011111111111111111111101111
111111111111101111111111101111101111111111111111111111111111111110011111110111111111111111110000011111
111111111110011111111111101111101111111111111111111111111111111110101111110111111111111111001111111111
111111111101111111111111101111101111111111111111111111111111111110110000000111111001111110111111111111
111111111011111111111111101111101111111111111111111111111111111110111111011011111010000001111111111111
111111111101111111111111100111011111111111111111111111111111111111011110111101111010101111111111111111
111111111101111111111111101000011111111111111111111111111111111111101101111110111010101111111111111111
111111111110111111111111101111011111111111111111111111111111111111110011111111011010101111111111111111
111111111110111111111111101111011111111111111111111111111111111111101111111111101010101111111111111111
111111111110111111111111101111011111111111111111111111111111111111011111111111110010101111111111111111
111111111111011111111111100001011111111111111111111111111111111110011111111111111000101111111111111111
111111111111011111111111101110011111111111111111111111111111111110101111111111111110000001111111111111
111111111111011111111111101111011111111111111111111111111111111101110111111111111101111010111111111111
111111111111011111111111101111011111111111111111111111111111111011111011111111111011111011001111111111
111111111111011110000000001111011111111111111111111111111111110111111101111111110111111011110111111111
111111111111000001111111101111011111111111111111111111111111110111111100000000001111111011111011111111
111111111111101111111111101111011000000011111111111111111111101011111010111111111111111011111101111111
111111111111101111111111011111011011111100000000000111111111011100110110111111111111111011111110111111
111111111111101111111111011111011011111111111111011000000000111111001110111111111111111011111111011111
111111111111101111111111011111011011111111111111011111011110001110111110111111111111110111111111101111
111111111111101111111111011111011011111111111111011111011110110101111101111111111111101111111111110111
111111111111110111111111011111000000000000000000000111011101111011111011111111111111101111111111111011
111111111111111011111111011111111111111111111111011000111001110111110111111111111111011111111111111011
111111111111111011111111011111111111111111111110111101110110010111110011111111111110111111111111110111
111111111111111011111111011111111111111111111110111011101111101111101100001111111101111111111111110111
111111111111111101111111011111111111111111111110111011101111110111101111110000111101111111111111110111
111111111111110000000000000000000001111111111110111011101111110111101111111011000000111111111111110111
111111111000001101111111011111110110000111111110000011101111111011101111111011111101011111111111110111
111111000111111101111111011111110111111011111110110111101111111101011111111011111011101111111111101111
111111011111111101111111011111111011111011111110110111011111111100111111111011111011110000111111101111
111111011111111101111111011111111011111011111110110111011111111110111111111000000011111111000000001111
111111011111111101111111011111111011111000000000110111011111111111011111110111111011111111111111111111
111111101111111101111111011111111011111111111111000011011111111111100111110111110111111111111111111111
111111110111111101111111101111111011001111111111111100011111111111101000000111101111111111111111111111
111111110111111101111111100000000000101111111111111110111111111111011111111011101111111111111111111111
111111110111111110000000001111111111101111111111111101111111111110111111111101101111111111111111111111
111111111011111111111111101111111111101111111111111101111111111110111111111101101111111111111111111111
111111111011111111111111101111111111101111111111111101111111111101111111111110101111111111111111111111
111111111011111111111111101111111111101111111111111101111100111011111111111110011111111111111111111111
111111111011111111111111101111111111101111111111100011111011000111000000000000111111111111111111111111
111111111101111111111111101111111111101111111111010100110111101110111111111110111111111111111111111111
111111111110111111111111101111111111101111000000110111000111101110111111111110111111111111111111111111
111111111110111111111111101111111111100000101111110111110011011101111111111111011111111111111111111111
111111111111011111111111101100000000001111110111110111110100011011111111111111101111111111111111111111
111111111111101111111111100011111111101111110111110111110111100000000000000000001111111111111111111111
111111111111101111111111101111111111101111110000000111110111111011111011111111101111111111111111111111
111111111111110111111111101111111111101111111111110111110111110111110111111111011111111111111111111111
111111111111110111111111101111111111101111111111110111110111110111110111111111011111111111111111111111
111111111111111011111111101111111111101111111111110111110111101111101111111111011111111111111111111111
111111111111111101111111101111111111101111111111110111110111101111101111111111011111111111111111111111
111111111111111110111111101111111111101111111111110000000000000111101111111110111111111111111111111111
111111111111111111011111101111111000001111111111110111111111111000001111111110111111111111111111111111
111111111111111111101111100000000111111111111111110111111111111111111111111110111111111111111111111111
111111111111111111110111101111111111111111111111110111111111111111111111111110111111111111111111111111
111111111111111111111011101111111111111111111111110111111111111111111111111101111111111111111111111111
111111111111111111111011101111111111111100000000000111111111111111111110000011111111111111111111111111
111111111111111111111011101111111111111101101110110000001111111111100001111011111111111111111111111111
111111111111111111111011101111111111111101101110110111110000000000011111111011111111111111111111111111
111111111111111111111101110000000000111101101110110111111111111111111111111011111111111111111111111111
111111111111111111111101001110111111011101101110110111111111111111111111111011111111111111111111111111
111111111111111111111100111110110000000000000000110111111111111111111111111011111111111111111111111111
111111111111111111111110111110001111111111000000000000000000000000000000001011111111111111111111111111
111111111111111111111110111111000000000000111111111111111111111111111111110011111111111111111111111111
111111111111111111111111011000111111111111111111111111111111111111111111111111111111111111111111111111
111111111111111111111111010111111111111111111111111111111111111111111111111111111111111111111111111111
111111111111111111111111101111111111111111111111111111111111111111111111111111111111111111111111111111
111111111111111111111111111111111111111111111111111111111111111111111111111111111111111111111111111111
144444444444444444444444444444444444444444444444444444444444444444444444444444444444444444444444444441
144444444444444444444444444444444444444444444444444444444444444444444444444444444444444444444444444441
144444444444444444444444444444444444444444444444444444444444444444444444444444444444444444444444444441
144444444444444444444444444444444444444444444444444444444444444444444444444444444444444444444444444441
144444444444444444444444444444444444444444444444444444444444444444444444444444444444444444444444444441
144444444444444444444444444444444444444444444444444444444444444444444444444444444444444444444444444441
144444444444444444444444444444444444444444444444444444444444444444444444444444444444444444444444444441
144444444444444444444444444444444444444444444444444444444444444444444444444444444444444444444444444441
144444444444444444444444444444444444444444444444444444444444444444444444444444444444444444444444444441
144444444444444444444444444444444444444444444444444444444444444444444444444444444444444444444444444441
111111111111111111111111111111111111111111111111111111111111111111111111111111111111111111111111111111