111111111111111111111111111111111111111111111111111111111111111111111111111111111111111111111111111111
111111111111111111111111111111111111111111111111111111111111111111111111111181111111111111111111111111
111111111111111111111111111111111111111111111111111111888888888888888888888811001111111111111111111111
111111111111111111111111111111111111111111111888888888111111111111111111111100010000000000000000000011
111111111111111111111111111111111111111111888111111111111011111111111111111011011111111111111111101011
111111111111111111111111111111111111111188111111111111110101111111111111110111101111111111111111011011
111111111111111111111111111111111111888811111111111110001110110000001111101111110111111111111110111011
111111111111111111111111111111118888111111111111111110011111001111110111011111111011111111111101111011
111111111111111111111111111888881111111111111111111101011111011111111010111111111101111111111011111011
111111111111111111111111118111111111111111111111111011101111011111111100011111111001111111110111111011
111111111111111111111111811111111111111111111110000011101111011111111011101111110111111111101111111011
111111111111111111111181111111111111111111111001111011101111101111110111110000000111111100011111111011
111111111111111111118111111111111111111000000101111011101111101100000011111101111011110011111111111011
111111111111111111181111111111111111000111111101111011101111100011111100111011111100001111111111111011
111111111111111111811111111111111100111111111101110111101111101111111111010111111111101111111111111011
111111111111111181111111111111111011111111111110110111101111101111111110000111111111011111111111111011
111111111111111811111111111111000111111111111110000000000000001111111101111011111110111111111111111011
111111111111118111111111111110100000111111111110110111101111100011111011111100011101111111111111111011
111111111111811111111111110001101111001111111110110111101111101101110111111111100011111111111111111011
111111111118111111111111101111101111110000000000000000001111101110001111111111110111111111111111111011
111111111181111111111110000011101111111111111111110111101111101111011111111111101111111111111111111011
111111111811111111110001101101101111111111111111110111101111101111011111111111011111111111111111111011
111111118111111111001111101110000000000000000001110111101111101110111111111110111111111111111111111011
111111118111111100111111101111101111111111111110000000000000000010111111111101111111111111111111000011
111111118111110011111111101111101111111111111111111111111111111100111111111011111111111111110000111111
111111118111001111111111101111101111111111111111111111111111111110001111110111111111111111001111111111
111111181110111111111111101111101111111111111111111111111111111110110000001111111111111100111111111111
111111181101111111111111101111101111111111111111111111111111111110111111101111111001111011111111111111
111111181011111111111111101111101111111111111111111111111111111110111111010111111010000111111111111111
111111811101111111111111100111011111111111111111111111111111111111011100111011111010101111111111111111
111111811110111111111111101000011111111111111111111111111111111111101011111101111010101111111111111111
111111811110111111111111101111011111111111111111111111111111111111110111111110011010101111111111111111
111111811111011111111111101111011111111111111111111111111111111111101111111111101010101111111111111111
111118111111011111111111101111011111111111111111111111111111111111011111111111110010101111111111111111
111118111111011111111111101111011111111111111111111111111111111110111111111111111010101111111111111111
111118111111011111111111100000011111111111111111111111111111111101001111111111111000000001111111111111
111181111111011111111111101111011111111111111111111111111111111011110111111111110111111100111111111111
111181111111011111111111101111011111111111111111111111111111111011111011111000001111111101011111111111
111181111111011111111100001111011111111111111111111111111111110111111101000111111111111101101111111111
111181111111000000000011101111011111111111111111111111111111110011111110111111111111111101110111111111
111181111111101111111111101111011000000000011111111111111111101101111100111111111111111011111011111111
111181111111101111111111101111011011111111100000000000011111011110110001111111111111111011111101111111
111181111111110111111111101111011011111111111111011111100000011111001101111111111111110111111110111111
111181111111110111111111011111011011111111111111011111011101101110111011111111111111101111111111001111
111181111111110111111111011111011011111111111111011111011101110101111011111111111111101111111111110111
111181111111110111111111011111000000000000000000001110111101111011110111111111111111011111111111111011
111181111111111011111111011111111111111111111111010000111011110111110111111111111110111111111111110111
111181111111111101111111011111111111111111111110111101111000001111110000011111111101111111111111110111
111181111111111101111111011111111111111111111110111101110111101111110111100011111101111111111111110111
111181111111111101111111011111111111111111111110111101110111110111101111111101111101111111111111110111
111181111110000000000000000000000000111111111110111011110111111011011111111100000000001111111111110111
111181111001111110111111011111110111011111111110000011101111111101011111111101111011110000111111110111
111181000111111110111111101111110111100011111110111011101111111110011111111101111011111111000000110111
111181011111111110111111101111110111111011111110111011101111111110111111111101111011111111111111001111
111181011111111110111111101111111011111011111110111011101111111110111111111000000011111111111111101111
111181011111111110111111101111111011111000000000011011011111111111011111111011110111111111111111111111
111181101111111110111111101111111011111111111111100000011111111111100000010111101111111111111111111111
111181101111111110111111101111111000001111111111111111011111111111011111100111101111111111111111111111
111181101111111110111111101000000011101111111111111111011111111110111111111011101111111111111111111111
111181101111111110000000000111111111101111111111111110111111111101111111111101101111111111111111111111
111181110111111111111111101111111111101111111111111110111111111011111111111101101111111111111111111111
111118111011111111111111101111111111101111111111111101111111111011111111111101011111111111111111111111
111118111011111111111111101111111111101111111111111011111100001011111111111100111111111111111111111111
111118111011111111111111101111111111101111111111100001111011110111000000000000111111111111111111111111
111111811011111111111111101111111111101111111100011010011011101110111111111110111111111111111111111111
111111811101111111111111101111111111101111000011111011101011101101111111111111011111111111111111111111
111111811110111111111111101111111111101110101111111011110011011011111111111111011111111111111111111111
111111181110111111111111101111111111000001101111110111110100011011111111111111101111111111111111111111
111111181111011111111111100000000000101111110111110111110111100000000000000000001111111111111111111111
111111181111011111111111101111111111101111110000000111110111111011111011111111011111111111111111111111
111111181111101111111111101111111111101111111111110111110111111011111011111110111111111111111111111111
111111181111110111111111101111111111101111111111110111110111110111110111111110111111111111111111111111
111111118111111011111111101111111111101111111111110111110111101111110111111101111111111111111111111111
111111118111111101111111101111111111101111111111110111110111011111110111111101111111111111111111111111
111111118111111101111111101111111111101111111111110000000000011111110111111101111111111111111111111111
111111118111111110111111101111110000001111111111110111111111100000001111111101111111111111111111111111
111111111811111111011111100000001111111111111111110111111111111111111111111101111111111111111111111111
111111111811111111101111101111111111111111111111110111111111111111111111111101111111111111111111111111
111111111181111111110111101111111111111111111111110111111111111111111111111101111111111111111111111111
111111111181111111110111101111111111111100000000000000000011111111111111110011111111111111111111111111
111111111118111111110111101111111111111101101110110111111101111111111110001011111111111111111111111111
111111111111811111110111101111111111111101101110110111111110000000000001111011111111111111111111111111
111111111111181111111011000000000000111101101110110111111111111111111111111011111111111111111111111111
111111111111118111111010111110111111011101101110110111111111111111111111111011111111111111111111111111
111111111111111811111101111110111110000000000000110111111111111111111111111011111111111111111111111111
111111111111111181111101111110000001111111111111110000011111111111111111111011111111111111111111111111
111111111111111118111110111111111111111000000000001111100000000000000000000011111111111111111111111111
111111111111111111811110111111111111100111111111111111111111111111111111111111111111111111111111111111
111111111111111111181111011111111111011111111111111111111111111111111111111111111111111111111111111111
111111111111111111118111100000000000111111111111111111111111111111111111111111111111111111111111111111
111111111111111111111811111111111111111111111111111111111111111111111111111111111111111111111111111111
144444444444444444444444444444444444444444444444444444444444444444444444444444444444444444444444444441
144444444444444444444444444444444444444444444444444444444444444444444444444444444444444444444444444441
144444444444444444444444444444444444444444444444444444444444444444444444444444444444444444444444444441
144444444444444444444444444444444444444444444444444444444444444444444444444444444444444444444444444441
144444444444444444444444444444444444444444444444444444444444444444444444444444444444444444444444444441
144444444444444444444444444444444444444444444444444444444444444444444444444444444444444444444444444441
144444444444444444444444444444444444444444444444444444444444444444444444444444444444444444444444444441
144444444444444444444444444444444444444444444444444444444444444444444444444444444444444444444444444441
144444444444444444444444444444444444444444444444444444444444444444444444444444444444444444444444444441
144444444444444444444444444444444444444444444444444444444444444444444444444444444444444444444444444441
111111111111111111111111111111111111111111111111111111111111111111111111111111111111111111111111111111