111111111111111111111111111111111111111111111111111111111111111111111111111111111111111111111111111111
111111111111111111111111111111111118888888888888888888888888888888888888888881111111111111111111111111
111111111111111111111111118888888888888888888888888888888888888888888888888811000000000000000000011111
111111111111111111118888888888888888888888888888888888111111111111111111111110101111111111111111100011
111111111111111188888888888888888888888888888111111111110011111111111111111001110111111111111111110011
111111111111888888888888888888888888888888111111111111101101111111111111110111111011111111111111101011
111111111118888888888888888888888888888811111111111110011110111111101111101111111011111111111111011011
111111111888888888888888888888888888111111111111111110011111000000010111011111111101111111111110111011
111111188888888888888888888888881111111111111111111101101111011111111010111111111101111111111101111011
111111888888888888888888888111111111111111111111111101101111011111111100000111111101111111110011111011
111118888888888888888888811111111111111111111111110011101111101111111011111001111011111110001111111011
111118888888888888888881111111111111111111111100001011101111101111110111111110000111111001111111111011
111188888888888888888111111111111111100000000001111011101111101110000111111100100111110111111111111011
111188888888888888881111111111111111011111111110111011101111100001111000111011111000001111111111111011
111188888888888888811111111111111100111111111110111011101111101111111111010111111111011111111111111011
111888888888888881111111111111110011111111111110110111101111101111111111101111111110111111111111111011
111888888888888811111111111111101111111111111110000000000000001111111110010111111101111111111111111011
118888888888888111111111111111000111111111111110110111101111100011111101111000000101111111111111111011
118888888888811111111111110000101000111111111110110111101111101100011011111111111011111111111111111011
118888888888111111111111001111101111000000000000000000001111101111100111111111110111111111111111111011
188888888881111111111110100000101111111111111111110111101111101111101111111111101111111111111111111011
188888888811111111111001101111001111111111111111110111101111101111011111111111011111111111111111111011
188888888111111111110111101111100000000011111111110111101111101111011111111110111111111111111111111011
188888888111111000001111101111101111111100000000000000000000000011011111111101111111111111111111110011
188888888111110111111111101111101111111111111111111111111111111100111111111101111111111111111110001111
188888888111001111111111101111011111111111111111111111111111111110011111111011111111111111110001111111
188888881110111111111111101111011111111111111111111111111111111110100001110111111111111110001111111111
188888881101111111111111101111011111111111111111111111111111111110111110001111111001110001111111111111
188888881011111111111111101111011111111111111111111111111111111110111111010111111010001111111111111111
188888811101111111111111100111011111111111111111111111111111111111011110111011111010101111111111111111
188888811101111111111111101000011111111111111111111111111111111111101101111101111010101111111111111111
188888811101111111111111101111011111111111111111111111111111111111110011111110011010101111111111111111
188888811101111111111111101111011111111111111111111111111111111111101111111111101010101111111111111111
188888111101111111111111101111011111111111111111111111111111111111011111111111110010101111111111111111
188888111101111111111111100111011111111111111111111111111111111110111111111111111000101111111111111111
188888111101111111111111101000011111111111111111111111111111111110011111111111100000000000111111111111
188881111110111111111111101111011111111111111111111111111111111101101111111111011111111011011111111111
188881111111011111111111101111011111111111111111111111111111111011110111100000111111111011101111111111
188881111111011111111111001111011111111111111111111111111111111011111001011111111111111011110111111111
188881111111000000000000011111011111111111111111111111111111110111111110111111111111110111111011111111
188881111111011111111111011111011000001111111111111111111111101001111100111111111111110111111101111111
188881111111011111111111011111011011110000000000000001111111011110110010111111111111101111111110111111
188881111111101111111111011111011011111111111111011110000000111111001110111111111111101111111111011111
188881111111101111111111011111011011111111111111011111011101011110111101111111111111101111111111101111
188881111111110111111111011111011011111111111111011111011011101101111101111111111111101111111111110111
188881111111110111111111011111000000000000000000011110111011110011111011111111111111101111111111111011
188881111111110111111111011111111111111111111111000000111011110111110111111111111111011111111111111011
188881111111111011111111011111111111111111111111011101111001110111110001111111111111011111111111111011
188881111111111011111111011111111111111111111111011101110110001111101110000111111111011111111111110111
188881111111111101111111011111111111111111111110111101110111101111101111111000111110111111111111101111
188881111111000000000000000000000001111111111110011011101111110111101111111101000000000011111111101111
188881111000111101111111011111110110111111111110100011101111110111011111111101111011111100011111101111
188881000111111101111111011111110111000011111110111011011111111011011111111101111011111111101111101111
188881011111111101111111011111110111111011111110111011011111111101011111111011111011111111110000101111
188881011111111101111111011111110111111011111110111011011111111110111111111000000011111111111111001111
188881101111111110111111101111110111111000000000000111011111111111011111111011111011111111111111111111
188881101111111110111111101111111011111111111111110011011111111111100011110111111011111111111111111111
188881110111111110111111101111111011001111111111111100011111111111011100000111110111111111111111111111
188881110111111110111111101111100000101111111111111111011111111110111111111011101111111111111111111111
188881110111111110000000000000011111101111111111111110111111111101111111111011101111111111111111111111
188881110111111111111111101111111111101111111111111101111111111011111111111101101111111111111111111111
188888111011111111111111101111111111101111111111111101111111111011111111111101011111111111111111111111
188888111101111111111111101111111111101111111111111101111101110111111111111110111111111111111111111111
188888111101111111111111101111111111101111111111110011111010000111000000000000111111111111111111111111
188888811110111111111111101111111111101111111110001000111011101110111111111110111111111111111111111111
188888811111011111111111101111111111101110000001111011001011101101111111111110111111111111111111111111
188888811111101111111111101111111111101101101111111011110011101011111111111111011111111111111111111111
188888881111110111111111101111111000000011101111111011110100000011111111111111101111111111111111111111
188888881111110111111111100000000111101111101111111011110111111000000000000000001111111111111111111111
188888881111110111111111101111111111101111110000000111110111111011111011111111011111111111111111111111
188888881111111011111111101111111111101111111111110111110111111011111011111111011111111111111111111111
188888881111111101111111101111111111101111111111110111110111110111111011111111011111111111111111111111
188888888111111110111111101111111111101111111111110111110111101111110111111111011111111111111111111111
188888888111111110111111101111111111101111111111110111110111101111101111111110111111111111111111111111
188888888111111111011111101111111111101111111111110000000000000000101111111110111111111111111111111111
188888888111111111011111101111111111001111111111110111111111111111001111111110111111111111111111111111
188888888811111111011111100000000000111111111111110111111111111111111111111110111111111111111111111111
188888888811111111011111110111111111111111111111110111111111111111111111111101111111111111111111111111
188888888881111111101111110111111111111111111111110111111111111111111111111011111111111111111111111111
188888888881111111110111110111111111111100000000000111111111111100000000000011111111111111111111111111
188888888888111111110111110111111111111101101110110000000111110011111111111011111111111111111111111111
188888888888811111111011110111111111111101101110110111111000001111111111111011111111111111111111111111
188888888888881111111011000000000000111101101110110111111111111111111111111011111111111111111111111111
188888888888888111111010111110111110111101101110110111111111111111111111111011111111111111111111111111
188888888888888811111101111110111110000000000000110111111111111111111111111011111111111111111111111111
188888888888888881111110111110000001111111111111110000000000000000000001111011111111111111111111111111
188888888888888888111110111111100000000000000000001111111111111111111110000011111111111111111111111111
188888888888888888811110111110011111111111111111111111111111111111111111111111111111111111111111111111
188888888888888888881111011101111111111111111111111111111111111111111111111111111111111111111111111111
188888888888888888888111100011111111111111111111111111111111111111111111111111111111111111111111111111
188888888888888888888811111111111111111111111111111111111111111111111111111111111111111111111111111111
144444444444444444444444444444444444444444444444444444444444444444444444444444444444444444444444444441
144444444444444444444444444444444444444444444444444444444444444444444444444444444444444444444444444441
144444444444444444444444444444444444444444444444444444444444444444444444444444444444444444444444444441
144444444444444444444444444444444444444444444444444444444444444444444444444444444444444444444444444441
144444444444444444444444444444444444444444444444444444444444444444444444444444444444444444444444444441
144444444444444444444444444444444444444444444444444444444444444444444444444444444444444444444444444441
144444444444444444444444444444444444444444444444444444444444444444444444444444444444444444444444444441
144444444444444444444444444444444444444444444444444444444444444444444444444444444444444444444444444441
144444444444444444444444444444444444444444444444444444444444444444444444444444444444444444444444444441
144444444444444444444444444444444444444444444444444444444444444444444444444444444444444444444444444441
111111111111111111111111111111111111111111111111111111111111111111111111111111111111111111111111111111