111111111111111111111111111111111111111111111111111111111111111111111111111111111111111111111111111111
111111111111111111111111111111111111111111111111111111111111111111111111111111111111111111111111111111
111111111111111111111111111111111111111111111111111111111111111111111111111111000111111111111111111111
111111111111111111111111111111111111111111111111111111111111111111111111111110101000000000000000000011
111111111111111111111111111111111111111111111111111111100011111111111111111001110111111111111111110011
111111111111111111111111111111111111111111111111111111011101111111111111110111110111111111111111101011
111111111111111111111111111111111111111111111111111110111110111111101111101111110111111111111111011011
111111111111111111111111111111111111111111111111111101011111000000010111011111111011111111111100111011
111111111111111111111111111111111111111111111111111011011111011111111010111111111101111111111011111011
111111111111111111111111111111111111111111111111111011101111011111111100000111111101111111110111111011
111111111111111111111111111111111111111111111110000011101111011111111011111011100011111111001111111011
111111111111111111111111111111111111111111111001111011101111011111110111111100000111111000111111111011
111111111111111111111111111111111111111000000101111011101111011111001111111100111001110111111111111011
111111111111111111111111111111111111110111111101110111101111100000110011111011111110001111111111111011
111111111111111111111111111111111111101111111101110111101111101111111100110111111111011111111111111011
111111111111111111111111111111111000011111111110110111101111101111111110000011111110111111111111111011
111111111111111111111111111110000111111111111110000000000000001111111101111101111101111111111111111011
111111111111111111111111111101100001111111111110110111101111100111111011111110001101111111111111111011
111111111111111111111111110011101110111111111110110111101111101000110111111111110011111111111111111011
111111111111111111111111001111101111000000000000000000001111101111001111111111110111111111111111111011
111111111111111111111110100011101111111111111111110111101111101111101111111111101111111111111111111011
111111111111111111111101101100101111111111111111110111101111101111011111111111011111111111111111111011
111111111111111111111011101111000000001111111111110111101111101111011111111110111111111111111111111011
111111111111111100000111101111101111110000000000000000000000000111011111111101111111111111111111110011
111111111111111011111111101111101111111111111111111111111111111000001111111011111111111111111110001111
111111111111100111111111101111101111111111111111111111111111111110110011111011111111111111111001111111
111111111111011111111111101111101111111111111111111111111111111110111100110111111111111111100111111111
111111111100111111111111101111011111111111111111111111111111111110111111001111111001111111011111111111
111111111011111111111111101111011111111111111111111111111111111110111111010111111010000000111111111111
111111111011111111111111100001011111111111111111111111111111111111011100111011111010101111111111111111
111111111011111111111111101110011111111111111111111111111111111111101011111101111010101111111111111111
111111111011111111111111101111011111111111111111111111111111111111110111111110111010101111111111111111
111111111011111111111111101111011111111111111111111111111111111111101111111111011010101111111111111111
111111111101111111111111101111011111111111111111111111111111111111011111111111101010101111111111111111
111111111101111111111111101111011111111111111111111111111111111110111111111111110010101111111111111111
111111111110111111111111100000011111111111111111111111111111111110011111111111111100000001111111111111
111111111110111111111111101111011111111111111111111111111111111101101111111111111011111100111111111111
111111111111011111111111101111011111111111111111111111111111111101110111111111110111111011011111111111
111111111111011111111111101111011111111111111111111111111111111011111001111100001111110111101111111111
111111111111000000000000001111011111111111111111111111111111110111111110000011111111101111110111111111
111111111111101111111111101111011001111111111111111111111111101001110000111111111111101111111011111111
111111111111110111111111101111011010000000000000000000011111011110101101111111111111101111111100111111
111111111111110111111111101111011011111111111111011111100000111111011101111111111111101111111111011111
111111111111110111111111011111011011111111111111011111011101001110111101111111111111101111111111101111
111111111111111011111111011111011011111111111111011111011101110101111011111111111111101111111111110111
111111111111111011111111011111000000000000000000000110111101111011110111111111111111101111111111111011
111111111111111011111111011111111111111111111111011000111001110111110111111111111111101111111111111011
111111111111111011111111011111111111111111111111011110111010110111110011111111111111011111111111111011
111111111111111011111111011111111111111111111111011101111011001111110101111111111110111111111111111011
111111111111111011111111011111111111111111111111011101111011110111110110000000011101111111111111111011
111111111111110000000000000000000111111111111110111011110111111011101111111101100000000111111111111011
111111111110001101111111101111110000111111111110000011110111111101101111111101111011111000111111111011
111111000001111101111111101111110111000011111110111011110111111101011111111101111011111111000001110111
111111101111111101111111101111110111111011111110110111110111111100111111111101111011111111111110010111
111111110111111101111111101111110111111011111110110111110111111110111111111000000011111111111111101111
111111110111111101111111101111110111111000000000010111101111111111011111111011110111111111111111111111
111111110111111101111111101111110111111111111111100111011111111111100011111011101111111111111111111111
111111110111111101111111101111111010001111111111111000011111111111011100000111011111111111111111111111
111111110111111101111111100000000001101111111111111111011111111111011111111011011111111111111111111111
111111111011111110000000001111111111101111111111111111011111111110111111111011011111111111111111111111
111111111101111111111111101111111111101111111111111111011111111110111111111100111111111111111111111111
111111111110111111111111101111111111101111111111111110111111111101111111111100111111111111111111111111
111111111111011111111111101111111111101111111111111101111101111011111111111110111111111111111111111111
111111111111011111111111101111111111101111111111000011111100000111000000000000111111111111111111111111
111111111111011111111111101111111111101111111100111001111011101110111111111110111111111111111111111111
111111111111011111111111101111111111101111000011111010000111101110111111111111011111111111111111111111
111111111111011111111111101111111111100000011111111011110001011110111111111111011111111111111111111111
111111111111011111111111101100000000001111011111111011110110001101111111111111011111111111111111111111
111111111111101111111111100011111111101111101111111011110111110000000000000000001111111111111111111111
111111111111110111111111101111111111101111110000000111110111111011111101111111011111111111111111111111
111111111111110111111111101111111111101111111111110111110111111011111011111110111111111111111111111111
111111111111111011111111101111111111101111111111110111110111111011111011111110111111111111111111111111
111111111111111011111111101111111111101111111111110111110111110111110111111110111111111111111111111111
111111111111111011111111101111111111101111111111110111110111101111110111111110111111111111111111111111
111111111111111101111111101111111111101111111111110000000000011111110111111110111111111111111111111111
111111111111111110111111101110000000001111111111110111111111100000001111111110111111111111111111111111
111111111111111110111111100001111111111111111111110111111111111111111111111101111111111111111111111111
111111111111111111011111101111111111111111111111110111111111111111111111111101111111111111111111111111
111111111111111111101111101111111111111111111111110111111111111111111111111011111111111111111111111111
111111111111111111110111101111111111111100000000000000000011111111111111000011111111111111111111111111
111111111111111111110111101111111111111101101110110111111100111111111110111011111111111111111111111111
111111111111111111110111101111111111111101101110110111111111000000000001111011111111111111111111111111
111111111111111111111011110000000000111101101110110111111111111111111111111011111111111111111111111111
111111111111111111111100001110111111011101101110110111111111111111111111111011111111111111111111111111
111111111111111111111101111110111110000000000000110111111111111111111111111011111111111111111111111111
111111111111111111111110111110000001111111111100000000000000000000000000011011111111111111111111111111
111111111111111111111111011111111111000000000011111111111111111111111111100011111111111111111111111111
111111111111111111111111011111111110111111111111111111111111111111111111111111111111111111111111111111
111111111111111111111111101111111101111111111111111111111111111111111111111111111111111111111111111111
111111111111111111111111100000000011111111111111111111111111111111111111111111111111111111111111111111
111111111111111111111111111111111111111111111111111111111111111111111111111111111111111111111111111111
144444444444444444444444444444444444444444444444444444444444444444444444444444444444444444444444444441
144444444444444444444444444444444444444444444444444444444444444444444444444444444444444444444444444441
144444444444444444444444444444444444444444444444444444444444444444444444444444444444444444444444444441
144444444444444444444444444444444444444444444444444444444444444444444444444444444444444444444444444441
144444444444444444444444444444444444444444444444444444444444444444444444444444444444444444444444444441
144444444444444444444444444444444444444444444444444444444444444444444444444444444444444444444444444441
144444444444444444444444444444444444444444444444444444444444444444444444444444444444444444444444444441
144444444444444444444444444444444444444444444444444444444444444444444444444444444444444444444444444441
144444444444444444444444444444444444444444444444444444444444444444444444444444444444444444444444444441
144444444444444444444444444444444444444444444444444444444444444444444444444444444444444444444444444441
111111111111111111111111111111111111111111111111111111111111111111111111111111111111111111111111111111