111111111111111111111111111111111111111111111111111111111111111111111111111111111111111111111111111111
111111111111111111111111111111111111111111111111111111111111111111111111111181111111111111111111111111
111111111111111111111111111111111111111111111111111111888888888888888888888811001111111111111111111111
111111111111111111111111111111111111111111111888888888111111111111111111111110010000000000000000000011
111111111111111111111111111111111111111111888111111111111011111111111111111101101111111111111111101011
111111111111111111111111111111111111111188111111111111100101111111111111111011101111111111111111011011
111111111111111111111111111111111111888811111111111110011110110000001111100111110111111111111110111011
111111111111111111111111111111118888111111111111111101011111001111110111011111111011111111111101111011
111111111111111111111111111888881111111111111111111101011111011111111010111111111011111111111011111011
111111111111111111111111118111111111111111111111111101101111101111111100000111111001111111000111111011
111111111111111111111111811111111111111111111111110011101111101111111011111000100111111110111111111011
111111111111111111111181111111111111111110000000001011101111101111110111111111011111111101111111111011
111111111111111111118111111111111111111001111110111011101111101110000011111110100000110011111111111011
111111111111111111181111111111111111100111111110110111101111100001111100111101111111001111111111111011
111111111111111111811111111111111111011111111110110111101111101111111111010011111111101111111111111011
111111111111111181111111111111111000111111111110110111101111101111111111000001111111011111111111111011
111111111111111811111111111100000111111111111110000000000000000111111100111110111110111111111111111011
111111111111118111111111111011101001111111111110110111101111101011111011111111011101111111111111111011
111111111111811111111111110111101110001111111110110111101111101100010111111111100011111111111111111011
111111111118111111111111000111101111110000000000000000001111101111101111111111110111111111111111111011
111111111181111111111100101011101111111111111111110111101111101111101111111111101111111111111111111011
111111111811111111100011101100001111111111111111110111101111101111011111111111011111111111111111111011
111111118111111111011111101111100000000000111111110111101111101111011111111110111111111111111111111011
111111118111111110111111101111101111111111000000000000000000000110111111111101111111111111111111111011
111111118111111101111111101111101111111111111111111111111111111000011111111101111111111111111110000111
111111118111000011111111101111101111111111111111111111111111111110101111111011111111111111111001111111
111111181110111111111111101111011111111111111111111111111111111110110000010111111111111111000111111111
111111181101111111111111101111011111111111111111111111111111111110111111101111111011111000111111111111
111111181011111111111111101111011111111111111111111111111111111110111110010111111000000111111111111111
111111811011111111111111100001011111111111111111111111111111111111011101111011111010101111111111111111
111111811011111111111111101110011111111111111111111111111111111111101011111100111010101111111111111111
111111811101111111111111101111011111111111111111111111111111111111110111111111011010101111111111111111
111111811101111111111111101111011111111111111111111111111111111111101111111111101010101111111111111111
111118111101111111111111101111011111111111111111111111111111111111011111111111110010101111111111111111
111118111110111111111111100000011111111111111111111111111111111110111111111111111010101111111111111111
111118111110111111111111101111011111111111111111111111111111111110011111111111111100000001111111111111
111181111110111111111111101111011111111111111111111111111111111101101111111111111011111100111111111111
111181111110111111111111101111011111111111111111111111111111111011110111111111110111111101001111111111
111181111111011111110000001111011111111111111111111111111111111011111011111000001111111101110111111111
111181111111000000001111101111011111111111111111111111111111110111111100000111111111111101111011111111
111181111111011111111111101111011011111111111111111111111111101011111101111111111111111101111101111111
111181111111011111111111101111011000000000000000001111111111011101110001111111111111111011111110111111
111181111111011111111111101111011011111111111111010000000000111110001101111111111111110111111111011111
111181111111011111111111101111011011111111111111011111011101001110111011111111111111101111111111101111
111181111111101111111111101111011011111111111111011110111101110101110111111111111111101111111111110111
111181111111101111111111101111000000000000000000000010111101111011110111111111111111011111111111111011
111181111111110111111111011111111111111111111110111100111011110111110111111111111110111111111111111011
111181111111111011111111011111111111111111111110111110111000110111110000001111111110111111111111111011
111181111111111011111111011111111111111111111110111110111011001111101111110111111110111111111111111011
111181111111111011111111011111111111111111111110111101111011101111011111111000000001111111111111111011
111181111111000000000000000000000111111111111110011011110111110111011111111101111100111111111111111011
111181100000111101111111011111110000000111111110100011110111110111011111111101111101011111111111111011
111181011111111101111111011111110111111011111110111011110111111011011111111101111101100000000011110111
111181011111111101111111011111111011111011111110111011110111111101011111111101111101111111111101110111
111181011111111101111111101111111011111011111110110111101111111110111111111000000011111111111110001111
111181011111111101111111101111111011111000000000010111011111111111011111110111110111111111111111111111
111181101111111101111111101111111011111111111111100000011111111111100000000111110111111111111111111111
111181101111111101111111101111111011001111111111111111011111111111011111110111101111111111111111111111
111181110111111101111111101000000000101111111111111111011111111110111111111011101111111111111111111111
111181110111111110000000000111111111101111111111111110111111111101111111111101101111111111111111111111
111181110111111111111111101111111111101111111111111101111111111011111111111101101111111111111111111111
111118111011111111111111101111111111101111111111111011111111111011111111111101101111111111111111111111
111118111101111111111111101111111111101111111111111011111100001011111111111110011111111111111111111111
111118111101111111111111101111111111101111111110000011111101110111000000000000111111111111111111111111
111111811110111111111111101111111111101111111001111001111011110110111111111111011111111111111111111111
111111811111011111111111101111111111101110000111111010110111110110111111111111011111111111111111111111
111111811111101111111111101111111111101101011111110111000000101110111111111111011111111111111111111111
111111181111101111111111101111111111100011101111110111110111011101111111111111101111111111111111111111
111111181111101111111111100000000000001111101111110111110111100000000000000000001111111111111111111111
111111181111110111111111101111111111101111110000000111110111111011111101111111101111111111111111111111
111111181111110111111111101111111111101111111111110111110111110111111101111111011111111111111111111111
111111181111111011111111101111111111101111111111110111110111101111111011111111011111111111111111111111
111111118111111011111111101111111111101111111111110111110111101111110111111111011111111111111111111111
111111118111111011111111101111111111101111111111110111110111101111101111111111011111111111111111111111
111111118111111101111111101111111111101111111111110000000000000001101111111110111111111111111111111111
111111118111111110111111101110000000001111111111110111111111111110001111111101111111111111111111111111
111111111811111110111111100001111111111111111111110111111111111111111111111101111111111111111111111111
111111111811111111011111110111111111111111111111110111111111111111111111111011111111111111111111111111
111111111181111111011111110111111111111111111111110111111111111111111111111011111111111111111111111111
111111111181111111101111110111111111111100000000000011111111111111111111000011111111111111111111111111
111111111118111111110111110111111111111101101110110100000111110000000000111011111111111111111111111111
111111111111811111111011110111111111111101101110110111111000001111111111111011111111111111111111111111
111111111111181111111011110000000000111101101110110111111111111111111111111011111111111111111111111111
111111111111118111111010001110111110111101101110110111111111111111111111111011111111111111111111111111
111111111111111811111101111110100000000000000000110111111111111111111111111011111111111111111111111111
111111111111111181111101111110011111111110000000000000000000000001111111111011111111111111111111111111
111111111111111118111110111111111100000001111111111111111111111110000000000011111111111111111111111111
111111111111111111811111011111110011111111111111111111111111111111111111111111111111111111111111111111
111111111111111111181111101111101111111111111111111111111111111111111111111111111111111111111111111111
111111111111111111118111100000011111111111111111111111111111111111111111111111111111111111111111111111
111111111111111111111811111111111111111111111111111111111111111111111111111111111111111111111111111111
144444444444444444444444444444444444444444444444444444444444444444444444444444444444444444444444444441
144444444444444444444444444444444444444444444444444444444444444444444444444444444444444444444444444441
144444444444444444444444444444444444444444444444444444444444444444444444444444444444444444444444444441
144444444444444444444444444444444444444444444444444444444444444444444444444444444444444444444444444441
144444444444444444444444444444444444444444444444444444444444444444444444444444444444444444444444444441
144444444444444444444444444444444444444444444444444444444444444444444444444444444444444444444444444441
144444444444444444444444444444444444444444444444444444444444444444444444444444444444444444444444444441
144444444444444444444444444444444444444444444444444444444444444444444444444444444444444444444444444441
144444444444444444444444444444444444444444444444444444444444444444444444444444444444444444444444444441
144444444444444444444444444444444444444444444444444444444444444444444444444444444444444444444444444441
111111111111111111111111111111111111111111111111111111111111111111111111111111111111111111111111111111