111111111111111111111111111111111111111111111111111111111111111111111111111111111111111111111111111111
111111111111111111111111111111111118888888888888888888888888888888888888888881111111111111111111111111
111111111111111111111111118888888888888888888888888888888888888888888888888811000000000000000000111111
111111111111111111118888888888888888888888888888888888111111111111111111111110011111111111111111000011
111111111111111188888888888888888888888888888111111111111011111111111111111101101111111111111111110011
111111111111888888888888888888888888888888111111111111000101111111111111110011110111111111111111101011
111111111118888888888888888888888888888811111111111110111110110000001111101111111011111111111111011011
111111111888888888888888888888888888111111111111111101011111001111110111011111111011111111111110111011
111111188888888888888888888888881111111111111111111101011111011111111010111111111101111111111101111011
111111888888888888888888888111111111111111111111111101101111011111111100111111110001111111100011111011
111118888888888888888888811111111111111111111111110011101111011111111011000111101111111111011111111011
111118888888888888888881111111111111111111111000001011101111011111110111111000011111111110111111111011
111188888888888888888111111111111111110000000101111011101111011111001111111110100001111101111111111011
111188888888888888881111111111111111101111111101111011101111100000110111111001111110000011111111111011
111188888888888888811111111111111110011111111101111011101111101111111001110111111111101111111111111011
111888888888888881111111111111111001111111111110111011101111101111111110001111111111011111111111111011
111888888888888811111111111111000111111111111110000000000000000011111111010000111110111111111111111011
118888888888888111111111111100101000111111111110110111101111101101111000111111011101111111111111111011
118888888888811111111111111011101111011111111110110111101111101110110111111111100011111111111111111011
118888888888111111111110000011101111100000000000000000001111101111001111111111110111111111111111111011
188888888881111111111001101100101111111111111111110111101111101111011111111111101111111111111111111011
188888888811111111110111101111001111111111111111110111101111101110111111111111011111111111111111111011
188888888111111111101111101111100000000011111111110111101111101110111111111110111111111111111111111011
188888888111111111011111101111101111111100000000000000000000000110111111111101111111111111111111111011
188888888111111110111111101111101111111111111111111111111111111000111111111011111111111111111110000111
188888888111111001111111101111011111111111111111111111111111111110000001110111111111111111111001111111
188888881111100111111111101111011111111111111111111111111111111110111110001111111111111111100111111111
188888881111011111111111101111011111111111111111111111111111111110111111101111111001111111011111111111
188888881000111111111111101111011111111111111111111111111111111110111110010011111010000000111111111111
188888811011111111111111100001011111111111111111111111111111111111011101111101111010101111111111111111
188888811011111111111111101110011111111111111111111111111111111111101011111110111010101111111111111111
188888811011111111111111101111011111111111111111111111111111111111110111111111011010101111111111111111
188888811011111111111111101111011111111111111111111111111111111111101111111111101010101111111111111111
188888111011111111111111101111011111111111111111111111111111111111011111111111110010101111111111111111
188888111101111111111111100011011111111111111111111111111111111110111111111111111000101111111111111111
188888111101111111111111101100011111111111111111111111111111111110011111111111110000000001111111111111
188881111101111111111111101111011111111111111111111111111111111110100111111100001111111010111111111111
188881111101111111111111101111011111111111111111111111111111111101111011111011111111111011011111111111
188881111110111111111100001111011111111111111111111111111111111011111101110111111111110111101111111111
188881111111000000000011101111011111111111111111111111111111110111111110001111111111110111110111111111
188881111111011111111111101111011000000000011111111111111111101011111100111111111111110111111001111111
188881111111011111111111101111011011111111100000001111111111011101110010111111111111101111111110111111
188881111111011111111111011111011011111111111111010000000000111110001110111111111111011111111111011111
188881111111101111111111011111011011111111111111011111011110011110111101111111111110111111111111101111
188881111111110111111111011111011011111111111111011110111101100101111011111111111110111111111111110111
188881111111111011111111011111000000000000000000001110111011111011111011111111111110111111111111111011
188881111111111011111111011111111111111111111111010000111001110111110111111111111110111111111111110111
188881111111111011111111011111111111111111111111011110111010010111110011111111111110111111111111110111
188881111111111101111111011111111111111111111111011101111011101111110101111111111110111111111111110111
188881111111111101111111011111111111111111111110111101111011101111101110000000001101111111111111110111
188881111100000000000000000000000000001111111110011101111011110111101111111101110000000000001111110111
188881100011111101111111011111110111110111111110100011110111111011011111111101111011111111110011110111
188881011111111101111111011111110111111011111110110111110111111100111111111011111011111111111101101111
188881011111111101111111011111110111111011111110110111110111111110111111111011111011111111111110001111
188881011111111101111111011111111011111011111110110111110111111110111111111000000011111111111111101111
188881011111111101111111101111111011111000000000010111101111111111011111111011110111111111111111111111
188881011111111101111111101111111011111111111111100001011111111111100000110111110111111111111111111111
188881101111111101111111101111111011101111111111111110011111111111101111000111110111111111111111111111
188881110111111101111111101111111000001111111111111110111111111111101111110111101111111111111111111111
188881110111111110000000000000000111101111111111111110111111111111011111110111101111111111111111111111
188881111011111111111111101111111111101111111111111110111111111110111111111011101111111111111111111111
188888111101111111111111101111111111101111111111111110111111111101111111111101101111111111111111111111
188888111110111111111111101111111111101111111111111101111101111011111111111110011111111111111111111111
188888111110111111111111101111111111101111111111110001111010000111000000000000111111111111111111111111
188888811110111111111111101111111111101111111100001010110111101110111111111111011111111111111111111111
188888811111011111111111101111111111101111000011110111000111101101111111111111011111111111111111111111
188888811111011111111111101111111111101100011111110111110001101011111111111111101111111111111111111111
188888881111011111111111101111000000000011101111110111110110000011111111111111101111111111111111111111
188888881111101111111111100000111111101111110111110111110111111000000000000000001111111111111111111111
188888881111110111111111101111111111101111110000000111110111110111111101111111101111111111111111111111
188888881111110111111111101111111111101111111111110111110111101111111011111111011111111111111111111111
188888881111110111111111101111111111101111111111110111110111101111111011111110111111111111111111111111
188888888111110111111111101111111111101111111111110111110111101111110111111101111111111111111111111111
188888888111111011111111101111111111101111111111110111110111011111101111111011111111111111111111111111
188888888111111101111111101111111111101111111111110000000000001111101111111011111111111111111111111111
188888888111111110111111101111111100001111111111110111111111110000001111111011111111111111111111111111
188888888811111110111111100000000011111111111111110111111111111111111111111011111111111111111111111111
188888888811111111011111101111111111111111111111110111111111111111111111111011111111111111111111111111
188888888881111111101111101111111111111111111111110111111111111111111111111011111111111111111111111111
188888888881111111110111101111111111111100000000000011111111111111100000000011111111111111111111111111
188888888888111111111011110111111111111101101110110100001111111100011111111011111111111111111111111111
188888888888811111111101110111111111111101101110110111110000000011111111111011111111111111111111111111
188888888888881111111101100000000000111101101110110111111111111111111111111011111111111111111111111111
188888888888888111111101011110111111011101101110110111111111111111111111111011111111111111111111111111
188888888888888811111100111110110000000000000000110111111111111111111111111011111111111111111111111111
188888888888888881111110111110001111111111000000000000000000001111111111111011111111111111111111111111
188888888888888888111110111111111111000000111111111111111111110000000000000011111111111111111111111111
188888888888888888811111011111111000111111111111111111111111111111111111111111111111111111111111111111
188888888888888888881111011110000111111111111111111111111111111111111111111111111111111111111111111111
188888888888888888888111100001111111111111111111111111111111111111111111111111111111111111111111111111
188888888888888888888811111111111111111111111111111111111111111111111111111111111111111111111111111111
144444444444444444444444444444444444444444444444444444444444444444444444444444444444444444444444444441
144444444444444444444444444444444444444444444444444444444444444444444444444444444444444444444444444441
144444444444444444444444444444444444444444444444444444444444444444444444444444444444444444444444444441
144444444444444444444444444444444444444444444444444444444444444444444444444444444444444444444444444441
144444444444444444444444444444444444444444444444444444444444444444444444444444444444444444444444444441
144444444444444444444444444444444444444444444444444444444444444444444444444444444444444444444444444441
144444444444444444444444444444444444444444444444444444444444444444444444444444444444444444444444444441
144444444444444444444444444444444444444444444444444444444444444444444444444444444444444444444444444441
144444444444444444444444444444444444444444444444444444444444444444444444444444444444444444444444444441
144444444444444444444444444444444444444444444444444444444444444444444444444444444444444444444444444441
111111111111111111111111111111111111111111111111111111111111111111111111111111111111111111111111111111