1111111111111111111111111111111111111111111111111111111111111111111111111111111111111111111111111111111111111111111111111111111111111111111111111111111111111111111111111111111111111111111111111111111111
1111111111111111111111111111111111111111111111111111111111111111111111111111111111111111111111111111111111111111111111111111111111111111111111111111111111111111111111111111111111111111111111111111111111
1111111111111111111111111111111111111111111111111111111111111111111111111111111111111111111111111111111111111111111111111111111111111111111111111111111111111111111111111111111111111111111111111111111111
1111111111111111111111111111111111111111111111111111111111111111111111111111111111111111111188888888888888888888881111111111111111111111111111111111111111111111111111111111111111111111111111111111111111
1111111111111111111111111111111111111111111111111111111111111111111111111111111111111888888811111111111111111111118111111111111111111111111111111111111111111111111111111111111111111111111111111111111111
1111111111111111111111111111111111111111111111111111111111111111111111111111118888888111111111111111111110000000011888111111111111111111111111111111111111111111111111111111111111111111111111111111111111
1111111111111111111111111111111111111111111111111111111111111111111111888888881111000000000000000000000001101111100111811111111111111111111111111111111111111111111111111111111111111111111111111111111111
1111111111111111111111111111111111111111111111111111111111111188888888111000000000111111111111111111111111101111111011188811111111111111111111111111111111111111111111111111111111111111111111111111111111
1111111111111111111111111111111111111111111111111111111888888810000000000011111101111111111111111111111111101111111000001188111111111111111111111111111111111111111111111111111111111111111111111111111111
1111111111111111111111111111111111111111111111118888888111111101111111111011111101111111111111111111111111011111111011110011881111111111111111111111111111111111111111111111111111111111111111111111111111
1111111111111111111111111111111111188888888888881111111111111011111111110111111110111111111111111111111111011111111011101101118811111111111111111111111111111111111111111111111111111111111111111111111111
1111111111111111111111111111188888811111111111111111110000000111111111101111111111011111111111111111111111011111110111101110111188111111111111111111111111111111111111111111111111111111111111111111111111
1111111111111111111111118888811111111111111111100000001111101111111111011111111111011111111111111111111110111111110111101111011111881111111111111111111111111111111111111111111111111111111111111111111111
1111111111111111111118881111111111111111111111011111111111011111111110111111111111101111111111111111111110111111110111101111101111118881111111111111111111111111111111111111111111111111111111111111111111
1111111111111111111188111111111111111111111110111111111110111111111101111111111111010111111111111111111110111111110111101111110011111118811111111111111111111111111111111111111111111111111111111111111111
1111111111111111118811111111111111111111111001111111111101111111111011111111111110111011111111111111111000111111110111011111111100011111188111111111111111111111111111111111111111111111111111111111111111
1111111111111111881111111111111111111111100111111111100010111111110111111111111001111101111111111111000110111111110111011111111101101111111881111111111111111111111111111111111111111111111111111111111111
1111111111111888111111111111111111000000011111111110011111011111101111111111100111111101111111111000111101111111110111011111111101110011111118881111111111111111111111111111111111111111111111111111111111
1111111111111811111111111111111110111111111111111101111111101111011111111111011111111110111111110111111101111111110111011111111101111100111111118811111111111111111111111111111111111111111111111111111111
1111111111881111111111111111110000111111111111111011111111110110101111111110111111111111011111101111111101111111110110111111111101111111001111111188811111111111111111111111111111111111111111111111111111
1111111188111111111111111100001111011111111111110111111111110001110111111001111111111111101111011111111101111111110101111111111101111111110111111111188111111111111111111111111111111111111111111111111111
1111118811111111111111111011111111011111111110001111111111101101111011110111111111111111110110111111111101111111101101111111111101111111111011111111111811111111111111111111111111111111111111111111111111
1111181111111111111111110111111111101111111101111111111111011110111101001111111111111111111001111111111101111111101101111111111101111111111101111111111181111111111111111111111111111111111111111111111111
1118111111111111111111101111111111110111110011111111111000111111011000111111111111111111000011111111000000111111101101111111111101111111111110111111111111811111111111111111111111111111111111111111111111
1181111111111111111111010111111111111011101111111111110111111111010111011111111111111110111101111110110111011111011011111111111101111111111111001111111111181111111111111111111111111111111111111111111111
1111111111111111111100110111111111111100011111111111101111111111101111101111111111111101111110111101101111100000000000111111111101111111111111110011111111118111111111111111111111111111111111111111111111
1111111111111111100011111011111111111101111111111111011111111110011111101111111111111011111111010011101111111101110111011111111011111111111111111100111111111811111111111111111111111111111111111111111111
1111111111111111011111111101111111111010111111111110111111111101111111110111111111110111111111001111101111111101110111100000000011111111111111111111001111111181111111111111111111111111111111111111111111
1111111111111110011111111110111111110111011111111101111111111011111111111011111111101111111111011111011111111101110111101111111011111111111111111111110111111111811111111111111111111111111111111111111111
1111111111111101011111111110111111101011011111110011111111110111111111111011111111110111111100101111011111111011110111101111111011111111111111111110000011111111181111111111111111111111111111111111111111
1111111111111101011111111111011110011011011110001011111111101111111111111011111111111011111011110111011111111011101111101111111011111111111111111001101100111111118111111111111111111111111111111111111111
1111111111111011011111111111101001111101101101111101111111011111111111111101111111111011110111111010111111110111101111101111111011111111111111100111011111011111111811111111111111111111111111111111111111
1111111111110111011111111111100111111101101011111110111100111111111111111110111111111101101111111100111111101111101111011111111011111111111100011111011111101111111181111111111111111111111111111111111111
1111111111101111011111111111101111111110110111111111011011111111111111111110111111111000000000001101111111101111011111011111111011111111111011111111011111110111111111811111111111111111111111111111111111
1111111111011111011111111111101111111110101111111111100111111111111111111111011111000111111111110000000000000000000000011111111011111111110111111111011111111001111111181111111111111111111111111111111111
1111111110111111001111111111101111111110011111111111011111111111111111111111101110111111111111111111111111101111111111000000000011111111101111111110111111111110011111118111111111111111111111111111111111
1111111111011100110000111111110111111101111111111100111111111111111111111111110101111111111111111111111111101111111111011111110111111111011111111101111111111111101111111811111111111111111111111111111111
1111111111011011111111011111111011111011111111110011111111111111111111111111111011111111111111111111111111101111111111011111110111111110111111111101111111111111110111111181111111111111111111111111111111
1111111111000111111110101111111011100111111111001111111111111111111111111111111011111111111111111111111111101111111111011111110111111001111111111011111111111111111011111111811111111111111111111111111111
1111111110101111100001110001111011011111111100111111111111111111111111111111111011111111111111111111111111101111111111011111110111110111111111111011111111111111111101111111181111111111111111111111111111
1111111101101111011111111110011100111111111011111111111111111111111111111111111101111111111111111111111111101111111111011111110111101111111111110111111111111111111110111111118111111111111111111111111111
1111111011101110111111111111101010111111110111111111111111111111111111111111111101111111111111111111111111011111111111011111110111011111111111110111111111111111111111011111118111111111111111111111111111
1111110111110101111111111111100111011111101111111111111111111111111111111111111110111111111111111111111111011111111111011111110110111111111111110111111111111111111111101111111811111111111111111111111111
1111101111000011111111111111011111101111011111111111111111111111111111111111111111011111111111111111111111000000000001011111110101111111111111101111111111111111111111110001111181111111111111111111111111
1110011100111101111111111110111111101110111111111111111111111111111111111111111111011111111111111111111110011111111110011111110011111111111111101111111111111111111111111110111118111111111111111111111111
1101110011111110111111111001111111101101111111111111111111111111111111111111111111101111111111111111111101011111111111011111110111111111111111011111111111111111111111111110011111811111111111111111111111
1101101111111110011111000111111111101011111111111111111111111111111111111111111111110111111111111111111011011111111111011111100111111111111110111111111111111111111111000001111111811111111111111111111111
1101011111111101101110111111111111110111111111111111111111111111111111111111111111110111111111111111110111011111111111011111010111111111111110111111111111111111111100111111111111181111111111111111111111
1110111111110011110101111111111111101011111111111111111111111111111111111111111111111011111111111111101111011111111111011000110111111111111110111111111111111111111011111111111111118111111111111111111111
1110111111101111111011111111111110011011111111111111111111111111111111111111111111111011111111111111011111011111111111010111110111111111111110111111111111111111110111111111111111111811111111111111111111
1110111100011111110011111111111101111101111111111111111111111111111111111111111111111011111111111110111111011111111111001111110111111111111101111111111111111100001111111111111111111811111111111111111111
1111011011111111101101111111111011111110111111111111111111111111111111111111111111111101111111111101111111011111111111011111111011111111111101111111111110000011111111111111111111111118111111111111111111
1111010111111110011110111111110111111111011111111111111111111111111111111111111111111101111111111011111111011111111110111111111011111111111101111100000001111111111111111111111111111118111111111111111111
1111001111111001111111011111001111111111011111111111111111111111111111111111111111111101111111110111111111101111111101111111111011111111111011111011111111111111111111111111111111111111181111111111111111
1111110111000111111111011110111111111111101111111111111111111111111111111111111111111101111111101111111111101111111011111111111011111111111010000111111111111111111111111111111111111111181111111111111111
1111111010111111111111101001111111111111101111111111111111111111111111111111111111111101111111011111111111110111100111111111111011111111000001111111111111111111111111111111111111111111118111111111111111
1111111101111111111111100111111111111111101111111111111111111111111111111111111111111101111110111111111111110111011111111111111010000000110111111111111111111111111111111111111111111111111811111111111111
1111111101111111111111001111111111111111101111111111111111111111111111111111111111111101110001111111111111110110111111111111110001111111110111111111111111111111111111111111111111111111111811111111111111
1111111101111111111110101111111111111111101111111111111111111111111111111111111111111101101111111111111111100000000000000000001011111111110111111111111111111111111111111111111111111111111811111111111111
1111111101111111111101101111111111111111110111111111111111111111111111111111111111111101011111111111111100011111111111011111111011111111110111111111111111111111111111111111111111111111111181111111111111
1111111110111111111011110111111111111111110111111111111111111111111111111111111111111100111111000000000011111111111111011111111101111111110111111111111111111111111111111111111111111111111181111111111111
1111111110111111110111111011111111111111110111111111111111111111111111111111111111111000000000111111111111111111111111011111111101111111110111111111111111111111111111111111111111111111111118111111111111
1111111110111111101111111101111111111111110111111111111111111111111111111111111110000101111111111111111111111111111111101111111101111111111011111111111111111111111111111111111111111111111111811111111111
1111111111011110011111111110111111111111110111111111111111111111111111111100000001111101111111111111111111111111111111101111111101111111111011111111111111111111111111111111111111111111111111181111111111
1111111111000001111111111110111111111111111011111100000000000000000000000011111111111101111111111111111111111111111111101111111101111111111011111111111111111111111111111111111111111111111111181111111111
1111111111101111111111111111011111111111111101111011110111111111011111111111111111111110111111111111111111111111111111101111111101111111111011111111111111111111111111111111111111111111111111118111111111
1111111111101111111111111111101111111111000000000011110111111111011111111111111111111110111111111111111111111111111111101111111101111111111011111111111111111111111111111111111111111111111111118111111111
1111111111101111111111111111101111111000111101111011111011111111101111111111111111111110111111111111111111111111111111101111111101111111111011111111111111111111111111111111111111111111111111111811111111
1111111111101111111111111111101111110101111101111011111011111111101111111111111111111110111111111111111111111111111111101111111101111111111011111111111111111111111111111111111111111111111111111811111111
1111111111101111111111111111100000001011111101111011111011111111110111111111111111111110111111111111111111111111111111110111111101111111111011111111111111111111111111111111111111111111111111111181111111
1111111111101111111111111111011111110111111101111011111011111111110111111111111111111110111111111111111111111111111111110111111101111111111101111111111111111111111111111111111111111111111111111181111111
1111111111101111111111110000111111101111111101111011111101111111110111111111111111111110111111111111111111111111111111110111111101111111111101111111111111111111111111111111111111111111111111111118111111
1111111111101111111110001111111111011111111100111011111101111111110111111111111111111110111111111111111111111111111111110111111110111111111101111111111111111111111111111111111111111111111111111118111111
1111111111101111111001111111111110111111111101011011111101111111110111111111111111111110111111111111111111111111111111110111111110111111111101111111111111111111111111111111111111111111111111111111811111
1111111111101111100111111111111101111111111011100000000001111111110111111111111111111111011111111111111111111111111111110111111110111111111101111111111111111111111111111111111111111111111111111111811111
1111111111100000011111111111111011111111110111111011111101111111110111111111111111111111011111111111111111111111111111110111111110111111111101111111111111111111111111111111111111111111111111111111811111
1111111111101111111111111111110111111111110111110111111101111111111011111111111111111111011111111111111111111111111111110111111110111111111101111111111111111111111111111111111111111111111111111111811111
1111111111101111111111111111101111111111110111110111111101111111111011111111111111111111011111111111111111111111111111111011111110111111111101111111111111111111111111111111111111111111111111111111811111
1111111111101111111111111111011111111111110111110111111101111111111011111111111111111111011111111111111111111111111111111011111110111111111101111111111111111111111111111111111111111111111111111111811111
1111111111101111111111111110111111111111110111110111111101111111111011111111111111111111011111111111111111111111111111111011111111011111111101111111111111111111111111111111111111111111111111111111811111
1111111111101111111111111101111111111111110111110111111101111111111011111111111111111111101111111111111111111111111111110111111111011111111101111111111111111111111111111111111111111111111111111111811111
1111111111101111111111111011111111111111110111101111111101111111111011111111111111111111101111111111111111111111111111101111111111011111111101111111111111111111111111111111111111111111111111111111811111
1111111111101111111111110111111111111111101111011111111101111111111011111111111111111111101111111111111111111111100000011111111111011111111101111111111111111111111111111111111111111111111111111111811111
1111111111101111111111101111111111111111101111011111111101111111111011111111111111111111101111111111111111111111011111111111111111011111111101111111111111111111111111111111111111111111111111111111811111
1111111111101111111111011111111111111111101111011110000001111111111011111111111111111111101111111111111111111110111111111111111111000000000001111111111111111111111111111111111111111111111111111111811111
1111111111101111111110111111111111111111000000000001111101111111111011111111111111111111101111111111111111111110111111111111111100111111111101111111111111111111111111111111111111111111111111111111811111
1111111111101111111001111111111111111111111111011111111110111111111011111111111111111111101111111111111111111101111111111111100011111111111101111111111111111111111111111111111111111111111111111111811111
1111111111101111110111111111111111111111111111101111111110111111111011111111111111111111101111111111111111111011111111110000011111111111111101111111111111111111111111111111111111111111111111111111811111
1111111111101111101111111111111111111111111111101111111110111111111011111111111111111111101111111111111111111011111000001111111111111111111101111111111111111111111111111111111111111111111111111118111111
1111111111101111011111111111111111111111111111101111111110111111111011111111111111111111101111111111111111110111110111111111111111111111111101111111111111111111111111111111111111111111111111111118111111
1111111111101100111111111111111111111111111111101111111110111111111011111111111111111111101111111111000000000000001111111111111111111111111101111111111111111111111111111111111111111111111111111118111111
1111111111101011111111111111111111111111111111101111111110111111111011111111000000000000000000000000111111110111111111111111111111111111111101111111111111111111111111111111111111111111111111111181111111
1111111111100111111111111111111111111111111111101111111110111111111000000000111111111111101111111111111111110111111111111111111111111111111101111111111111111111111111111111111111111111111111111181111111
1111111111100000000000000000000000000111111111101111111111011111111011111111111111111111101111111111111111111011111111111111111111111111111101111111111111111111111111111111111111111111111111111811111111
1111111111110111111111111111111111111000000000001111111111011111111011111111111111111111101111111111111111111011111111111111111111111111111101111111111111111111111111111111111111111111111111111811111111
1111111111111011111111111111111111111111111111101111111111011111111011111111111111111111101111111111111111111011111111111111111111111111111011111111111111111111111111111411111111111111111111118111111111
1111111111111011111111111111111111111111111111101111111111011111111011111111111111111111101111111111111111111011111111111111111111111111111011111111111111111111111111114444411111111111111111181111111111
1111111111111011111111111111111111111111111111101111111111011111111011111111111111111111101111111111111111111011111111111111111111111111111011111111111111111111111111144444444441111111111111181111111111
1111111111111011111111111111111111111111111111101111111111011111111011111111111111111111101111111111111111111101111111111111111111111111111011111111111111111111111111144444444444444111111111811111111111
1111111111111011111111111111111111111111111111101111111111011111111011111111111111111111101111111111111111111101111111111111111111111111111011111111111111111111111111144444444444444444411118111111111111
1111111111111011111111111111111111111111111111101111111111011111111101111111111111111111101111111111111111111101111111111111111111111111111011111111111111111111111111144444444444444444411118111111111111
1111111111111101111111111111111111111111111111110111111111011111111101111111111111111111101111111111111111111110111111111111111111110000000011111111111111111111111111444444444444444444111181111111111111
1111111111111101111111111111111111111111111111110111111111011111111101111111111111111111101111111111111111111110111110000000000000001111110111111111111111111111111111444444444444444444111181111111111111
1111111111111101111111111111111111111111111111110111110000011111111101111111111111111111110111111111111111111110111001111111111111111111101111111111111111111111111111444444444444444444111811111111111111
1111111111111110111111111111111111111111111111110111101111011111111101111111111111111111110111111111111111111110000111111111111111111111011111111111111111111111111114444444444444444441111811111111111111
1111111111111110111111111111111111111111111111111000011111011111111110111111111111111111110111111110000000000001111111111111111111111110111111111111111111111111111114444444444444444441118111111111111111
1111111111111110111111111111111111111111111111111111111111101111111110111111111111111111111000000001111111111111111111111111111111111101111111111111111111111111111114444444444444444441181111111111111111
1111111111111111011111111111111111111111111111111111111111101111111110111111111111111111111011111111111111111111111111111111111111111011111111111111111111111111111144444444444444444411181111111111111111
1111111111111111101111111111111111111111111111111111111111101111111110111111111111111111111011111111111111111111111111111111111111110111111111111111111111111111111144444444444444444411811111111111111111
1111111111111111101111111111111111111111111111111111111111101111111110111111111111111111111101111111111111111111111111111111111111101111111111111111111111111111111144444444444444444411811111111111111111
1111111111111111101111111111111111111111111111111111111111101111111110111111111111111111111101111111111111111111111111111111111111011111111111111111111111111111111444444444444444444118111111111111111111
1111111111111111101111111111111111111111111111111111111111101111111110111111111111111111111101111111111111111111111111111111111110111111111111111111111111111111111444444444444444444118111111111111111111
1111111111111111110111111111111111111111111111111111111111101111111110111111111111111111111101111111111111111111111111111111111101111111111111111111111111111111111444444444444444444444444444444411111111
1111111111111111110111111111111111111111111111111111111111101111111110111111111111111111111101111111111111111111111111111111111011111111111111111111111111111111114444444444444444444444444444444111111111
1111111111111111111011111111111111111111111111111111111111101111111110111111111111111111111101111111111111111111111111111111110111111111111111111111111111111111114444444444444444444444444444444111111111
1111111111111111111011111111111111111111111111111111111111101111111110111111111111111111111101111111111111111111111111111111101111111111111111111111111111111111114444444444444444444444444444441111111111
1111111111111111111101111111111111111111111111111111111111101111111110111111111111111111111101111111111111111111111111111111011111111111111111111111111111111111144444444444444444444444444444441111111111
1111111111111111111101111111111111111111111111111111111111110111111110111111111111111111111101111111111111111111111111111110111111111111111111111111111111111111144444444444444444444444444444441111111111
1111111111111111111101111111111111111111111111111111111111110111111110111111111111111111111101111111111111111111111111111101111111111111111111111111111111111111144444444444444444444444444444411111111111
1111111111111111111110111111111111111111111111111111111111110111111111011111111111111111111101111111111111111111111111111011111111111111111111111111111111111111444444444444444444444444444444411111111111
1111111111111111111111011111111111111111111111111111111111110111111111011111111111111111111101111111111111111111111111111011111111111111111111111111111111111111444444444444444444444444444444111111111111
1111111111111111111111011111111111111111111111111111111111110111111111011111111111111111111101111111111111111111111111110111111111111111111111111111111111111111444444444444444444444444444444111111111111
1111111111111111111111011111111111111111111111111111111111110111111111010000000000000000000001111111111111111111111111101111111111111111111111111111111111111114444444444444444444444444444441111111111111
1111111111111111111111011111111111111111111111111111111111110000000000001111111111111111111101111111111111111111111111011111111111111111111111111111111111111114444444444444444444444444444441111111111111
1111111111111111111111011111111111111111111111111111111111110111111111111111111111111111111101111111111111111111111110111111111111111111111111111111111111111114444444444444444444444444444441111111111111
1111111111111111111111011111111111111111111111111111111111110111111111111111111111111111111101111111111111111111111101111111111111111111111111111111111111111144444444444444444444444444444411111111111111
1111111111111111111111101111111111111111111111111111111111110111111111111111111111111111111101111111111111111111111011111111111111111111111111111111111111111144444444444444444444444444444411111111111111
1111111111111111111111101111111111111111111111111111111111111011111111111111111111111111111110111111111111111111110111111111111111111111111111111111111111111144444444444444444444444444444111111111111111
1111111111111111111111101111111111111111111111111111111111111011111111111111111111111111111111011111111111111111101111111111111111111111111111111111111111111444444444444444444444444444444111111111111111
1111111111111111111111110111111111111111111111111111111111111011111111111111111111111111111111011111111111111111011111111111111111111111111111111111111111111444444444444444444444444444444111111111111111
1111111111111111111111111011111111111111111111111111111111111011111111111111111111111111111111101111111111111110111111111111111111111111111111111111111111111444444444444444444444444444441111111111111111
1111111111111111111111111011111111111111111111111111111111111011111111111111111111111111111111101111111111111110111111111111111111111111111111111111111111114444444444444444444444444444441111111111111111
1111111111111111111111111011111111111111111111111111111111111011111111111111111111111111111111101111111111111101111111111111111111111111111111111111111111114444444444444444444444444444411111111111111111
1111111111111111111111111101111111111111111111111111111111111011111111111111111111111111111111101111111111111011111111111111111111111111111111111111111111114444444444444444444444444444411111111111111111
1111111111111111111111111101111111111111111111111111111111111011111111111111111111111111111111101111111111110101111111111111111111111111111111111111111111144444444444444444444444444444111111111111111111
1111111111111111111111111101111111111111111111111111111111111011111111111111111111111111111111101111111111101110111111111111111111111111111111111111111111144444444444444444444444444444111111111111111111
1111111111111111111111111101111111111111111111111111111111111011111111111111111111111111111111110111111111011111000011111111111111111111111111111111111111144444444444444444444444444444111111111111111111
1111111111111111111111111110111111111111111111111111111111111011111111111111111111111111111111110111111110111111111101111111111111111111111111111111111111444444444444444444444444444441111111111111111111
1111111111111111111111111111011111111111111111111111111111111011111111111111111111111111111111110111111101111111111101111111111111111111111111111111111111444444444444444444444444444441111111111111111111
1111111111111111111111111111101111111111111111111111111111111011111111111111111111111111111111110111111011111111111011111111111111111111111111111111111111444444444444444444444444444411111111111111111111
1111111111111111111111111111110111111111111111111111111111111011111111111111111111111111111111110111110111111111111011111111111111111111111111111111111114444444444444444444444444444411111111111111111111
1111111111111111111111111111111011111111111111111111111111111011111111111111111111111111111111110111101111111111111011111111111111111111111111111111111114444444444444444444444444444411111111111111111111
1111111111111111111111111111111011111111111111111111111111111011111111111111111111111111111111110111101111111111110111111111111111111111111111111111111114444444444444444444444444444111111111111111111111
1111111111111111111111111111111011111111111111111111111111111101111111111111111111111111111111110111011111111111101111111111111111111111111111111111111144444444444444444444444444444111111111111111111111
1111111111111111111111111111111101111111111111111111111111111101111111111111111111111111111111111010111111111111101111111111111111111111111111111111111144444444444444444444444444441111111111111111111111
1111111111111111111111111111111110111111111111111111111111111101111111111111111111111111111111111001111111111111011111111111111111111111111111111111111144444444444444444444444444441111111111111111111111
1111111111111111111111111111111110111111111111111111111111111000000000000000000000000000000111111011111111111111011111111111111111111111111111111111111444444444444444444444444444411111111111111111111111
1111111111111111111111111111111110111111111111111111111111000111111111111111111111111111111000000000011111111110111111111111111111111111111111111111111444444444444444444444444444411111111111111111111111
1111111111111111111111111111111110111111111111110000000000111111111111111111111111111111111111110111100011111110111111111111111111111111111111111111111444444444444444444444444444411111111111111111111111
1111111111111111111111111111111111011111111111101111111111111111111111111111111111111111111111101111111100011110111111111111111111111111111111111111114444444444444444444444444444111111111111111111111111
1111000000000011111111111111111111011111111111011111111111111111111111111111111111111111111111011111111111101110111111111111111111111111111111111111114444444444444444444444444444111111111111111111111111
1111011111111100000000111111111111011111111100111111111111111111111111111111111111111111111110111111111111110110111111111111111111111111111111111111114444444444444444444444444441111111111111111111111111
1111011111111111111111001111111111011111000011111111111111111111111111111111111111111111111101111111111111111001111111111111111111111111111111111111144444444444444444444444444441111111111111111111111111
1111011111111111111111110000000000000000111111111111111111111111111111111111111111111111111011111111111111111111111111111111111111111111111111111111144444444444444444444444444441111111111111111111111111
1111011111111111111111111111111111010000011111111111111111111111111111111111111111111111110111111111111111111111111111111111111111111111111111111111144444444444444444444444444411111111111111111111111111
1111011111111111111111111111111111011111100000111111111111111111111111111111111111111111101111111111111111111111111111111111111111111111111111111111144444444444444444444444444411111111111111111111111111
1110111111111111111111111111111111011111111111000000000000000000000111111111111111111111011111111111111111111111111111111111111111111111111111111111144444444444444444444444444411111111111111111111111111
1110111111111111111111111111111111011111111111111101111111111111111000000000000001111110111111111111111111111111111111111111111111111111111111111111144444444444444444444444444411111111111111111111111111
1110111111111111111111111111111111011111111111111101111111111111111101111111111110000000111111111111111111111111111111111111111111111111111111111111144444444444444444444444444411111111111111111111111111
1110111111111111111111111111111110111111111111111101111111111111111101111111111111111011000000000011111111111111111111111111111111111111111111111111144444444444444444444444444411111111111111111111111111
1110111111111111111111111111111101111111111111111101111111111111111101111111111111111011111111111100011111111111111111111111111111111111111111111111444444444444444444444444444411111111111111111111111111
1110111111111111111111111111111101111111111111111101111111111111111101111111111111111011111111111111000000111111111111111111111111111111111111111111444444444444444444444444444411111111111111111111111111
1110111111111111111111111111111101111111111111111101111111111111111101111111111111111011111111111111011111000000000011111111111111111111111111111111444444444444444444444444444411111111111111111111111111
1110111111111111111111111111111101111111111111111101111111111111111101111111111111111011111111111110111111111111111101111111111111111111111111111111444444444444444444444444444411111111111111111111111111
1110111111111111111111111111111101111111111111111101111111111111111101111111111111111011111111111110111111111111111101111111111111111111111111111111444444444444444444444444444411111111111111111111111111
1101111111111111111111111111111101111111111111111101111111111111111101111111111111111011111111111110111111111111111101111111111111111111111111111111444444444444444444444444444441111111111111111111111111
1101111111111111111111111111111011111111111111111101111111111111111101111111111111111011111111111110111111111111111101111111111111111111111111111114444444444444444444444444444444441111111111111111111111
1100001111111111111111111111111011111111111111111101111111111111111101111111111111111011111111111110111111111111111101111111111111111111111111111114444444444444444444444444444444444441111111111111111111
1111110000011111111111111111111011111111111111111101111111111111111101111111111111110111111111111110111111111111111101111111111111111111111111111114444444444444444444444444444444444444441111111111111111
1111111111100000000000000111111011111111111111111101111111111111111101111111111111110111111111111110111111111111111011111111111111111111111111111114444444444444444444444444444444444444444441111111111111
1111111111111111111111111000000011111111111111111101111111111111111101111111111111110111111111111110111111111111111011111111111111111111111111111114444444444444444444444444444444444444444444441111111111
1111111111111111111111111111111100001111111111111101111111111111111011111111111111110111111111111110111111111111111011111111111111111111111111111114444444444444444444444444444444444444444444444441111111
1111111111111111111111111111111111110000001111111011111111111111111011111111111111110111111111111110111111111111111011111111111111111111111111111144444444444444444444444444444444444444444444444444441111
1111111111111111111111111111111111111111110001111011111111111111111011111111111111110111111111111110111111111111111011111111111111111111111111111144444444444444444444444444444444444444444444444444444441
1111111111111111111111111111111111111111111110000000000111111111111011111111111111110111111111111110111111111111111011111111111111111111111111111144444444444444444444444444444444444444444444444444444441
1111111111111111111111111111111111111111111111111111111000000000000000001111111111101111111111111110111111111111110111111111111111111111111111111144444444444444444444444444444444444444444444444444444441
1111111111111111111111111111111111111111111111111111111111111111111111110011111111101111111111111110111111111111110111111111111111111111111111111144444444444444444444444444444444444444444444444444444441
1111111111111111111111111111111111111111111111111111111111111111111111111100000000001111111111111110111111111111110111111111111111111111111111111444444444444444444444444444444444444444444444444444444441
1111111111111111111111111111111111111111111111111111111111111111111111111111111111110000000000111110111111111111110111111111111111111111111111111444444444444444444444444444444444444444444444444444444441
1441111111111111111111111111111111111111111111111111111111111111111111111111111111111111111111000000011111111111110111111111111111111111111111111444444444444444444444444444444444444444444444444444444441
1444111111111111111111111111111111111111111111111111111111111111111111111111111111111111111111111111100000011111110111111111111111111111111111111444444444444444444444444444444444444444444444444444444441
1444444111111111111111111111111111111111111111111111111111111111111111111111111111111111111111111111111111100000000111111111111111111111111111111444444444444444444444444444444444444444444444444444444441
1444444444111111111111111111111111111111111111111111111111111111111111111111111111111111111111111111111111111111111111111111111111111111111111111444444444444444444444444444444444444444444444444444444441
1444444444444111111111111111111111111111111111111111111111111111111111111111111111111111111111111111111111111111111111111111111111111111111111114444444444444444444444444444444444444444444444444444444441
1444444444444444111111111111111111111111111111111111111111111111111111111111111111111111111111111111111111111111111111111111111111111111111111114444444444444444444444444444444444444444444444444444444441
1444444444444444444111111111111111111111111111111111111111111111111111111111111111111111111111111111111111111111111111111111111111111111111111114444444444444444444444444444444444444444444444444444444441
1444444444444444444444444444444444411111111111111111111111111111111111111111111111111111111111111111111111111111111111111111111111111111111111114444444444444444444444444444444444444444444444444444444441
1444444444444444444444444444444444444111111111111111111111111111111111111111111111111111111111111111111111111111111111111111111111111111111111114444444444444444444444444444444444444444444444444444444441
1444444444444444444444444444444444444441111111111111111111111111111111111111111111111111111111111111111111111111111111111111111111111111111111114444444444444444444444444444444444444444444444444444444441
1444444444444444444444444444444444444444411111111111111111111111111111111111111111111111111111111111111111111111111111111111111111111111111111144444444444444444444444444444444444444444444444444444444441
1444444444444444444444444444444444444444444111111111111111111111111111111111111111111111111111111111111111111111111111111111111111111111111111144444444444444444444444444444444444444444444444444444444441
1444444444444444444444444444444444444444444411111111111111111111111111111111111111111111111111111111111111111111111111111111111111111111111111144444444444444444444444444444444444444444444444444444444441
1444444444444444444444444444444444444444444441111111111111111111111111111111111111111111111111111111111111111111111111111111111111111111111111144444444444444444444444444444444444444444444444444444444441
1444444444444444444444444444444444444444444444111111111111111111111111111111111111111111111111111111111111111111111111111111111111111111111111144444444444444444444444444444444444444444444444444444444441
1444444444444444444444444444444444444444444444411111111111111111111111111111111111111111111111111111111111111111111111111111111111111111111111144444444444444444444444444444444444444444444444444444444441
1444444444444444444444444444444444444444444444441111111111111111111111111111111111111111111111111111111111111111111111111111111111111111111111444444444444444444444444444444444444444444444444444444444441
1444444444444444444444444444444444444444444444444444444444111111111111111111111111111111111111111111111111111111111111111111111111111111111111444444444444444444444444444444444444444444444444444444444441
1444444444444444444444444444444444444444444444444444444444444444444411111111111111111111111111111111111111111111111111111111111111111111111111444444444444444444444444444444444444444444444444444444444441
1444444444444444444444444444444444444444444444444444444444444444444444444444411111111111111111111111111111111111111111111111111111111111111111444444444444444444444444444444444444444444444444444444444441
1444444444444444444444444444444444444444444444444444444444444444444444444444444444444411111111111111111111111111111111111111111111111111111111444444444444444444444444444444444444444444444444444444444441
1444444444444444444444444444444444444444444444444444444444444444444444444444444444444444444441111111111111111111111111111111111111111111111111444444444444444444444444444444444444444444444444444444444441
1111111111111111111111111111111111111111111111111111111111111111111111111111111111111111111111111111111111111111111111111111111111111111111111111111111111111111111111111111111111111111111111111111111111