111111111111111111111111111111111111111111111111111111111111111111111111111111111111111111111111111111
111111111111111111111111111111111111111111111111111111111111111111111111111111111111111111111111111111
111111111111111111111111111111111111111111111111111111111111111111111111111111000000000000000001111111
111111111111111111111111111111111111111111111111111111111111111111111111111110011111111111111110000011
111111111111111111111111111111111111111111111111111111110011111111111111111001101111111111111111100011
111111111111111111111111111111111111111111111111111111101101111111111111110111110111111111111111011011
111111111111111111111111111111111111111111111111111110011110111111101111101111111011111111111110111011
111111111111111111111111111111111111111111111111111101011111000000010111011111111011111111111101111011
111111111111111111111111111111111111111111111111111101011111011111111010111111111101111111111011111011
111111111111111111111111111111111111111111111111111011101111101111111101111111111101111111110111111011
111111111111111111111111111111111111111111111111111011101111101111111010000001111011111111101111111011
111111111111111111111111111111111111111111110000000111101111101111110111111110000111111110011111111011
111111111111111111111111111111111111111000001101110111101111101100001111111101110001111001111111111011
111111111111111111111111111111111111000111111101110111101111100011110011111011111110000111111111111011
111111111111111111111111111111111000111111111101110111101111101111111100010111111111011111111111111011
111111111111111111111111111111110111111111111101110111101111101111111111101111111110111111111111111011
111111111111111111111111111111000111111111111110000000000000001111111111010000111110111111111111111011
111111111111111111111111111110101011111111111110110111101111100000111110111111011101111111111111111011
111111111111111111111111111101101100111111111110110111101111101111011001111111100011111111111111111011
111111111111111111111110000011101111000000000000000000001111101111100111111111110111111111111111111011
111111111111111111111101100011101111111111111111110111101111101111101111111111101111111111111111111011
111111111111111111110011101100001111111111111111110111101111101111101111111111011111111111111111111011
111111111111111110001111101111100000001111111111110111101111101111101111111110111111111111111111111011
111111111111111101111111101111101111110000000000000000000000000011011111111101111111111111111111111011
111111111111111011111111101111011111111111111111111111111111111100111111111011111111111111111111000111
111111111111110111111111101111011111111111111111111111111111111110000111110111111111111111000000111111
111111111111101111111111101111011111111111111111111111111111111110111001101111111111111110111111111111
111111111100011111111111101111011111111111111111111111111111111110111110001111111011111101111111111111
111111111011111111111111101111011111111111111111111111111111111110111111010111111000000011111111111111
111111111011111111111111100001011111111111111111111111111111111111011100111011111010101111111111111111
111111111011111111111111101110011111111111111111111111111111111111101011111101111010101111111111111111
111111111101111111111111101111011111111111111111111111111111111111110111111110111010101111111111111111
111111111101111111111111101111011111111111111111111111111111111111101111111111001010101111111111111111
111111111101111111111111101111011111111111111111111111111111111111011111111111110010101111111111111111
111111111101111111111111100001011111111111111111111111111111111110111111111111111000101111111111111111
111111111110111111111111101110011111111111111111111111111111111101001111111111111000000001111111111111
111111111110111111111111101111011111111111111111111111111111111101110111111000000111111100011111111111
111111111110111111111111101111011111111111111111111111111111111011111011100111111111111101101111111111
111111111111000000000000001111011111111111111111111111111111110111111101011111111111111101110111111111
111111111111011111111111101111011111111111111111111111111111110011111110111111111111111011111011111111
111111111111011111111111101111011000111111111111111111111111101101111001111111111111111011111101111111
111111111111011111111111101111011011000000000000001111111111011110100101111111111111111011111110111111
111111111111101111111111101111011011111111111111010000000000111111011101111111111111110111111111011111
111111111111110111111111101111011011111111111111011111011101011110111101111111111111110111111111101111
111111111111111011111111011111011011111111111111011111011101100101111011111111111111101111111111110111
111111111111111011111111011111000000000000000000011110111011111011111011111111111111101111111111111011
111111111111111011111111011111111111111111111111000000111011110111110111111111111111011111111111111011
111111111111111011111111011111111111111111111110111110110100101111110000111111111110111111111111111011
111111111111111101111111011111111111111111111110111101101111001111110111000011111101111111111111111011
111111111111111101111111011111111111111111111110111101101111110111110111111100001101111111111111110111
111111110000000000000000000000000000011111111110011101101111111011101111111101110000000000011111110111
111111101111111101111111011111110111100111111110100011101111111011011111111101111011111111101111101111
111111011111111101111111011111110111111011111110111011011111111011011111111101111011111111110011101111
111111011111111101111111011111110111111011111110110111011111111100111111111101111011111111111101101111
111111011111111101111111011111111011111011111110110111011111111110111111111000000011111111111110001111
111111101111111110111111011111111011111000000000010111011111111111011111111011111011111111111111111111
111111110111111110111111011111111011111111111111100011011111111111100001110111111011111111111111111111
111111110111111110111111011111111000001111111111111100011111111111101110000111110111111111111111111111
111111110111111110111111011111000011101111111111111110111111111111011111110111110111111111111111111111
111111110111111110000000000000111111101111111111111101111111111110111111111011101111111111111111111111
111111110111111111111111101111111111101111111111111101111111111101111111111011011111111111111111111111
111111111011111111111111101111111111101111111111111101111111111101111111111101011111111111111111111111
111111111101111111111111101111111111101111111111111101111100001011111111111110111111111111111111111111
111111111110111111111111101111111111101111110000000000111011110111000000000000111111111111111111111111
111111111110111111111111101111111111101111101111111011011011101110111111111111011111111111111111111111
111111111110111111111111101111111111101111011111110111101011101110111111111111011111111111111111111111
111111111110111111111111101111111111101000011111110111110000101110111111111111101111111111111111111111
111111111111011111111111101100000000000111101111110111110111000101111111111111101111111111111111111111
111111111111101111111111100011111111101111110111110111110111111000000000000000001111111111111111111111
111111111111110111111111101111111111101111110000000111110111111011111101111111011111111111111111111111
111111111111111011111111101111111111101111111111110111110111111011111101111111011111111111111111111111
111111111111111101111111101111111111101111111111110111110111110111111011111111011111111111111111111111
111111111111111101111111101111111111101111111111110111110111101111111011111111011111111111111111111111
111111111111111110111111101111111111101111111111110111110111101111110111111111011111111111111111111111
111111111111111111011111101111111111101111111111110000000000000111101111111111011111111111111111111111
111111111111111111011111101111111100001111111111110111111111111000001111111111011111111111111111111111
111111111111111111101111100000000011111111111111110111111111111111111111111110111111111111111111111111
111111111111111111110111101111111111111111111111110111111111111111111111111101111111111111111111111111
111111111111111111110111101111111111111111111111110111111111111111111111111101111111111111111111111111
111111111111111111110111110111111111111100000000000011111111111111111111110011111111111111111111111111
111111111111111111110111110111111111111101101110110100011111111000000000001011111111111111111111111111
111111111111111111111011110111111111111101101110110111100000000111111111111011111111111111111111111111
111111111111111111111101110000000000111101101110110111111111111111111111111011111111111111111111111111
111111111111111111111101001110111110111101101110110111111111111111111111111011111111111111111111111111
111111111111111111111100111110111000000000000000110111111111111111111111111011111111111111111111111111
111111111111111111111101111110000111111111111111110000000000001111111111111011111111111111111111111111
111111111111111111111110111111111111111000000000001111111111110000000000000011111111111111111111111111
111111111111111111111111011111000000000111111111111111111111111111111111111111111111111111111111111111
111111111111111111111111011000111111111111111111111111111111111111111111111111111111111111111111111111
111111111111111111111111100111111111111111111111111111111111111111111111111111111111111111111111111111
111111111111111111111111111111111111111111111111111111111111111111111111111111111111111111111111111111
144444444444444444444444444444444444444444444444444444444444444444444444444444444444444444444444444441
144444444444444444444444444444444444444444444444444444444444444444444444444444444444444444444444444441
144444444444444444444444444444444444444444444444444444444444444444444444444444444444444444444444444441
144444444444444444444444444444444444444444444444444444444444444444444444444444444444444444444444444441
144444444444444444444444444444444444444444444444444444444444444444444444444444444444444444444444444441
144444444444444444444444444444444444444444444444444444444444444444444444444444444444444444444444444441
144444444444444444444444444444444444444444444444444444444444444444444444444444444444444444444444444441
144444444444444444444444444444444444444444444444444444444444444444444444444444444444444444444444444441
144444444444444444444444444444444444444444444444444444444444444444444444444444444444444444444444444441
144444444444444444444444444444444444444444444444444444444444444444444444444444444444444444444444444441
111111111111111111111111111111111111111111111111111111111111111111111111111111111111111111111111111111