111111111111111111111111111111111111111111111111111111111111111111111111111111111111111111111111111111
111111111111111111111111111111111118888888888888888888888888888888888888888881111111111111111111111111
111111111111111111111111118888888888888888888888888888888888888888888888888811000011111111111111111111
111111111111111111118888888888888888888888888888888888111111111111111111111110101100000000000000000011
111111111111111188888888888888888888888888888111111111110011111111111111111101101111111111111111100011
111111111111888888888888888888888888888888111111111111101101111111111111111011110111111111111111011011
111111111118888888888888888888888888888811111111111110011110111000001111110111111011111111111110111011
111111111888888888888888888888888888111111111111111110111111000111110111101111111011111111111101111011
111111188888888888888888888888881111111111111111111110011111011111111010011111111011111111111011111011
111111888888888888888888888111111111111111111111111101101111011111111101111111111001111111110111111011
111118888888888888888888811111111111111111111111100011101111011111111010001111100111111111001111111011
111118888888888888888881111111111111111111100000011011101111011111110111110000000011111100111111111011
111188888888888888888111111111111111110000011101111011101111101100000111111110111100111011111111111011
111188888888888888881111111111111111101111111101111011101111100011111011111001111111000111111111111011
111188888888888888811111111111111111011111111101111011101111101111111100110111111111011111111111111011
111888888888888881111111111111111100111111111101111011101111101111111111000000011110111111111111111011
111888888888888811111111111111100011111111111110000000000000000111111111011111101110111111111111111011
118888888888888111111111111111000001111111111110110111101111101001111110111111110101111111111111111011
118888888888811111111111111100101110001111111110110111101111101110110001111111111011111111111111111011
118888888888111111111110000011101111110000000000000000001111101111001111111111110111111111111111111011
188888888881111111110001100001101111111111111111110111101111101111011111111111101111111111111111111011
188888888811111111101111101110101111111111111111110111101111101111011111111111011111111111111111111011
188888888111111111011111101111000000000000000001110111101111101111011111111110111111111111111111111011
188888888111111110111111101111101111111111111110000000000000001110111111111101111111111111111111100011
188888888111111101111111101111101111111111111111111111111111110000001111111011111111111111111100011111
188888888111110011111111101111101111111111111111111111111111111110110011110111111111111111100011111111
188888881111001111111111101111101111111111111111111111111111111110111100010111111111111000011111111111
188888881110111111111111101111101111111111111111111111111111111110111111101111111001110111111111111111
188888881001111111111111101111101111111111111111111111111111111110111111010111111010001111111111111111
188888811101111111111111100011101111111111111111111111111111111111011110111011111010101111111111111111
188888811101111111111111101100011111111111111111111111111111111111101101111100111010101111111111111111
188888811101111111111111101111011111111111111111111111111111111111110011111111011010101111111111111111
188888811101111111111111101111011111111111111111111111111111111111101111111111101010101111111111111111
188888111110111111111111101111011111111111111111111111111111111111011111111111110010101111111111111111
188888111110111111111111100000011111111111111111111111111111111110011111111111111000101111111111111111
188888111110111111111111101111011111111111111111111111111111111101101111111111110000000001111111111111
188881111110111111111111101111011111111111111111111111111111111011110111111111101111111100111111111111
188881111110111111111111101111011111111111111111111111111111111011111011111110011111111011011111111111
188881111110111111111000001111011111111111111111111111111111111011111101000001111111110111101111111111
188881111111000000000111101111011111111111111111111111111111110111111110111111111111110111110111111111
188881111111101111111111101111011000011111111111111111111111101011111000111111111111101111111011111111
188881111111101111111111011111011011100000000000011111111111011101100110111111111111101111111101111111
188881111111101111111111011111011011111111111111000000000000011110011110111111111111101111111110111111
188881111111101111111111011111011011111111111111011111101101101110111101111111111111011111111111001111
188881111111101111111111011111011011111111111111011111011011110101111011111111111111011111111111110111
188881111111101111111111011111000000000000000000011111011011111011111011111111111111011111111111111011
188881111111101111111111011111111111111111111111000000111001110111110111111111111111011111111111111011
188881111111110111111111011111111111111111111111011101111010010111110111111111111111011111111111110111
188881111111111011111111011111111111111111111111011101111011101111110000000111111110111111111111101111
188881111111111101111111011111111111111111111110111101110111110111101111111000011101111111111111101111
188881111111110000000000000000000000011111111110001011110111111011101111111101100000001111111111101111
188881111110001101111111101111110111101111111110110011110111111011101111111011111101110011111111101111
188881000001111101111111101111110111110011111110111011110111111011101111111011111011111100000011101111
188881011111111101111111101111110111111011111110110111110111111101011111111011111011111111111101101111
188881101111111101111111101111110111111011111110110111101111111110111111111000000011111111111110001111
188881101111111101111111101111110111111000000000110111011111111111011111110111110111111111111111111111
188881101111111101111111101111111011111111111111000111011111111111100000000111110111111111111111111111
188881110111111101111111101111111000001111111111111000011111111111011111110111110111111111111111111111
188881110111111101111111101111111011101111111111111110111111111110111111110111110111111111111111111111
188881110111111110000000000000000111101111111111111110111111111110111111111011101111111111111111111111
188881111011111111111111101111111111101111111111111110111111111110111111111101011111111111111111111111
188888111011111111111111101111111111101111111111111101111111111101111111111101011111111111111111111111
188888111101111111111111101111111111101111111111111101111101111011111111111101011111111111111111111111
188888111110111111111111101111111111101111110000000011111100000111000000000000111111111111111111111111
188888811111011111111111101111111111101111101111111000111011101110111111111110111111111111111111111111
188888811111011111111111101111111111101100011111111011000111101101111111111111011111111111111111111111
188888811111101111111111101111111111101011011111111011110111101101111111111111011111111111111111111111
188888881111101111111111101111111111100111011111111011110000001011111111111111101111111111111111111111
188888881111110111111111100000000000001111101111111011110111110000000000000000001111111111111111111111
188888881111110111111111101111111111101111110000000111110111111011111011111111101111111111111111111111
188888881111111011111111101111111111101111111111110111110111111011111011111111011111111111111111111111
188888881111111011111111101111111111101111111111110111110111110111111011111110111111111111111111111111
188888888111111101111111101111111111101111111111110111110111110111110111111110111111111111111111111111
188888888111111101111111101111111111101111111111110111110111101111110111111110111111111111111111111111
188888888111111110111111101111111111101111111111110000000000000000101111111110111111111111111111111111
188888888111111111011111101111111111101111111111110111111111111111001111111101111111111111111111111111
188888888811111111101111100000000000011111111111110111111111111111111111111101111111111111111111111111
188888888811111111101111101111111111111111111111110111111111111111111111111101111111111111111111111111
188888888881111111110111101111111111111111111111110111111111111111111111111011111111111111111111111111
188888888881111111110111101111111111111100000000000000000011111111111111000011111111111111111111111111
188888888888111111111011101111111111111101101110110111111100111100000000111011111111111111111111111111
188888888888811111111011101111111111111101101110110111111111000011111111111011111111111111111111111111
188888888888881111111011100000000000111101101110110111111111111111111111111011111111111111111111111111
188888888888888111111010011110111110111101101110110111111111111111111111111011111111111111111111111111
188888888888888811111101111110111111000000000000110111111111111111111111111011111111111111111111111111
188888888888888881111110111110000000111111100000000000000000000000000011111011111111111111111111111111
188888888888888888111111011111111100000000011111111111111111111111111100000011111111111111111111111111
188888888888888888811111011111000011111111111111111111111111111111111111111111111111111111111111111111
188888888888888888881111011110111111111111111111111111111111111111111111111111111111111111111111111111
188888888888888888888111100001111111111111111111111111111111111111111111111111111111111111111111111111
188888888888888888888811111111111111111111111111111111111111111111111111111111111111111111111111111111
144444444444444444444444444444444444444444444444444444444444444444444444444444444444444444444444444441
144444444444444444444444444444444444444444444444444444444444444444444444444444444444444444444444444441
144444444444444444444444444444444444444444444444444444444444444444444444444444444444444444444444444441
144444444444444444444444444444444444444444444444444444444444444444444444444444444444444444444444444441
144444444444444444444444444444444444444444444444444444444444444444444444444444444444444444444444444441
144444444444444444444444444444444444444444444444444444444444444444444444444444444444444444444444444441
144444444444444444444444444444444444444444444444444444444444444444444444444444444444444444444444444441
144444444444444444444444444444444444444444444444444444444444444444444444444444444444444444444444444441
144444444444444444444444444444444444444444444444444444444444444444444444444444444444444444444444444441
144444444444444444444444444444444444444444444444444444444444444444444444444444444444444444444444444441
111111111111111111111111111111111111111111111111111111111111111111111111111111111111111111111111111111