1111111111111111111111111111111111111111111111111111111111111111111111111111111111111111111111111111111111111111111111111111111111111111111111111111111111111111111111111111111111111111111111111111111111
1111111111111111111111111111111111111111111111111111111111111111111111111111111111111111111111111111111111111111111111111111111111111111111111111111111111111111111111111111111111111111111111111111111111
1111111111111111111111111111111111111111111111111111111111111111111111111111111111111111111111111111111111111111111111111111111111111111111111111111111111111111111111111111111111111111111111111111111111
1111111111111111111111111111111111111111111111111111111111111111111111111111111111111111111188888888888888888888881111111111111111111111111111111111111111111111111111111111111111111111111111111111111111
1111111111111111111111111111111111111111111111111111111111111111111111111111111111111888888811111111111111111111118111111111111111111111111111111111111111111111111111111111111111111111111111111111111111
1111111111111111111111111111111111111111111111111111111111111111111111111111118888888111111111111100000000000111111888111111111111111111111111111111111111111111111111111111111111111111111111111111111111
1111111111111111111111111111111111111111111111111111111111111111111111888888881100000000000000000011111111101000111111811111111111111111111111111111111111111111111111111111111111111111111111111111111111
1111111111111111111111111111111111111111111111111111111111111188888888111100000011111111111111111111111111101111000000088811111111111111111111111111111111111111111111111111111111111111111111111111111111
1111111111111111111111111111111111111111111111111111111888888811111100000001111101111111111111111111111111101111111011101188111111111111111111111111111111111111111111111111111111111111111111111111111111
1111111111111111111111111111111111111111111111118888888111111100000011111011111101111111111111111111111111101111111011110111881111111111111111111111111111111111111111111111111111111111111111111111111111
1111111111111111111111111111111111188888888888881111111111111011111111110111111110111111111111111111111111101111110111110011118811111111111111111111111111111111111111111111111111111111111111111111111111
1111111111111111111111111111188888811111111111111111111110000111111111101111111111011111111111111111111111101111101111101101111188111111111111111111111111111111111111111111111111111111111111111111111111
1111111111111111111111118888811111111111111111111110000001101111111111011111111111101111111111111111111111011111101111101110011111881111111111111111111111111111111111111111111111111111111111111111111111
1111111111111111111118881111111111111111111111111001111111011111111110111111111111101111111111111111111110111111101111011111101111118881111111111111111111111111111111111111111111111111111111111111111111
1111111111111111111188111111111111111111000000000111111110111111111101111111111110010111111111111111111110111111101111011111110111111118811111111111111111111111111111111111111111111111111111111111111111
1111111111111111118811111111111111111110111111111111111001111111111011111111111101111011111111111111100000111111101111011111111000111111188111111111111111111111111111111111111111111111111111111111111111
1111111111111111881111111111111111111101111111111111110110111111110111111111111011111101111111111111011110111111101110111111111101001111111881111111111111111111111111111111111111111111111111111111111111
1111111111111888111111111111111111110011111111111111101111011111101111111111110111111110111111111110111110111111101101111111111101110111111118881111111111111111111111111111111111111111111111111111111111
1111111111111811111111111111111110001111111111111111011111101110011111111111001111111111011111111101111110111111101101111111111101111011111111118811111111111111111111111111111111111111111111111111111111
1111111111881111111111111111111001011111111111111110111111110101101111111100111111111111101111110011111101111111101101111111111101111100011111111188811111111111111111111111111111111111111111111111111111
1111111188111111111111111111110111011111111111111101111111111011110111111011111111111111110111001111111101111111011101111111111101111111100011111111188111111111111111111111111111111111111111111111111111
1111118811111111111111111100001111011111111111110011111111110101111011110111111111111111110100111111111011111111011101111111111011111111111101111111111811111111111111111111111111111111111111111111111111
1111181111111111111111111011111111101111111111001111111111101110111101001111111111111111111011111111111011111111011101111111111011111111111110001111111181111111111111111111111111111111111111111111111111
1118111111111111111111100111111111110111111100111111111110011111011100111111111111111111110101111111111000001110111101111111111011111111111111110111111111811111111111111111111111111111111111111111111111
1181111111111111111110010111111111111011000011111111111101111111101010111111111111111111101110111111000011110000111101111111111011111111111111111011111111181111111111111111111111111111111111111111111111
1111111111111111111101110111111111111010111111111111111011111111100111011111111111111111011111011110110111111110000011111111111011111111111111111101111111118111111111111111111111111111111111111111111111
1111111111111111111011111011111111111101111111111111110111111111011111011111111111111000111111011101110111111110110100011111111011111111111111111110011111111811111111111111111111111111111111111111111111
1111111111111111000111111101111111111010111111111111001111111110111111101111111111110111111111010011110111111101110111100000000011111111111111111111101111111181111111111111111111111111111111111111111111
1111111111111110011111111101111111110111011111111100111111111101111111110111111111101111111111001111110111111011101111101111111011111111111111111111100111111111811111111111111111111111111111111111111111
1111111111111101011111111101111111101011011111111011111111111011111111111011111111110111111100101111110111110111101111101111111011111111111111111111011001111111181111111111111111111111111111111111111111
1111111111111101011111111101111111011011011111100011111111100111111111111011111111111011111011110111110111110111101111101111111011111111111111111100111110111111118111111111111111111111111111111111111111
1111111111111011011111111110111100111101101100011101111110011111111111111011111111111011110111111011101111110111101111101111111011111111111111110011111111011111111811111111111111111111111111111111111111
1111111111110111011111111111010011111110101011111110111101111111111111111101111111111101101111111011011111110111101111011111111011111111111111101111111111101111111181111111111111111111111111111111111111
1111111111101111011111111111101111111110110111111111011011111111111111111110111111111100000001111100111111101111011111011111111011111111111111011111111111110011111111811111111111111111111111111111111111
1111111111011111011111111111101111111111001111111111100111111111111111111111011111111011111110000000000000000000000000000000111011111111111110111111111111111101111111181111111111111111111111111111111111
1111111110111110011111111111101111111111011111111111011111111111111111111111101111100111111111111111111111011111111111011111000011111111111101111111111111111110111111118111111111111111111111111111111111
1111111110111001101111111111101111111110111111111000111111111111111111111111110110011111111111111111111111011111111111011111111011111111000011111111111111111111011111111811111111111111111111111111111111
1111111111010111110000000111110111100001111111110111111111111111111111111111111001111111111111111111111111011111111111011111111011111110111111111111111111111111100011111181111111111111111111111111111111
1111111111001111111100111011111011011111111111101111111111111111111111111111111011111111111111111111111111011111111111011111111011111001111111111111111111111111111101111111811111111111111111111111111111
1111111110101111111011111101111010111111111110011111111111111111111111111111111011111111111111111111111111011111111111011111111011110111111111111111111111111111111110111111181111111111111111111111111111
1111111101110111110111111110111101111111111101111111111111111111111111111111111011111111111111111111111111011111111111011111111011101111111111111111111111111111111111011111118111111111111111111111111111
1111111011110111101111111111001010111111111011111111111111111111111111111111111011111111111111111111111111011111111111011111111011011111111111111111111111111111111111101111118111111111111111111111111111
1111110111110110011111111111100110111111100111111111111111111111111111111111111101111111111111111111111111011111111111011111111010111111111111111111111111111111111111110011111811111111111111111111111111
1111101111110001111111111111011110111111011111111111111111111111111111111111111101111111111111111111111111000000000111011111111001111111111111111111111111111111111111111101111181111111111111111111111111
1110011111101101111111111110111111011110111111111111111111111111111111111111111110111111111111111111111110011111111011011111110011111111111111111111111111111111111111111110111118111111111111111111111111
1101111110011110111111110001111111101101111111111111111111111111111111111111111111011111111111111111111101011111111100011111100111111111111111111111111111100000000000000000011111811111111111111111111111
1110110001111110011111101111111111110011111111111111111111111111111111111111111111101111111111111111111011011111111111011111010111111111111111111111111111011111111111111111111111811111111111111111111111
1110001111111001101111011111111111110111111111111111111111111111111111111111111111101111111111111111110111011111111111011110110111111111111111111111111110111111111111111111111111181111111111111111111111
1110111111110111110100111111111111100111111111111111111111111111111111111111111111101111111111111111101111011111111111011101110111111111111111111111110001111111111111111111111111118111111111111111111111
1110111110001111000011111111111110011011111111111111111111111111111111111111111111101111111111111111011111011111111111011011110111111111111111111111101111111111111111111111111111111811111111111111111111
1110111101111110111101111111111001111101111111111111111111111111111111111111111111101111111111111110111111101111111111010111110111111111111111111111011111111111111111111111111111111811111111111111111111
1110111011111101111101111111100111111101111111111111111111111111111111111111111111110111111111111101111111101111111110001111110111111111111111111000111111111111111111111111111111111118111111111111111111
1110100111111011111110111111011111111101111111111111111111111111111111111111111111110111111111111011111111101111111101111111110111111111111110000111111111111111111111111111111111111118111111111111111111
1111011111110111111110111110111111111110111111111111111111111111111111111111111111110111111111100111111111101111111011111111111011111111111101111111111111111111111111111111111111111111181111111111111111
1111101111101111111111011001111111111111011111111111111111111111111111111111111111110111111111011111111111101111110111111111111011111111111011111111111111111111111111111111111111111111181111111111111111
1111110010011111111111010111111111111111101111111111111111111111111111111111111111110111111100111111111111110111101111111111111011100000000111111111111111111111111111111111111111111111118111111111111111
1111111101111111111100001111111111111111101111111111111111111111111111111111111111110111111011111111111111110111011111111111111010011111110111111111111111111111111111111111111111111111111811111111111111
1111111101111111111011110111111111111111101111111111111111111111111111111111111111111011110111111111111111110000111111111110000001111111110111111111111111111111111111111111111111111111111811111111111111
1111111101111111110111110111111111111111110111111111111111111111111111111111111111111011101111111000000000000000000000000001111011111111110111111111111111111111111111111111111111111111111811111111111111
1111111101111111101111110111111111111111111011111111111111111111111111111111111111111011011111100111111111111111111111101111111011111111110111111111111111111111111111111111111111111111111181111111111111
1111111110111110011111111011111111111111111011111111111111111111111111111111111111111010111100011111111111111111111111101111111011111111110111111111111111111111111111111111111111111111111181111111111111
1111111110111001111111111011111111111111111011111111111111111111111111111111111111000000000011111111111111111111111111101111111011111111110111111111111111111111111111111111111111111111111118111111111111
1111111110110111111111111011111111111111111011111111111111111111111111111111111000111101111111111111111111111111111111101111111101111111110111111111111111111111111111111111111111111111111111811111111111
1111111110101111111111111101111111111111111101111111111111111111111111110000000111111101111111111111111111111111111111101111111101111111110111111111111111111111111111111111111111111111111111181111111111
1111111111011111111111111110111111111111111110111111000000000000000000001111111111111110111111111111111111111111111111101111111101111111110111111111111111111111111111111111111111111111111111181111111111
1111111111011111111111111111011111111111111110100000110111111111101111111111111111111110111111111111111111111111111111101111111110111111110111111111111111111111111111111111111111111111111111118111111111
1111111111011111111111111111101111111000000000011011110111111111101111111111111111111110111111111111111111111111111111101111111110111111110111111111111111111111111111111111111111111111111111118111111111
1111111111011111111111111111101111100110111110111011110111111111101111111111111111111110111111111111111111111111111111101111111110111111111011111111111111111111111111111111111111111111111111111811111111
1111111111011111111111111111110111011101111110111011110111111111101111111111111111111110111111111111111111111111111111110111111110111111111011111111111111111111111111111111111111111111111111111811111111
1111111111011111111111111111000000111011111110111011111011111111101111111111111111111110111111111111111111111111111111110111111110111111111011111111111111111111111111111111111111111111111111111181111111
1111111111011111111111111000111111110111111110111011111011111111101111111111111111111110111111111111111111111111111111110111111110111111111101111111111111111111111111111111111111111111111111111181111111
1111111111011111111111110111111111101111111110111011111011111111101111111111111111111110111111111111111111111111111111110111111110111111111101111111111111111111111111111111111111111111111111111118111111
1111111111011111111111001111111111011111111100111011111011111111101111111111111111111111011111111111111111111111111111110111111110111111111101111111111111111111111111111111111111111111111111111118111111
1111111111101111100000111111111110111111111011000011111101111111101111111111111111111111011111111111111111111111111111110111111110111111111101111111111111111111111111111111111111111111111111111111811111
1111111111101000011111111111111101111111111011111000000001111111101111111111111111111111011111111111111111111111111111110111111110111111111101111111111111111111111111111111111111111111111111111111811111
1111111111100111111111111111111011111111111011111011111101111111101111111111111111111111011111111111111111111111111111110111111111011111111101111111111111111111111111111111111111111111111111111111811111
1111111111101111111111111111110111111111111011111011111101111111101111111111111111111111101111111111111111111111111111111011111111011111111101111111111111111111111111111111111111111111111111111111811111
1111111111101111111111111111101111111111111011110111111101111111110111111111111111111111101111111111111111111111111111111011111111011111111101111111111111111111111111111111111111111111111111111111811111
1111111111101111111111111110011111111111110111110111111101111111110111111111111111111111101111111111111111111111111111111011111111011111111101111111111111111111111111111111111111111111111111111111811111
1111111111101111111111111101111111111111110111110111111101111111110111111111111111111111101111111111111111111111111111111011111111011111111101111111111111111111111111111111111111111111111111111111811111
1111111111101111111111111011111111111111101111110111111101111111110111111111111111111111101111111111111111111111111111100111111111011111111101111111111111111111111111111111111111111111111111111111811111
1111111111101111111111110111111111111111011111101111111101111111111011111111111111111111101111111111111111111111111110011111111111011111111101111111111111111111111111111111111111111111111111111111811111
1111111111101111111111101111111111111111011111101111111101111111111011111111111111111111101111111111111111111111100001111111111111011111111101111111111111111111111111111111111111111111111111111111811111
1111111111101111111111011111111111111111011111101111111101111111111011111111111111111111101111111111111111111111011111111111111111011111111101111111111111111111111111111111111111111111111111111111811111
1111111111101111111110111111111111111111011111011110000001111111111011111111111111111111101111111111111111111111011111111111111110000000000001111111111111111111111111111111111111111111111111111111811111
1111111111101111111001111111111111111111000000000001111110111111111011111111111111111111101111111111111111111111011111111111100001111111111101111111111111111111111111111111111111111111111111111111811111
1111111111101111110111111111111111111111111111011111111110111111111011111111111111111111101111111111111111111110111111111111011111111111111101111111111111111111111111111111111111111111111111111111811111
1111111111101111101111111111111111111111111111101111111110111111111011111111111111111111101111111111111111111101111111000000111111111111111101111111111111111111111111111111111111111111111111111111811111
1111111111101111011111111111111111111111111111101111111110111111111011111111111111111111101111111111111111111011111000111111111111111111111101111111111111111111111111111111111111111111111111111118111111
1111111111101110111111111111111111111111111111101111111110111111111011111111111111111111101111111111111111110111000111111111111111111111111101111111111111111111111111111111111111111111111111111118111111
1111111111101101111111111111111111111111111111101111111110111111111011111111111111111111100000000000000000000000111111111111111111111111111011111111111111111111111111111111111111111111111111111118111111
1111111111101011111111111111111111111111111111101111111110111111111011111110000000000000001111111111111111110111111111111111111111111111111011111111111111111111111111111111111111111111111111111181111111
1111111111100111111111111111111111111111111111101111111110111111111000000001111111111111110111111111111111110111111111111111111111111111111011111111111111111111111111111111111111111111111111111181111111
1111111111100000000000000001111111111111111111101111111110111111111011111111111111111111110111111111111111111011111111111111111111111111111011111111111111111111111111111111111111111111111111111811111111
1111111111101111111111111110000000000000000000001111111111011111111011111111111111111111110111111111111111111011111111111111111111111111111011111111111111111111111111111111111111111111111111111811111111
1111111111101111111111111111111111111111111111110111111111011111111011111111111111111111110111111111111111111011111111111111111111111111111011111111111111111111111111111411111111111111111111118111111111
1111111111101111111111111111111111111111111111110111111111011111111011111111111111111111110111111111111111111011111111111111111111111111111011111111111111111111111111114444411111111111111111181111111111
1111111111110111111111111111111111111111111111111011111111011111111011111111111111111111110111111111111111111011111111111111111111111111111011111111111111111111111111144444444441111111111111181111111111
1111111111110111111111111111111111111111111111111011111111011111111101111111111111111111111011111111111111111101111111111111111111111111111011111111111111111111111111144444444444444111111111811111111111
1111111111111011111111111111111111111111111111111011111111011111111101111111111111111111111011111111111111111101111111111111111111111111111011111111111111111111111111144444444444444444411118111111111111
1111111111111101111111111111111111111111111111111011111111011111111101111111111111111111111011111111111111111101111111111111111111111111111011111111111111111111111111144444444444444444411118111111111111
1111111111111101111111111111111111111111111111111011111111011111111101111111111111111111111011111111111111111101111111111111111111111000000011111111111111111111111111444444444444444444111181111111111111
1111111111111101111111111111111111111111111111111011111111011111111110111111111111111111111011111111111111111101111111111111000000000111110111111111111111111111111111444444444444444444111181111111111111
1111111111111101111111111111111111111111111111111011000000011111111111011111111111111111111011111111111111111101000000000000111111111111101111111111111111111111111111444444444444444444111811111111111111
1111111111111101111111111111111111111111111111111010111111011111111111011111111111111111111011111111111000000000111111111111111111111111011111111111111111111111111114444444444444444441111811111111111111
1111111111111110111111111111111111111111111111111001111111011111111111011111111111111111111011111000000111111111111111111111111111111111011111111111111111111111111114444444444444444441118111111111111111
1111111111111111011111111111111111111111111111111111111111011111111111011111111111111111111000000111111111111111111111111111111111111110111111111111111111111111111114444444444444444441181111111111111111
1111111111111111011111111111111111111111111111111111111111011111111111011111111111111111111011111111111111111111111111111111111111111101111111111111111111111111111144444444444444444411181111111111111111
1111111111111111011111111111111111111111111111111111111111101111111111011111111111111111111011111111111111111111111111111111111111111011111111111111111111111111111144444444444444444411811111111111111111
1111111111111111011111111111111111111111111111111111111111110111111111011111111111111111111011111111111111111111111111111111111111110111111111111111111111111111111144444444444444444411811111111111111111
1111111111111111011111111111111111111111111111111111111111110111111111011111111111111111111011111111111111111111111111111111111111101111111111111111111111111111111444444444444444444118111111111111111111
1111111111111111101111111111111111111111111111111111111111110111111111011111111111111111111011111111111111111111111111111111111111011111111111111111111111111111111444444444444444444118111111111111111111
1111111111111111110111111111111111111111111111111111111111110111111111011111111111111111111011111111111111111111111111111111111110111111111111111111111111111111111444444444444444444444444444444411111111
1111111111111111110111111111111111111111111111111111111111110111111111011111111111111111111101111111111111111111111111111111111101111111111111111111111111111111114444444444444444444444444444444111111111
1111111111111111110111111111111111111111111111111111111111110111111111011111111111111111111101111111111111111111111111111111111011111111111111111111111111111111114444444444444444444444444444444111111111
1111111111111111111011111111111111111111111111111111111111110111111111011111111111111111111101111111111111111111111111111111110111111111111111111111111111111111114444444444444444444444444444441111111111
1111111111111111111011111111111111111111111111111111111111110111111111011111111111111111111101111111111111111111111111111111101111111111111111111111111111111111144444444444444444444444444444441111111111
1111111111111111111011111111111111111111111111111111111111110111111111011111111111111111111101111111111111111111111111111111011111111111111111111111111111111111144444444444444444444444444444441111111111
1111111111111111111101111111111111111111111111111111111111110111111111011111111111111111111101111111111111111111111111111110111111111111111111111111111111111111144444444444444444444444444444411111111111
1111111111111111111101111111111111111111111111111111111111110111111111011111111111111111111101111111111111111111111111111101111111111111111111111111111111111111444444444444444444444444444444411111111111
1111111111111111111101111111111111111111111111111111111111110111111111011111111111111111111101111111111111111111111111111011111111111111111111111111111111111111444444444444444444444444444444111111111111
1111111111111111111110111111111111111111111111111111111111110111111111011111111111111111111101111111111111111111111111110111111111111111111111111111111111111111444444444444444444444444444444111111111111
1111111111111111111111011111111111111111111111111111111111110111111111011111111111110000000001111111111111111111111111110111111111111111111111111111111111111114444444444444444444444444444441111111111111
1111111111111111111111011111111111111111111111111111111111110000000000000000000000001111111101111111111111111111111111101111111111111111111111111111111111111114444444444444444444444444444441111111111111
1111111111111111111111011111111111111111111111111111111111110111111111111111111111111111111101111111111111111111111111011111111111111111111111111111111111111114444444444444444444444444444441111111111111
1111111111111111111111011111111111111111111111111111111111110111111111111111111111111111111110111111111111111111111110111111111111111111111111111111111111111144444444444444444444444444444411111111111111
1111111111111111111111101111111111111111111111111111111111110111111111111111111111111111111110111111111111111111111101111111111111111111111111111111111111111144444444444444444444444444444411111111111111
1111111111111111111111101111111111111111111111111111111111110111111111111111111111111111111111011111111111111111111011111111111111111111111111111111111111111144444444444444444444444444444111111111111111
1111111111111111111111101111111111111111111111111111111111110111111111111111111111111111111111011111111111111111110111111111111111111111111111111111111111111444444444444444444444444444444111111111111111
1111111111111111111111110111111111111111111111111111111111110111111111111111111111111111111111101111111111111111101111111111111111111111111111111111111111111444444444444444444444444444444111111111111111
1111111111111111111111111011111111111111111111111111111111110111111111111111111111111111111111110111111111111111011111111111111111111111111111111111111111111444444444444444444444444444441111111111111111
1111111111111111111111111011111111111111111111111111111111110111111111111111111111111111111111110111111111111110111111111111111111111111111111111111111111114444444444444444444444444444441111111111111111
1111111111111111111111111101111111111111111111111111111111110111111111111111111111111111111111110111111111111101111111111111111111111111111111111111111111114444444444444444444444444444411111111111111111
1111111111111111111111111110111111111111111111111111111111110111111111111111111111111111111111110111111111111011111111111111111111111111111111111111111111114444444444444444444444444444411111111111111111
1111111111111111111111111111011111111111111111111111111111110111111111111111111111111111111111110111111111110100111111111111111111111111111111111111111111144444444444444444444444444444111111111111111111
1111111111111111111111111111011111111111111111111111111111110111111111111111111111111111111111110111111111101111001111111111111111111111111111111111111111144444444444444444444444444444111111111111111111
1111111111111111111111111111011111111111111111111111111111110111111111111111111111111111111111110111111111101111110011111111111111111111111111111111111111144444444444444444444444444444111111111111111111
1111111111111111111111111111011111111111111111111111111111110111111111111111111111111111111111110111111111011111111101111111111111111111111111111111111111444444444444444444444444444441111111111111111111
1111111111111111111111111111101111111111111111111111111111111011111111111111111111111111111111110111111110111111111011111111111111111111111111111111111111444444444444444444444444444441111111111111111111
1111111111111111111111111111110111111111111111111111111111111011111111111111111111111111111111110111111101111111110111111111111111111111111111111111111111444444444444444444444444444411111111111111111111
1111111111111111111111111111111011111111111111111111111111111011111111111111111111111111111111110111111011111111110111111111111111111111111111111111111114444444444444444444444444444411111111111111111111
1111111111111111111111111111111011111111111111111111111111111011111111111111111111111111111111110111110111111111101111111111111111111111111111111111111114444444444444444444444444444411111111111111111111
1111111111111111111111111111111101111111111111111111111111111101111111111111111111111111111111110111101111111111101111111111111111111111111111111111111114444444444444444444444444444111111111111111111111
1111111111111111111111111111111101111111111111111111111111111101111111111111111111111111111111110111011111111111101111111111111111111111111111111111111144444444444444444444444444444111111111111111111111
1111111111111111111111111111111101111111111111111111111111111101111111111111111111111111111111111010111111111111011111111111111111111111111111111111111144444444444444444444444444441111111111111111111111
1111111111111111111111111111111101111111111111111111111111111101111111111111111111111111111111111001111111111111011111111111111111111111111111111111111144444444444444444444444444441111111111111111111111
1111111111111111111111111111111101111111111111111111111111000000000000000000000000000000000011111001111111111111011111111111111111111111111111111111111444444444444444444444444444411111111111111111111111
1111111111111111111111111111111101111111111111111111110000111111111111111111111111111111111100000001111111111111011111111111111111111111111111111111111444444444444444444444444444411111111111111111111111
1111111111111111111111111111111110111111111111111111101111111111111111111111111111111111111111110110000111111110111111111111111111111111111111111111111444444444444444444444444444411111111111111111111111
1111111111111111111111111111111110111111111111111111011111111111111111111111111111111111111111101111111011111110111111111111111111111111111111111111114444444444444444444444444444111111111111111111111111
1111000000011111111111111111111110111111111111111100111111111111111111111111111111111111111111011111111100000110111111111111111111111111111111111111114444444444444444444444444444111111111111111111111111
1111011111100000000000000000001110111111111111111011111111111111111111111111111111111111111110111111111111111001111111111111111111111111111111111111114444444444444444444444444441111111111111111111111111
1111011111111111111111111111110000011111111111000111111111111111111111111111111111111111111101111111111111111101111111111111111111111111111111111111144444444444444444444444444441111111111111111111111111
1111011111111111111111111111111111000000000000111111111111111111111111111111111111111111111011111111111111111111111111111111111111111111111111111111144444444444444444444444444441111111111111111111111111
1111011111111111111111111111111111011000000001111111111111111111111111111111111111111111110111111111111111111111111111111111111111111111111111111111144444444444444444444444444411111111111111111111111111
1111011111111111111111111111111111011111111110001111111111111111111111111111111111111111101111111111111111111111111111111111111111111111111111111111144444444444444444444444444411111111111111111111111111
1111011111111111111111111111111110111111111111110000000000000000011111111111111111111111011111111111111111111111111111111111111111111111111111111111144444444444444444444444444411111111111111111111111111
1110111111111111111111111111111110111111111111111101111111111111100000001111111111111110111111111111111111111111111111111111111111111111111111111111144444444444444444444444444411111111111111111111111111
1110111111111111111111111111111110111111111111111101111111111111111101110000000000000000000000000111111111111111111111111111111111111111111111111111144444444444444444444444444411111111111111111111111111
1110111111111111111111111111111110111111111111111101111111111111111101111111111111111011111111111000111111111111111111111111111111111111111111111111144444444444444444444444444411111111111111111111111111
1110111111111111111111111111111110111111111111111101111111111111111101111111111111111011111111111111011111111111111111111111111111111111111111111111444444444444444444444444444411111111111111111111111111
1110111111111111111111111111111101111111111111111101111111111111111101111111111111111011111111111111000111111111111111111111111111111111111111111111444444444444444444444444444411111111111111111111111111
1110111111111111111111111111111011111111111111111101111111111111111101111111111111111011111111111111011000001111111111111111111111111111111111111111444444444444444444444444444411111111111111111111111111
1110111111111111111111111111111011111111111111111101111111111111111101111111111111110111111111111111011111110000000001111111111111111111111111111111444444444444444444444444444411111111111111111111111111
1110111111111111111111111111111011111111111111111101111111111111111101111111111111110111111111111111011111111111111101111111111111111111111111111111444444444444444444444444444411111111111111111111111111
1110111111111111111111111111111011111111111111111101111111111111111101111111111111110111111111111111011111111111111101111111111111111111111111111111444444444444444444444444444441111111111111111111111111
1101111111111111111111111111111011111111111111111101111111111111111101111111111111110111111111111111011111111111111101111111111111111111111111111114444444444444444444444444444444441111111111111111111111
1100001111111111111111111111111011111111111111111101111111111111111101111111111111110111111111111111011111111111111101111111111111111111111111111114444444444444444444444444444444444441111111111111111111
1111110000000000000000000000111011111111111111111011111111111111111101111111111111110111111111111111011111111111111011111111111111111111111111111114444444444444444444444444444444444444441111111111111111
1111111111111111111111111111001011111111111111111011111111111111111011111111111111110111111111111111011111111111111011111111111111111111111111111114444444444444444444444444444444444444444441111111111111
1111111111111111111111111111110011111111111111111011111111111111111011111111111111101111111111111111011111111111111011111111111111111111111111111114444444444444444444444444444444444444444444441111111111
1111111111111111111111111111111100111111111111111011111111111111111011111111111111101111111111111111011111111111111011111111111111111111111111111114444444444444444444444444444444444444444444444441111111
1111111111111111111111111111111111000001111111111011111111111111111011111111111111101111111111111111011111111111111011111111111111111111111111111144444444444444444444444444444444444444444444444444441111
1111111111111111111111111111111111111110000011111011111111111111111011111111111111101111111111111111011111111111111011111111111111111111111111111144444444444444444444444444444444444444444444444444444441
1111111111111111111111111111111111111111111100000000000000000111111011111111111111101111111111111111011111111111111011111111111111111111111111111144444444444444444444444444444444444444444444444444444441
1111111111111111111111111111111111111111111111111111111111111000000000111111111111101111111111111111011111111111111011111111111111111111111111111144444444444444444444444444444444444444444444444444444441
1111111111111111111111111111111111111111111111111111111111111111111111001111111111101111111111111111011111111111111011111111111111111111111111111144444444444444444444444444444444444444444444444444444441
1111111111111111111111111111111111111111111111111111111111111111111111110000000000000000011111111111011111111111111011111111111111111111111111111444444444444444444444444444444444444444444444444444444441
1111111111111111111111111111111111111111111111111111111111111111111111111111111111111111100011111110111111111111110111111111111111111111111111111444444444444444444444444444444444444444444444444444444441
1441111111111111111111111111111111111111111111111111111111111111111111111111111111111111111100000000001111111111110111111111111111111111111111111444444444444444444444444444444444444444444444444444444441
1444111111111111111111111111111111111111111111111111111111111111111111111111111111111111111111111111110000000111110111111111111111111111111111111444444444444444444444444444444444444444444444444444444441
1444444111111111111111111111111111111111111111111111111111111111111111111111111111111111111111111111111111111000000111111111111111111111111111111444444444444444444444444444444444444444444444444444444441
1444444444111111111111111111111111111111111111111111111111111111111111111111111111111111111111111111111111111111111111111111111111111111111111111444444444444444444444444444444444444444444444444444444441
1444444444444111111111111111111111111111111111111111111111111111111111111111111111111111111111111111111111111111111111111111111111111111111111114444444444444444444444444444444444444444444444444444444441
1444444444444444111111111111111111111111111111111111111111111111111111111111111111111111111111111111111111111111111111111111111111111111111111114444444444444444444444444444444444444444444444444444444441
1444444444444444444111111111111111111111111111111111111111111111111111111111111111111111111111111111111111111111111111111111111111111111111111114444444444444444444444444444444444444444444444444444444441
1444444444444444444444444444444444411111111111111111111111111111111111111111111111111111111111111111111111111111111111111111111111111111111111114444444444444444444444444444444444444444444444444444444441
1444444444444444444444444444444444444111111111111111111111111111111111111111111111111111111111111111111111111111111111111111111111111111111111114444444444444444444444444444444444444444444444444444444441
1444444444444444444444444444444444444441111111111111111111111111111111111111111111111111111111111111111111111111111111111111111111111111111111114444444444444444444444444444444444444444444444444444444441
1444444444444444444444444444444444444444411111111111111111111111111111111111111111111111111111111111111111111111111111111111111111111111111111144444444444444444444444444444444444444444444444444444444441
1444444444444444444444444444444444444444444111111111111111111111111111111111111111111111111111111111111111111111111111111111111111111111111111144444444444444444444444444444444444444444444444444444444441
1444444444444444444444444444444444444444444411111111111111111111111111111111111111111111111111111111111111111111111111111111111111111111111111144444444444444444444444444444444444444444444444444444444441
1444444444444444444444444444444444444444444441111111111111111111111111111111111111111111111111111111111111111111111111111111111111111111111111144444444444444444444444444444444444444444444444444444444441
1444444444444444444444444444444444444444444444111111111111111111111111111111111111111111111111111111111111111111111111111111111111111111111111144444444444444444444444444444444444444444444444444444444441
1444444444444444444444444444444444444444444444411111111111111111111111111111111111111111111111111111111111111111111111111111111111111111111111144444444444444444444444444444444444444444444444444444444441
1444444444444444444444444444444444444444444444441111111111111111111111111111111111111111111111111111111111111111111111111111111111111111111111444444444444444444444444444444444444444444444444444444444441
1444444444444444444444444444444444444444444444444444444444111111111111111111111111111111111111111111111111111111111111111111111111111111111111444444444444444444444444444444444444444444444444444444444441
1444444444444444444444444444444444444444444444444444444444444444444411111111111111111111111111111111111111111111111111111111111111111111111111444444444444444444444444444444444444444444444444444444444441
1444444444444444444444444444444444444444444444444444444444444444444444444444411111111111111111111111111111111111111111111111111111111111111111444444444444444444444444444444444444444444444444444444444441
1444444444444444444444444444444444444444444444444444444444444444444444444444444444444411111111111111111111111111111111111111111111111111111111444444444444444444444444444444444444444444444444444444444441
1444444444444444444444444444444444444444444444444444444444444444444444444444444444444444444441111111111111111111111111111111111111111111111111444444444444444444444444444444444444444444444444444444444441
1111111111111111111111111111111111111111111111111111111111111111111111111111111111111111111111111111111111111111111111111111111111111111111111111111111111111111111111111111111111111111111111111111111111