111111111111111111111111111111111111111111111111111111111111111111111111111111111111111111111111111111
111111111111111111111111111111111111111111111111111111111111111111111111111181111111111111111111111111
111111111111111111111111111111111111111111111111111111888888888888888888888810000000000000000000011111
111111111111111111111111111111111111111111111888888888111111111111111111111101101111111111111111100011
111111111111111111111111111111111111111111888111111111110011111111111111111011101111111111111111110011
111111111111111111111111111111111111111188111111111111001101111111111111110111110111111111111111101011
111111111111111111111111111111111111888811111111111110111110111000001111101111110111111111111110011011
111111111111111111111111111111118888111111111111111110111111000111110111011111111011111111111101111011
111111111111111111111111111888881111111111111111111110011111011111111010111111111011111111111011111011
111111111111111111111111118111111111111111111111111101101111101111111100000111111101111111110111111011
111111111111111111111111811111111111111111111110000011101111101111111011111001100011111111101111111011
111111111111111111111181111111111111111100000001111011101111101111110111111110000111111110011111111011
111111111111111111118111111111111111111011111101110111101111101000001111111110111001111101111111111011
111111111111111111181111111111111111100111111101110111101111100111110111111101111110000011111111111011
111111111111111111811111111111111110011111111110110111101111101111111011110011111111011111111111111011
111111111111111181111111111111111101111111111110110111101111101111111100000011111110111111111111111011
111111111111111811111111111111100011111111111110000000000000001111111111011101111101111111111111111011
111111111111118111111111111111000001111111111110110111101111100111111000111110111011111111111111111011
111111111111811111111111110000101110111111111110110111101111101000110111111111000011111111111111111011
111111111118111111111111101111101111000000000000000000001111101111001111111111110111111111111111111011
111111111181111111111000000001101111111111111111110111101111101111101111111111101111111111111111111011
111111111811111111110111101110001111111111111111110111101111101111101111111111011111111111111111111011
111111118111111111101111101111100000000111111111110111101111101111101111111110111111111111111111111011
111111118111111111011111101111101111111000000000000000000000000111011111111101111111111111111100000011
111111118111111110111111101111101111111111111111111111111111111000011111111011111111111111111011111111
111111118111111001111111101111101111111111111111111111111111111110100011110111111111111111110111111111
111111181111000111111111101111101111111111111111111111111111111110111101110111111111111111101111111111
111111181110111111111111101111011111111111111111111111111111111110111110000111111011111111011111111111
111111181001111111111111101111011111111111111111111111111111111110111111011011111000000000111111111111
111111811101111111111111101111011111111111111111111111111111111111011110111101111010101111111111111111
111111811110111111111111100000011111111111111111111111111111111111101101111110111010101111111111111111
111111811110111111111111101111011111111111111111111111111111111111110011111111011010101111111111111111
111111811111011111111111101111011111111111111111111111111111111111101111111111101010101111111111111111
111118111111011111111111101111011111111111111111111111111111111111011111111111110010101111111111111111
111118111111011111111111101111011111111111111111111111111111111110011111111111111000101111111111111111
111118111111011111111111100000011111111111111111111111111111111110101111111111111000000000111111111111
111181111111011111111111101111011111111111111111111111111111111101110111111111100111111011011111111111
111181111111011111111111101111011111111111111111111111111111111011111011111100011111110111101111111111
111181111111000000000000001111011111111111111111111111111111111011111101110011111111110111110111111111
111181111111011111111111101111011111111111111111111111111111110111111110001111111111101111111011111111
111181111111011111111111101111011000111111111111111111111111101011111100111111111111101111111101111111
111181111111011111111111101111011011000000000000001111111111011100100010111111111111011111111110111111
111181111111101111111111101111011011111111111111010000000000111111011110111111111111011111111111011111
111181111111101111111111101111011011111111111111011111101110011110111101111111111111011111111111101111
111181111111110111111111101111011011111111111111011111011110101101111101111111111111011111111111110111
111181111111110111111111101111000000000000000000011111011101110011111101111111111111011111111111111011
111181111111110111111111101111111111111111111111000000111001111011111011111111111110111111111111111011
111181111111111011111111101111111111111111111111011101110110110111110011111111111101111111111111110111
111181111111111011111111011111111111111111111110111011101111001111110100000111111101111111111111110111
111181111111111101111111011111111111111111111110111011101111101111110111111000000001111111111111110111
111181110000000000000000000000000011111111111110011011011111110111101111111101111100011111111111110111
111181101111111110111111011111110100001111111110100011011111111011101111111011111011100111111111110111
111181011111111110111111011111110111110011111110111011011111111101101111111011111011111000000011101111
111181011111111110111111011111110111111011111110110111011111111110011111111011111011111111111100001111
111181011111111110111111011111110111111011111110110111011111111110111111111000000011111111111111101111
111181101111111110111111011111110111111000000000000111011111111111011111111011111011111111111111111111
111181101111111110111111011111110111111111111111110011011111111111100111110111110111111111111111111111
111181101111111110111111011111111010001111111111111100011111111111011000000111110111111111111111111111
111181101111111110111111011100000001101111111111111110111111111111011111110111101111111111111111111111
111181110111111110000000000011111111101111111111111101111111111110111111111011011111111111111111111111
111181110111111111111111101111111111101111111111111011111111111101111111111101011111111111111111111111
111118110111111111111111101111111111101111111111111011111111111101111111111100111111111111111111111111
111118111011111111111111101111111111101111111111111011111100011011111111111100111111111111111111111111
111118111011111111111111101111111111101111111111111011111011100111000000000000111111111111111111111111
111111811101111111111111101111111111101111111111100001110111101110111111111110111111111111111111111111
111111811101111111111111101111111111101111000000011010110111011101111111111110111111111111111111111111
111111811101111111111111101111111111100000011111111011000000011101111111111111011111111111111111111111
111111181110111111111111101111111111001111101111111011110111000011111111111111101111111111111111111111
111111181110111111111111100000000000101111110111110111110111111000000000000000001111111111111111111111
111111181111011111111111101111111111101111110000000111110111110111111011111111011111111111111111111111
111111181111011111111111101111111111101111111111110111110111101111110111111111011111111111111111111111
111111181111011111111111101111111111101111111111110111110111101111110111111111011111111111111111111111
111111118111011111111111101111111111101111111111110111110111101111110111111111011111111111111111111111
111111118111101111111111101111111111101111111111110111110111011111110111111111011111111111111111111111
111111118111110111111111101111111111101111111111110000000000000000101111111111011111111111111111111111
111111118111110111111111101110000000001111111111110111111111111111001111111110111111111111111111111111
111111111811111011111111100001111111111111111111110111111111111111111111111110111111111111111111111111
111111111811111101111111101111111111111111111111110111111111111111111111111110111111111111111111111111
111111111181111110111111101111111111111111111111110111111111111111111111111101111111111111111111111111
111111111181111111011111110111111111111100000000000111111111111110000000000011111111111111111111111111
111111111118111111101111110111111111111101101110110000111111111001111111111011111111111111111111111111
111111111111811111110111110111111111111101101110110111000000000111111111111011111111111111111111111111
111111111111181111110111100000000000111101101110110111111111111111111111111011111111111111111111111111
111111111111118111111010011110111111011101101110110111111111111111111111111011111111111111111111111111
111111111111111811111101111110111111000000000000110111111111111111111111111011111111111111111111111111
111111111111111181111110111110000000111111000000000000001111111111111111111011111111111111111111111111
111111111111111118111110111111111110000000111111111111110000000000000000000011111111111111111111111111
111111111111111111811111011111111101111111111111111111111111111111111111111111111111111111111111111111
111111111111111111181111010000000011111111111111111111111111111111111111111111111111111111111111111111
111111111111111111118111101111111111111111111111111111111111111111111111111111111111111111111111111111
111111111111111111111811111111111111111111111111111111111111111111111111111111111111111111111111111111
144444444444444444444444444444444444444444444444444444444444444444444444444444444444444444444444444441
144444444444444444444444444444444444444444444444444444444444444444444444444444444444444444444444444441
144444444444444444444444444444444444444444444444444444444444444444444444444444444444444444444444444441
144444444444444444444444444444444444444444444444444444444444444444444444444444444444444444444444444441
144444444444444444444444444444444444444444444444444444444444444444444444444444444444444444444444444441
144444444444444444444444444444444444444444444444444444444444444444444444444444444444444444444444444441
144444444444444444444444444444444444444444444444444444444444444444444444444444444444444444444444444441
144444444444444444444444444444444444444444444444444444444444444444444444444444444444444444444444444441
144444444444444444444444444444444444444444444444444444444444444444444444444444444444444444444444444441
144444444444444444444444444444444444444444444444444444444444444444444444444444444444444444444444444441
111111111111111111111111111111111111111111111111111111111111111111111111111111111111111111111111111111