111111111111111111111111111111111111111111111111111111111111111111111111111111111111111111111111111111
111111111111111111111111111111111111111111111111111111111111111111111111111181111111111111111111111111
111111111111111111111111111111111111111111111111111111888888888888888888888811000000000111111111111111
111111111111111111111111111111111111111111111888888888111111111111111111111100011111111000000000000011
111111111111111111111111111111111111111111888111111111100011111111111111111011101111111111111111110011
111111111111111111111111111111111111111188111111111111011101111111111111110111101111111111111111001011
111111111111111111111111111111111111888811111111111110111110111111101111101111101111111111111110111011
111111111111111111111111111111118888111111111111111100111111000000010111011111110111111111111101111011
111111111111111111111111111888881111111111111111111101011111011111111010111111111011111111111011111011
111111111111111111111111118111111111111111111111111101101111011111111100011111111101111111110111111011
111111111111111111111111811111111111111111111110000011101111011111111011100111100011111110001111111011
111111111111111111111181111111111111111111111101111011101111101111110111111000000111111101111111111011
111111111111111111118111111111111111111000000001111011101111100000001111111101111000110011111111111011
111111111111111111181111111111111110000111111101111011101111101111110000111011111111001111111111111011
111111111111111111811111111111111101111111111101111011101111101111111111010111111111011111111111111011
111111111111111181111111111111111011111111111110110111101111101111111111101111111110111111111111111011
111111111111111811111111111111000111111111111110000000000000000111111110010001111110111111111111111011
111111111111118111111111111110101001111111111110110111101111101000111101111110001101111111111111111011
111111111111811111111111110001101110001111111110110111101111101111010011111111110011111111111111111011
111111111118111111111111101111101111110000000000000000001111101111101111111111110111111111111111111011
111111111181111111111110000111101111111111111111110111101111101111101111111111101111111111111111111011
111111111811111111111101101000001111111111111111110111101111101111011111111111011111111111111111111011
111111118111111111110011101111100000000000000111110111101111101111011111111110111111111111111111111011
111111118111111110001111101111101111111111111000000000000000000011011111111101111111111111111111100011
111111118111111101111111101111101111111111111111111111111111111100111111111011111111111111111111011111
111111118111110011111111101111101111111111111111111111111111111110001111111011111111111111110000111111
111111181111101111111111101111101111111111111111111111111111111110110001110111111111111100001111111111
111111181110011111111111101111101111111111111111111111111111111110111110001111111001111011111111111111
111111181001111111111111101111101111111111111111111111111111111110111111010111111010000111111111111111
111111811011111111111111101111011111111111111111111111111111111111011110111011111010101111111111111111
111111811011111111111111100000011111111111111111111111111111111111101001111101111010101111111111111111
111111811011111111111111101111011111111111111111111111111111111111110111111110111010101111111111111111
111111811101111111111111101111011111111111111111111111111111111111101111111111011010101111111111111111
111118111101111111111111101111011111111111111111111111111111111111011111111111101010101111111111111111
111118111101111111111111100000011111111111111111111111111111111110111111111111110000101111111111111111
111118111101111111111111101111011111111111111111111111111111111101011111111111111110000001111111111111
111181111101111111111111101111011111111111111111111111111111111101101111111111111101111100111111111111
111181111110111111111111101111011111111111111111111111111111111011110111110000000011111011001111111111
111181111110111111110000001111011111111111111111111111111111111011111001001111111111111011110111111111
111181111111000000001111101111011111111111111111111111111111110111111110111111111111110111111011111111
111181111111011111111111101111011000000000000011111111111111101011111101111111111111110111111101111111
111181111111011111111111101111011011111111111100000001111111011100111001111111111111110111111110111111
111181111111011111111111101111011011111111111111011110000000111111000101111111111111110111111111011111
111181111111101111111111101111011011111111111111011111011110011110111011111111111111101111111111101111
111181111111110111111111101111011011111111111111011111011101101101111011111111111111011111111111110111
111181111111110111111111101111000000000000000000011110111101110011111011111111111110111111111111111011
111181111111110111111111101111111111111111111111000000111011110111110111111111111110111111111111111011
111181111111110111111111101111111111111111111111011110111000110111110001111111111110111111111111111011
111181111111111011111111011111111111111111111111011101110111001111110110000011111101111111111111111011
111181111111111011111111011111111111111111111110111101110111101111101111111100000101111111111111110111
111181111111000000000000000000000001111111111110000101110111110111101111111101111000000001111111110111
111181111000111101111111011111111010000111111110111011101111111011101111111101111101111110111111110111
111181000111111101111111011111111011111011111110111011101111111011101111111101111101111111001111101111
111181011111111101111111011111111011111011111110111011101111111101011111111011111011111111110000101111
111181011111111101111111011111111011111011111110110111101111111110111111111000000011111111111111001111
111181011111111101111111011111111011111000000000000111101111111111011111111011111011111111111111111111
111181011111111110111111101111111011111111111111110001101111111111100001110111111011111111111111111111
111181101111111110111111101111111011001111111111111110011111111111011110000111110111111111111111111111
111181110111111110111111101000000000101111111111111110111111111110111111110111101111111111111111111111
111181110111111110000000000111111111101111111111111110111111111101111111111011011111111111111111111111
111181110111111111111111101111111111101111111111111110111111111011111111111011011111111111111111111111
111118110111111111111111101111111111101111111111111101111111110111111111111101011111111111111111111111
111118111011111111111111101111111111101111111111111101111100000111111111111110111111111111111111111111
111118111101111111111111101111111111101111111111111011111101110111000000000000111111111111111111111111
111111811110111111111111101111111111101111110000000000111011110111011111111110111111111111111111111111
111111811111011111111111101111111111101110001111111011010111101111011111111111011111111111111111111111
111111811111101111111111101111111111101101011111111011100111101110111111111111101111111111111111111111
111111181111101111111111101000000000000011011111110111110000001101111111111111101111111111111111111111
111111181111101111111111100111111111101111101111110111110111110000000000000000001111111111111111111111
111111181111101111111111101111111111101111110000000111110111110111111101111111101111111111111111111111
111111181111101111111111101111111111101111111111110111110111110111111101111111101111111111111111111111
111111181111110111111111101111111111101111111111110111110111110111111101111111101111111111111111111111
111111118111111011111111101111111111101111111111110111110111110111111101111111011111111111111111111111
111111118111111101111111101111111111101111111111110111110111101111111011111111011111111111111111111111
111111118111111101111111101111111111101111111111110000000000000000110111111110111111111111111111111111
111111118111111101111111101111111100001111111111110111111111111111001111111101111111111111111111111111
111111111811111101111111100000000011111111111111110111111111111111111111111011111111111111111111111111
111111111811111110111111101111111111111111111111110111111111111111111111111011111111111111111111111111
111111111181111111011111101111111111111111111111110111111111111111111111111011111111111111111111111111
111111111181111111101111101111111111111100000000000000001111111111111111000011111111111111111111111111
111111111118111111110111101111111111111101101110110111110001110000000000111011111111111111111111111111
111111111111811111111011110111111111111101101110110111111110001111111111111011111111111111111111111111
111111111111181111111011000000000000111101101110110111111111111111111111111011111111111111111111111111
111111111111118111111100111110111110111101101110110111111111111111111111111011111111111111111111111111
111111111111111811111101111110000000000000000000110111111111111111111111111011111111111111111111111111
111111111111111181111101111110111111111100000000000000000000001111111111111011111111111111111111111111
111111111111111118111101111111111111100011111111111111111111110000000000000011111111111111111111111111
111111111111111111811110111111100000011111111111111111111111111111111111111111111111111111111111111111
111111111111111111181111011110011111111111111111111111111111111111111111111111111111111111111111111111
111111111111111111118111100001111111111111111111111111111111111111111111111111111111111111111111111111
111111111111111111111811111111111111111111111111111111111111111111111111111111111111111111111111111111
144444444444444444444444444444444444444444444444444444444444444444444444444444444444444444444444444441
144444444444444444444444444444444444444444444444444444444444444444444444444444444444444444444444444441
144444444444444444444444444444444444444444444444444444444444444444444444444444444444444444444444444441
144444444444444444444444444444444444444444444444444444444444444444444444444444444444444444444444444441
144444444444444444444444444444444444444444444444444444444444444444444444444444444444444444444444444441
144444444444444444444444444444444444444444444444444444444444444444444444444444444444444444444444444441
144444444444444444444444444444444444444444444444444444444444444444444444444444444444444444444444444441
144444444444444444444444444444444444444444444444444444444444444444444444444444444444444444444444444441
144444444444444444444444444444444444444444444444444444444444444444444444444444444444444444444444444441
144444444444444444444444444444444444444444444444444444444444444444444444444444444444444444444444444441
111111111111111111111111111111111111111111111111111111111111111111111111111111111111111111111111111111