111111111111111111111111111111111111111111111111111111111111111111111111111111111111111111111111111111
111111111111111111111111111111111111111111111111111111111111111111111111111181111111111111111111111111
111111111111111111111111111111111111111111111111111111888888888888888888888810000001111111111111111111
111111111111111111111111111111111111111111111888888888111111111111111111111101101110000000000000000011
111111111111111111111111111111111111111111888111111111110011111111111111111011110111111111111111110011
111111111111111111111111111111111111111188111111111111101101111111111111110111111011111111111111101011
111111111111111111111111111111111111888811111111111110011110111000001111101111111011111111111111011011
111111111111111111111111111111118888111111111111111101011111000111110111011111111011111111111100111011
111111111111111111111111111888881111111111111111111011101111101111111010111111111011111111111011111011
111111111111111111111111118111111111111111111111111011101111101111111101111111111101111111110111111011
111111111111111111111111811111111111111111111111000011101111101111111010000001100011111111001111111011
111111111111111111111181111111111111111111000000110111101111101111110111111110000001111110111111111011
111111111111111111118111111111111111100000111101110111101111101111100111111110111110010001111111111011
111111111111111111181111111111111110011111111101110111101111100000011001111001111111101111111111111011
111111111111111111811111111111111001111111111101110111101111101111111110010111111111011111111111111011
111111111111111181111111111111110111111111111101110111101111101111111111000111111110111111111111111011
111111111111111811111111111111101111111111111110000000000000000011111100111011111101111111111111111011
111111111111118111111111111110000111111111111110110111101111101101111011111100000011111111111111111011
111111111111811111111111111001101000111111111110110111101111101110110111111111111011111111111111111011
111111111118111111111111100111101111000000000000000000001111101111001111111111110111111111111111111011
111111111181111111111111000011101111111111111111110111101111101111011111111111101111111111111111111011
111111111811111111111110101100001111111111111111110111101111101111011111111111011111111111111111111011
111111118111111111111101101111100000011111111111110111101111101110111111111110111111111111111111111011
111111118111111111111011101111101111100000000000000000000000000110111111111101111111111111111111111011
111111118111111111110111101111101111111111111111111111111111111000111111111011111111111111111111110111
111111118111111111101111101111101111111111111111111111111111111110001111110111111111111111111111001111
111111181111000000011111101111101111111111111111111111111111111110110111110111111111111111110000111111
111111181110111111111111101111101111111111111111111111111111111110111000001111111011111100001111111111
111111181001111111111111101111101111111111111111111111111111111110111111010111111000000011111111111111
111111811011111111111111100000011111111111111111111111111111111111011100111011111010101111111111111111
111111811011111111111111101111011111111111111111111111111111111111101011111100111010101111111111111111
111111811011111111111111101111011111111111111111111111111111111111110111111111011010101111111111111111
111111811011111111111111101111011111111111111111111111111111111111101111111111101010101111111111111111
111118111011111111111111101111011111111111111111111111111111111111011111111111110010101111111111111111
111118111101111111111111100011011111111111111111111111111111111110111111111111111000101111111111111111
111118111101111111111111101100011111111111111111111111111111111101001111111111111100000001111111111111
111181111101111111111111101111011111111111111111111111111111111101110111111111111011111100111111111111
111181111110111111111111101111011111111111111111111111111111111011111011111100000111111101011111111111
111181111111011000000000001111011111111111111111111111111111111011111101000011111111111011101111111111
111181111111000111111111101111011111111111111111111111111111110111111100111111111111110111110011111111
111181111111101111111111101111011000000001111111111111111111101011111010111111111111110111111101111111
111181111111101111111111101111011011111110000000000000111111011100110110111111111111110111111110111111
111181111111110111111111101111011011111111111111011111000000111111001110111111111111101111111111011111
111181111111110111111111101111011011111111111111011111011110011110111101111111111111011111111111101111
111181111111110111111111011111011011111111111111011111011110101101111011111111111111011111111111110111
111181111111111011111111011111000000000000000000001110111101110011110111111111111110111111111111111011
111181111111111101111111011111111111111111111111010000111011110111110111111111111101111111111111111011
111181111111111101111111011111111111111111111111011110110100001111110011111111111101111111111111110111
111181111111111101111111011111111111111111111111011101110111101111101100000111111101111111111111110111
111181111111111101111111011111111111111111111110111101110111110111101111111000001101111111111111110111
111181111111111000000000000000000011111111111110011011110111111011101111111101110000011111111111110111
111181111111100101111111011111110100111111111110100011110111111011101111111101111101101111111111101111
111181000000011101111111011111110111000011111110111011101111111011011111111011111101110000000011101111
111181101111111101111111011111110111111011111110111011011111111100111111111011111011111111111101101111
111181110111111101111111011111110111111011111110111011011111111110111111111000000011111111111110001111
111181110111111101111111101111110111111000000000010111011111111111011111111011111011111111111111111111
111181111011111101111111101111110111111111111111100001011111111111101111110111111011111111111111111111
111181111011111101111111101111110110001111111111111110011111111111010000000111110111111111111111111111
111181111011111101111111101100000001101111111111111111011111111111011111110111101111111111111111111111
111181111011111110000000000011111111101111111111111110111111111110111111110111101111111111111111111111
111181111101111111111111101111111111101111111111111110111111111101111111110111101111111111111111111111
111118111101111111111111101111111111101111111111111110111111111011111111111011011111111111111111111111
111118111101111111111111101111111111101111111111111101111100010111111111111101011111111111111111111111
111118111110111111111111101111111111101111111000000011111011100111000000000000111111111111111111111111
111111811111011111111111101111111111101111100111111001111011110110111111111111011111111111111111111111
111111811111101111111111101111111111101100011111111010111011101101111111111111011111111111111111111111
111111811111110111111111101111111111100011101111111011000000011011111111111111011111111111111111111111
111111181111111011111111101111111111001111110111111011110111000011111111111111011111111111111111111111
111111181111111101111111100000000000101111110111110111110111111000000000000000001111111111111111111111
111111181111111101111111101111111111101111110000000111110111110111111011111111011111111111111111111111
111111181111111101111111101111111111101111111111110111110111101111110111111111011111111111111111111111
111111181111111110111111101111111111101111111111110111110111101111110111111110111111111111111111111111
111111118111111111011111101111111111101111111111110111110111011111110111111110111111111111111111111111
111111118111111111101111101111111111101111111111110111110111011111110111111110111111111111111111111111
111111118111111111101111101111111111101111111111110000000000001111110111111110111111111111111111111111
111111118111111111101111101000000000001111111111110111111111110000001111111110111111111111111111111111
111111111811111111101111100111111111111111111111110111111111111111111111111101111111111111111111111111
111111111811111111110111101111111111111111111111110111111111111111111111111101111111111111111111111111
111111111181111111111011110111111111111111111111110111111111111111111111111101111111111111111111111111
111111111181111111111011110111111111111100000000000000000001111111111111000011111111111111111111111111
111111111118111111111011110111111111111101101110110111111110111000000000111011111111111111111111111111
111111111111811111111101110111111111111101101110110111111111000111111111111011111111111111111111111111
111111111111181111111101110000000000111101101110110111111111111111111111111011111111111111111111111111
111111111111118111111100001110111110111101101110110111111111111111111111111011111111111111111111111111
111111111111111811111101111110110000000000000000110111111111111111111111111011111111111111111111111111
111111111111111181111110111110001111111110000000000000000000000011111111111011111111111111111111111111
111111111111111118111111011111111111111001111111111111111111111100000000000011111111111111111111111111
111111111111111111811111011111110000000111111111111111111111111111111111111111111111111111111111111111
111111111111111111181111011111101111111111111111111111111111111111111111111111111111111111111111111111
111111111111111111118111100000011111111111111111111111111111111111111111111111111111111111111111111111
111111111111111111111811111111111111111111111111111111111111111111111111111111111111111111111111111111
144444444444444444444444444444444444444444444444444444444444444444444444444444444444444444444444444441
144444444444444444444444444444444444444444444444444444444444444444444444444444444444444444444444444441
144444444444444444444444444444444444444444444444444444444444444444444444444444444444444444444444444441
144444444444444444444444444444444444444444444444444444444444444444444444444444444444444444444444444441
144444444444444444444444444444444444444444444444444444444444444444444444444444444444444444444444444441
144444444444444444444444444444444444444444444444444444444444444444444444444444444444444444444444444441
144444444444444444444444444444444444444444444444444444444444444444444444444444444444444444444444444441
144444444444444444444444444444444444444444444444444444444444444444444444444444444444444444444444444441
144444444444444444444444444444444444444444444444444444444444444444444444444444444444444444444444444441
144444444444444444444444444444444444444444444444444444444444444444444444444444444444444444444444444441
111111111111111111111111111111111111111111111111111111111111111111111111111111111111111111111111111111