0   9.9
1   9.9
2   9.9
3   9.8
4   9.8
5   9.8
6   9.7
7   9.7
8   9.7
9   9.5
10  9.4
11  9.3
12  9.3
13  9.2
14  9.2
15  9.1
16  9.1
17  9.0
18  9.0
19  8.8
20  8.7
21  8.7
22  8.6
23  8.5
24  8.5
25  8.4
26  8.4
27  8.2
28  8.2
29  8.1
30  8.1
31  8.0
32  7.9
33  7.8
34  7.8
35  7.7
36  7.4
37  7.4
38  7.4
39  7.2
40  7.1
41  7.0
42  7.0
43  7.0
44  7.0
45  6.9
46  6.7
47  6.6
48  6.5
49  6.5
50  6.4
51  6.2
52  6.2
53  6.1
54  5.7
55  5.7
56  5.7
57  5.7
58  5.6
59  5.5
60  5.4
61  5.3
62  5.2
63  5.1
64  5.1
65  5.1
66  5.1
67  4.9
68  4.9
69  4.9
70  4.8
71  4.7
72  4.5
73  4.5
74  4.4
75  4.1
76  4.1
77  4.0
78  3.9
79  3.9
80  3.8
81  3.7
82  3.6
83  3.6
84  3.5
85  3.5
86  3.4
87  3.3
88  3.3
89  3.3
90  3.3
91  3.2
92  3.2
93  3.2
94  3.1
95  3.0
96  3.0
97  3.0
98  2.9
99  2.9
100 2.8
101 2.6
102 2.6
103 2.5
104 2.4
105 2.3
106 2.2
107 2.1
108 2.0
109 1.9
110 1.9
111 1.9
112 1.8
113 1.7
114 1.6
115 1.4
116 1.4
117 1.3
118 1.2
119 1.1
120 1.1
121 1.1
122 0.9
123 0.9
124 0.8
125 0.6
126 0.6
127 0.5
128 0.5
129 0.4
130 0.3
131 0.2
132 0.2
133 0.2
134 0.1
