距離:[278.0, 133.0, 124.0, 220.0, 214.0, 138.0, 188.0, 123.0, 115.0, 205.0, 171.0, 156.0, 125.0, 216.0, 155.0, 136.0, 183.0, 179.0, 190.0, 86.0, 138.0, 150.0, 90.0, 101.0, 86.0, 201.0, 193.0, 166.0, 163.0, 162.0, 119.0, 154.0, 192.0, 168.0, 125.0, 189.0, 120.0, 145.0, 211.0, 226.0, 190.0, 170.0, 113.0, 130.0, 206.0, 172.0, 109.0, 156.0, 117.0, 156.0, 194.0, 218.0, 142.0, 192.0, 122.0, 106.0, 155.0, 107.0, 166.0, 183.0, 136.0, 203.0, 96.0, 197.0, 204.0, 136.0, 124.0, 196.0, 104.0, 190.0, 107.0, 186.0, 167.0, 112.0, 138.0, 102.0, 203.0, 90.0, 191.0, 131.0, 207.0, 101.0, 152.0, 251.0, 158.0, 116.0, 221.0, 92.0, 180.0, 107.0, 182.0, 189.0, 102.0, 210.0, 130.0, 178.0, 164.0, 99.0, 154.0, 166.0, 197.0, 99.0, 118.0, 107.0, 196.0, 207.0, 182.0, 226.0, 208.0, 128.0, 78.0, 198.0, 105.0, 126.0, 214.0, 121.0, 203.0, 158.0, 106.0, 92.0, 137.0, 146.0, 197.0]
標高:[6.164, 4.391, 5.078, 6.218, 6.524, 4.378, 6.875, 3.809, 5.926, 5.811, 6.384, 4.927, 4.808, 4.309, 4.83, 4.322, 6.428, 6.593, 5.357, 4.751, 4.845, 4.967, 4.733, 4.808, 4.74, 5.492, 5.995, 4.459, 4.361, 5.04, 4.69, 4.786, 6.823, 5.121, 4.239, 5.844, 5.313, 6.265, 5.768, 6.237, 6.765, 5.134, 3.823, 5.304, 6.332, 4.558, 5.274, 4.913, 3.863, 4.933, 5.372, 6.483, 4.899, 5.363, 4.058, 4.856, 4.594, 4.939, 4.464, 6.725, 5.917, 5.696, 4.877, 6.188, 6.942, 4.218, 4.238, 6.656, 4.852, 4.797, 6.195, 5.757, 4.273, 4.094, 4.384, 5.3, 6.691, 4.723, 5.289, 4.15, 6.27, 5.352, 5.039, 5.456, 5.173, 4.125, 6.525, 4.907, 5.655, 4.962, 4.797, 5.981, 4.989, 6.351, 5.363, 5.108, 5.055, 4.793, 5.68, 5.283, 6.686, 4.769, 4.686, 5.466, 5.213, 6.231, 6.259, 6.143, 6.328, 5.827, 5.0, 6.72, 4.937, 5.928, 6.887, 5.994, 6.703, 5.158, 5.258, 4.741, 4.288, 6.153, 6.062]
河川:[33.849, 40.857, 35.71, 32.359, 29.832, 43.63, 24.676, 45.447, 26.922, 35.2, 29.766, 40.372, 39.16, 44.431, 40.748, 42.228, 29.24, 28.508, 36.716, 33.221, 40.203, 39.78, 36.822, 37.05, 33.395, 36.119, 33.839, 43.717, 43.687, 39.574, 39.756, 40.883, 26.542, 39.048, 43.728, 35.079, 34.75, 27.952, 35.559, 31.956, 27.063, 38.8, 44.274, 35.538, 31.141, 43.058, 33.633, 41.032, 43.966, 40.276, 37.84, 29.968, 40.085, 38.047, 44.262, 37.198, 42.71, 36.505, 43.627, 25.831, 30.279, 36.182, 35.677, 32.345, 25.495, 43.978, 43.871, 28.204, 37.452, 42.232, 25.626, 35.672, 44.593, 42.973, 43.522, 30.853, 28.049, 36.989, 37.539, 44.237, 31.715, 30.317, 39.289, 36.841, 38.044, 42.707, 29.471, 32.837, 34.689, 36.393, 41.385, 33.646, 34.676, 31.176, 33.362, 39.697, 39.311, 37.465, 33.24, 37.41, 27.335, 37.586, 40.0, 30.822, 38.587, 32.029, 31.313, 32.951, 31.471, 30.82, 32.09, 27.758, 36.743, 29.587, 26.126, 26.818, 27.99, 38.12, 33.5, 36.543, 43.387, 28.822, 33.188]

距離:[278.0, 133.0, 124.0, 220.0, 214.0, 138.0, 188.0, 123.0, 115.0, 205.0, 171.0, 156.0, 125.0, 216.0, 155.0, 136.0, 183.0, 179.0, 190.0, 86.0, 138.0, 150.0, 90.0, 101.0, 86.0, 201.0, 193.0, 166.0, 163.0, 162.0, 119.0, 154.0, 192.0, 168.0, 125.0, 189.0, 120.0, 145.0, 211.0, 226.0, 190.0, 170.0, 113.0, 130.0, 206.0, 172.0, 109.0, 156.0, 117.0, 156.0, 194.0, 218.0, 142.0, 192.0, 122.0, 106.0, 155.0, 107.0, 166.0, 183.0, 136.0, 203.0, 96.0, 197.0, 204.0, 136.0, 124.0, 196.0, 104.0, 190.0, 107.0, 186.0, 167.0, 112.0, 138.0, 102.0, 203.0, 90.0, 191.0, 131.0, 207.0, 101.0, 152.0, 251.0, 158.0, 116.0, 221.0, 92.0, 180.0, 107.0, 182.0, 189.0, 102.0, 210.0, 130.0, 178.0, 164.0, 99.0, 154.0, 166.0, 197.0, 99.0, 118.0, 107.0, 196.0, 207.0, 182.0, 226.0, 208.0, 128.0, 78.0, 198.0, 105.0, 126.0, 214.0, 121.0, 203.0, 158.0, 106.0, 92.0, 137.0, 146.0, 197.0]
標高:[6.164, 4.391, 5.078, 6.218, 6.524, 4.378, 6.875, 3.809, 5.926, 5.811, 6.384, 4.927, 4.808, 4.309, 4.83, 4.322, 6.428, 6.593, 5.357, 4.751, 4.845, 4.967, 4.733, 4.808, 4.74, 5.492, 5.995, 4.459, 4.361, 5.04, 4.69, 4.786, 6.823, 5.121, 4.239, 5.844, 5.313, 6.265, 5.768, 6.237, 6.765, 5.134, 3.823, 5.304, 6.332, 4.558, 5.274, 4.913, 3.863, 4.933, 5.372, 6.483, 4.899, 5.363, 4.058, 4.856, 4.594, 4.939, 4.464, 6.725, 5.917, 5.696, 4.877, 6.188, 6.942, 4.218, 4.238, 6.656, 4.852, 4.797, 6.195, 5.757, 4.273, 4.094, 4.384, 5.3, 6.691, 4.723, 5.289, 4.15, 6.27, 5.352, 5.039, 5.456, 5.173, 4.125, 6.525, 4.907, 5.655, 4.962, 4.797, 5.981, 4.989, 6.351, 5.363, 5.108, 5.055, 4.793, 5.68, 5.283, 6.686, 4.769, 4.686, 5.466, 5.213, 6.231, 6.259, 6.143, 6.328, 5.827, 5.0, 6.72, 4.937, 5.928, 6.887, 5.994, 6.703, 5.158, 5.258, 4.741, 4.288, 6.153, 6.062]
河川:[33.849, 40.857, 35.71, 32.359, 29.832, 43.63, 24.676, 45.447, 26.922, 35.2, 29.766, 40.372, 39.16, 44.431, 40.748, 42.228, 29.24, 28.508, 36.716, 33.221, 40.203, 39.78, 36.822, 37.05, 33.395, 36.119, 33.839, 43.717, 43.687, 39.574, 39.756, 40.883, 26.542, 39.048, 43.728, 35.079, 34.75, 27.952, 35.559, 31.956, 27.063, 38.8, 44.274, 35.538, 31.141, 43.058, 33.633, 41.032, 43.966, 40.276, 37.84, 29.968, 40.085, 38.047, 44.262, 37.198, 42.71, 36.505, 43.627, 25.831, 30.279, 36.182, 35.677, 32.345, 25.495, 43.978, 43.871, 28.204, 37.452, 42.232, 25.626, 35.672, 44.593, 42.973, 43.522, 30.853, 28.049, 36.989, 37.539, 44.237, 31.715, 30.317, 39.289, 36.841, 38.044, 42.707, 29.471, 32.837, 34.689, 36.393, 41.385, 33.646, 34.676, 31.176, 33.362, 39.697, 39.311, 37.465, 33.24, 37.41, 27.335, 37.586, 40.0, 30.822, 38.587, 32.029, 31.313, 32.951, 31.471, 30.82, 32.09, 27.758, 36.743, 29.587, 26.126, 26.818, 27.99, 38.12, 33.5, 36.543, 43.387, 28.822, 33.188]

被覆率
1.0
1.0

代表値(距離)
278.0,78.0,156.5772357723577
278.0,78.0,156.5772357723577

代表値(標高)
6.942,3.809,5.3544634146341465
6.942,3.809,5.3544634146341465

代表値(河川)
45.447,24.676,35.7739024390244
45.447,24.676,35.7739024390244

優越割合
0.5854922279792746
0.41450777202072536

