距離:[241.0, 211.0, 140.0, 229.0, 177.0, 192.0, 200.0, 242.0, 121.0, 178.0, 177.0, 224.0, 228.0, 183.0, 194.0, 195.0, 226.0, 196.0, 204.0, 190.0, 191.0, 242.0, 202.0, 205.0, 194.0, 234.0, 193.0, 191.0, 146.0, 201.0, 233.0, 233.0, 205.0, 153.0, 242.0, 147.0, 147.0, 243.0, 206.0, 136.0, 188.0, 238.0, 197.0, 177.0, 207.0, 147.0, 140.0, 190.0, 235.0, 225.0, 241.0, 199.0, 211.0, 229.0, 140.0, 178.0, 172.0, 142.0, 122.0, 239.0, 193.0, 205.0, 238.0, 202.0, 141.0, 104.0, 176.0, 234.0, 207.0, 198.0, 145.0, 111.0, 201.0, 212.0, 177.0, 243.0, 200.0, 238.0, 203.0, 145.0, 203.0, 238.0, 225.0, 208.0, 142.0, 237.0, 197.0, 182.0, 146.0, 192.0, 187.0, 146.0, 173.0, 202.0, 176.0, 228.0, 172.0, 162.0, 290.0, 198.0, 177.0, 206.0, 234.0, 161.0, 197.0, 208.0, 210.0, 206.0, 146.0, 178.0, 203.0, 201.0, 234.0, 210.0, 176.0, 243.0, 212.0, 238.0, 238.0]
標高:[5.256, 5.573, 4.78, 5.115, 4.198, 5.891, 5.85, 5.254, 4.133, 4.025, 3.959, 5.182, 5.254, 3.978, 5.329, 5.354, 5.064, 5.832, 5.344, 4.335, 5.914, 5.125, 5.5, 5.869, 5.519, 5.063, 5.494, 4.39, 4.396, 5.872, 5.199, 5.203, 5.896, 4.967, 5.121, 4.186, 4.154, 5.142, 5.52, 4.729, 5.865, 5.246, 5.527, 3.985, 5.377, 4.192, 4.82, 4.359, 5.085, 5.204, 5.253, 5.433, 5.398, 5.276, 4.813, 3.994, 4.077, 3.712, 3.881, 5.113, 5.943, 5.892, 5.088, 5.625, 4.262, 4.667, 4.132, 5.067, 5.543, 5.551, 4.362, 3.845, 5.844, 5.399, 4.167, 5.146, 5.846, 5.078, 5.342, 4.324, 5.501, 5.098, 5.04, 5.393, 4.044, 5.221, 5.571, 4.145, 4.364, 5.937, 5.841, 4.77, 3.9, 5.505, 4.164, 5.215, 4.104, 4.719, 6.508, 5.595, 4.193, 5.509, 5.171, 4.42, 5.831, 5.389, 5.555, 5.532, 4.403, 4.02, 5.347, 5.868, 5.043, 5.55, 4.159, 5.123, 5.421, 5.102, 5.223]
河川:[39.295, 37.464, 41.107, 39.415, 44.938, 34.854, 35.26, 39.413, 43.488, 45.753, 46.271, 39.174, 38.754, 46.115, 37.995, 37.856, 39.717, 35.219, 38.26, 44.411, 34.45, 39.917, 37.45, 35.522, 37.072, 39.953, 37.207, 44.031, 43.685, 35.139, 39.309, 39.232, 35.244, 40.15, 39.992, 44.68, 44.946, 39.872, 37.534, 41.088, 34.734, 39.155, 37.274, 46.051, 38.246, 44.558, 40.7, 44.205, 39.83, 39.049, 39.369, 37.402, 38.313, 38.633, 40.829, 46.073, 45.541, 45.472, 44.689, 39.787, 32.275, 35.332, 39.983, 36.708, 44.248, 38.567, 45.455, 39.876, 37.406, 37.141, 43.786, 43.811, 35.423, 38.368, 45.26, 39.798, 35.35, 40.126, 38.202, 44.179, 37.512, 39.962, 39.844, 38.053, 45.275, 39.35, 36.761, 45.324, 43.952, 34.328, 34.861, 41.123, 46.376, 37.361, 45.131, 39.197, 45.314, 41.142, 30.721, 36.631, 45.04, 37.699, 39.312, 43.516, 35.294, 38.139, 37.505, 37.51, 43.562, 45.854, 38.113, 35.229, 40.12, 37.59, 45.233, 40.033, 38.184, 39.887, 39.395]

距離:[241.0, 211.0, 140.0, 229.0, 177.0, 192.0, 200.0, 242.0, 121.0, 178.0, 177.0, 224.0, 228.0, 183.0, 194.0, 195.0, 226.0, 196.0, 204.0, 190.0, 191.0, 242.0, 202.0, 205.0, 194.0, 234.0, 193.0, 191.0, 146.0, 201.0, 233.0, 233.0, 205.0, 153.0, 242.0, 147.0, 147.0, 243.0, 206.0, 136.0, 188.0, 238.0, 197.0, 177.0, 207.0, 147.0, 140.0, 190.0, 235.0, 225.0, 241.0, 199.0, 211.0, 229.0, 140.0, 178.0, 172.0, 142.0, 122.0, 239.0, 193.0, 205.0, 238.0, 202.0, 141.0, 104.0, 176.0, 234.0, 207.0, 198.0, 145.0, 111.0, 201.0, 212.0, 177.0, 243.0, 200.0, 238.0, 203.0, 145.0, 203.0, 238.0, 225.0, 208.0, 142.0, 237.0, 197.0, 182.0, 146.0, 192.0, 187.0, 146.0, 173.0, 202.0, 176.0, 228.0, 172.0, 162.0, 290.0, 198.0, 177.0, 206.0, 234.0, 161.0, 197.0, 208.0, 210.0, 206.0, 146.0, 178.0, 203.0, 201.0, 234.0, 210.0, 176.0, 243.0, 212.0, 238.0, 238.0]
標高:[5.256, 5.573, 4.78, 5.115, 4.198, 5.891, 5.85, 5.254, 4.133, 4.025, 3.959, 5.182, 5.254, 3.978, 5.329, 5.354, 5.064, 5.832, 5.344, 4.335, 5.914, 5.125, 5.5, 5.869, 5.519, 5.063, 5.494, 4.39, 4.396, 5.872, 5.199, 5.203, 5.896, 4.967, 5.121, 4.186, 4.154, 5.142, 5.52, 4.729, 5.865, 5.246, 5.527, 3.985, 5.377, 4.192, 4.82, 4.359, 5.085, 5.204, 5.253, 5.433, 5.398, 5.276, 4.813, 3.994, 4.077, 3.712, 3.881, 5.113, 5.943, 5.892, 5.088, 5.625, 4.262, 4.667, 4.132, 5.067, 5.543, 5.551, 4.362, 3.845, 5.844, 5.399, 4.167, 5.146, 5.846, 5.078, 5.342, 4.324, 5.501, 5.098, 5.04, 5.393, 4.044, 5.221, 5.571, 4.145, 4.364, 5.937, 5.841, 4.77, 3.9, 5.505, 4.164, 5.215, 4.104, 4.719, 6.508, 5.595, 4.193, 5.509, 5.171, 4.42, 5.831, 5.389, 5.555, 5.532, 4.403, 4.02, 5.347, 5.868, 5.043, 5.55, 4.159, 5.123, 5.421, 5.102, 5.223]
河川:[39.295, 37.464, 41.107, 39.415, 44.938, 34.854, 35.26, 39.413, 43.488, 45.753, 46.271, 39.174, 38.754, 46.115, 37.995, 37.856, 39.717, 35.219, 38.26, 44.411, 34.45, 39.917, 37.45, 35.522, 37.072, 39.953, 37.207, 44.031, 43.685, 35.139, 39.309, 39.232, 35.244, 40.15, 39.992, 44.68, 44.946, 39.872, 37.534, 41.088, 34.734, 39.155, 37.274, 46.051, 38.246, 44.558, 40.7, 44.205, 39.83, 39.049, 39.369, 37.402, 38.313, 38.633, 40.829, 46.073, 45.541, 45.472, 44.689, 39.787, 32.275, 35.332, 39.983, 36.708, 44.248, 38.567, 45.455, 39.876, 37.406, 37.141, 43.786, 43.811, 35.423, 38.368, 45.26, 39.798, 35.35, 40.126, 38.202, 44.179, 37.512, 39.962, 39.844, 38.053, 45.275, 39.35, 36.761, 45.324, 43.952, 34.328, 34.861, 41.123, 46.376, 37.361, 45.131, 39.197, 45.314, 41.142, 30.721, 36.631, 45.04, 37.699, 39.312, 43.516, 35.294, 38.139, 37.505, 37.51, 43.562, 45.854, 38.113, 35.229, 40.12, 37.59, 45.233, 40.033, 38.184, 39.887, 39.395]

被覆率
1.0
1.0

代表値(距離)
290.0,104.0,195.49579831932772
290.0,104.0,195.49579831932772

代表値(標高)
6.508,3.712,5.026823529411764
6.508,3.712,5.026823529411764

代表値(河川)
46.376,30.721,39.98209243697481
46.376,30.721,39.98209243697481

優越割合
0.49171270718232046
0.5082872928176796

