距離:[105.0, 147.0, 157.0, 127.0, 176.0, 182.0, 211.0, 114.0, 188.0, 184.0, 122.0, 186.0, 177.0, 118.0, 172.0, 91.0, 173.0, 156.0, 133.0, 115.0, 247.0, 112.0, 215.0, 136.0, 218.0, 142.0, 78.0, 124.0, 161.0, 97.0, 84.0, 216.0, 162.0, 162.0, 194.0, 141.0, 92.0, 145.0, 179.0, 158.0, 179.0, 141.0, 105.0, 175.0, 140.0, 187.0, 135.0, 119.0, 128.0, 103.0, 178.0, 91.0, 176.0, 200.0, 98.0, 126.0, 105.0, 186.0, 171.0, 140.0, 127.0, 146.0, 142.0, 158.0, 78.0, 145.0, 185.0, 172.0, 130.0, 177.0, 195.0, 97.0, 136.0, 173.0, 277.0, 205.0, 150.0, 121.0, 193.0, 182.0, 139.0, 195.0, 209.0, 143.0, 187.0, 118.0, 169.0, 195.0, 181.0, 134.0, 181.0, 105.0, 94.0, 190.0, 204.0, 115.0, 199.0, 106.0, 211.0, 172.0, 183.0, 190.0, 148.0, 167.0, 184.0, 205.0, 171.0, 84.0, 134.0, 130.0, 124.0, 114.0, 130.0, 132.0, 106.0, 229.0, 110.0, 164.0, 133.0, 325.0, 111.0, 240.0, 195.0, 126.0, 166.0, 120.0, 144.0, 163.0, 125.0]
標高:[4.832, 4.799, 4.83, 5.758, 6.308, 5.907, 6.32, 5.299, 4.889, 7.218, 4.564, 6.106, 7.11, 4.82, 6.249, 4.581, 5.763, 4.454, 5.98, 5.765, 6.477, 5.619, 6.48, 6.253, 6.368, 6.146, 4.988, 5.616, 5.971, 5.728, 5.098, 6.322, 5.468, 5.86, 6.583, 4.693, 4.748, 6.317, 7.016, 4.752, 7.2, 4.653, 5.054, 6.62, 6.179, 5.627, 6.115, 6.413, 6.168, 5.124, 6.357, 4.632, 6.473, 6.84, 4.759, 5.919, 4.877, 6.081, 6.302, 6.1, 5.344, 6.247, 6.921, 6.41, 5.0, 6.24, 6.141, 5.736, 5.879, 6.128, 6.977, 4.989, 5.13, 7.099, 6.174, 5.593, 5.43, 5.477, 6.563, 6.028, 6.08, 5.692, 6.498, 5.866, 5.614, 4.841, 6.222, 6.653, 6.123, 5.914, 6.741, 5.045, 5.554, 6.709, 6.352, 5.228, 6.888, 5.351, 6.218, 6.615, 6.488, 6.063, 7.18, 6.875, 5.793, 5.437, 6.274, 5.153, 6.164, 4.559, 6.63, 5.314, 5.783, 5.132, 5.304, 6.385, 6.202, 6.454, 5.906, 5.586, 5.167, 6.554, 6.133, 5.75, 4.598, 5.687, 6.38, 5.807, 6.052]
河川:[37.457, 40.707, 41.287, 31.252, 30.381, 34.033, 31.057, 34.009, 42.319, 23.245, 40.91, 32.43, 24.192, 38.432, 30.82, 38.011, 33.393, 42.571, 29.617, 30.348, 30.769, 31.196, 30.581, 27.235, 31.142, 28.951, 32.423, 32.097, 31.938, 28.773, 32.298, 31.644, 35.463, 32.438, 28.515, 41.411, 37.011, 27.276, 25.078, 42.146, 23.542, 41.78, 35.286, 28.44, 28.1, 35.626, 28.674, 24.866, 27.797, 34.184, 29.826, 37.582, 29.222, 27.17, 37.245, 29.746, 37.086, 32.64, 30.193, 28.9, 35.134, 28.589, 24.113, 26.614, 32.256, 27.848, 31.908, 33.36, 30.315, 31.559, 25.338, 34.804, 37.346, 24.035, 32.841, 35.761, 35.887, 32.926, 28.824, 33.44, 29.072, 35.282, 29.675, 31.65, 35.674, 38.356, 31.006, 28.487, 31.779, 30.425, 27.326, 35.41, 29.734, 28.068, 30.946, 34.913, 26.613, 33.255, 32.171, 27.715, 28.891, 33.789, 22.041, 25.868, 35.141, 36.161, 30.421, 31.833, 28.224, 41.654, 23.274, 33.719, 31.615, 37.053, 33.387, 31.301, 25.991, 29.622, 30.872, 36.372, 34.802, 29.908, 32.287, 31.262, 42.259, 31.9, 26.507, 33.086, 28.688]

距離:[239.0, 168.0, 106.0, 143.0, 198.0, 138.0, 147.0, 179.0, 141.0, 154.0, 235.0, 238.0, 187.0, 217.0, 233.0, 175.0, 147.0, 219.0, 251.0, 242.0, 242.0, 206.0, 202.0, 163.0, 186.0, 186.0, 201.0, 258.0, 213.0, 172.0, 177.0, 189.0, 198.0, 208.0, 207.0, 251.0, 265.0, 238.0, 187.0, 180.0, 224.0, 158.0, 78.0, 215.0, 142.0, 159.0, 242.0, 203.0, 137.0, 237.0, 212.0, 199.0, 183.0, 215.0, 138.0, 143.0, 199.0, 244.0, 141.0, 185.0, 210.0, 203.0, 209.0, 200.0, 185.0, 217.0, 142.0, 233.0, 144.0, 171.0, 163.0, 147.0, 199.0, 243.0, 203.0, 256.0, 127.0, 158.0, 182.0, 189.0, 213.0, 181.0, 247.0, 193.0, 202.0, 235.0, 204.0, 247.0, 208.0, 257.0, 219.0, 158.0, 206.0, 215.0, 224.0, 152.0, 228.0, 194.0, 136.0, 155.0]
標高:[5.725, 5.305, 4.413, 5.213, 5.841, 5.286, 4.154, 4.595, 4.762, 5.064, 5.617, 5.837, 5.643, 6.045, 5.924, 4.88, 4.192, 5.676, 5.536, 6.494, 5.825, 5.788, 5.778, 4.198, 5.222, 4.884, 6.306, 5.648, 4.769, 5.045, 5.259, 6.066, 5.723, 5.366, 5.37, 5.724, 5.358, 5.814, 5.463, 5.96, 5.343, 5.065, 4.988, 5.66, 4.709, 4.175, 5.848, 5.8, 4.581, 5.934, 6.153, 5.541, 5.93, 6.039, 4.622, 5.174, 5.835, 5.582, 4.802, 5.511, 5.528, 5.761, 6.038, 4.767, 6.057, 6.067, 4.676, 5.904, 4.911, 4.847, 4.226, 5.248, 5.807, 5.688, 6.224, 6.328, 4.1, 5.222, 4.848, 6.096, 6.052, 5.3, 5.711, 6.512, 5.477, 5.701, 6.132, 5.702, 6.14, 5.313, 6.082, 5.095, 5.874, 5.682, 5.961, 4.831, 6.006, 5.769, 4.27, 4.885]
河川:[37.155, 37.631, 41.358, 37.14, 34.929, 36.297, 44.864, 43.268, 40.887, 38.857, 37.26, 36.013, 35.914, 33.995, 35.309, 41.743, 44.51, 37.091, 38.219, 30.719, 36.314, 36.33, 36.168, 45.067, 39.102, 42.081, 31.483, 38.376, 43.056, 40.122, 38.52, 33.085, 36.343, 38.284, 38.164, 37.486, 39.694, 36.231, 36.61, 33.906, 38.714, 39.247, 32.423, 37.014, 42.007, 44.836, 36.099, 36.044, 42.54, 35.409, 33.108, 37.216, 34.24, 33.763, 42.312, 37.503, 35.246, 37.799, 40.518, 36.184, 37.733, 36.315, 33.545, 42.435, 32.908, 33.816, 42.282, 35.476, 39.847, 41.678, 44.828, 37.252, 35.508, 37.374, 32.212, 32.313, 43.63, 38.044, 42.099, 32.81, 33.629, 38.42, 37.425, 29.275, 37.609, 37.098, 32.74, 37.437, 32.904, 39.658, 33.74, 39.0, 35.223, 36.833, 34.754, 41.309, 34.627, 36.052, 42.684, 41.065]

被覆率
0.8133333333333334
0.7733333333333333

代表値(距離)
325.0,78.0,154.7984496124031
265.0,78.0,193.95

代表値(標高)
7.218,4.454,5.860992248062013
6.512,4.1,5.438980000000002

代表値(河川)
42.571,22.041,31.946852713178302
45.067,29.275,37.553900000000006

優越割合
0.36419753086419754
0.6358024691358025

