距離:[160.0, 205.0, 86.0, 116.0, 130.0, 164.0, 197.0, 207.0, 138.0, 101.0, 170.0, 129.0, 88.0, 215.0, 230.0, 112.0, 140.0, 221.0, 229.0, 101.0, 208.0, 216.0, 130.0, 197.0, 231.0, 191.0, 111.0, 223.0, 104.0, 223.0, 85.0, 91.0, 114.0, 215.0, 98.0, 200.0, 152.0, 233.0, 137.0, 164.0, 94.0, 203.0, 232.0, 162.0, 215.0, 78.0, 111.0, 93.0, 164.0, 117.0, 211.0, 182.0, 157.0, 160.0, 115.0, 152.0, 160.0, 175.0, 192.0, 152.0, 108.0, 168.0, 110.0, 137.0, 211.0, 87.0, 116.0, 231.0, 88.0, 176.0, 88.0, 121.0, 165.0, 144.0, 210.0, 110.0, 151.0, 164.0, 187.0, 229.0, 231.0, 118.0, 189.0, 172.0, 228.0, 162.0, 113.0, 118.0, 179.0, 190.0, 152.0, 125.0, 168.0, 188.0, 106.0, 163.0, 101.0, 227.0, 114.0, 88.0, 140.0, 152.0, 78.0]
標高:[5.488, 6.133, 5.06, 6.081, 6.248, 4.961, 6.95, 5.887, 5.206, 5.253, 6.415, 6.514, 5.068, 5.924, 6.601, 4.823, 6.169, 6.072, 6.531, 5.181, 6.724, 6.452, 4.985, 6.761, 6.614, 5.982, 5.074, 6.518, 5.688, 6.31, 4.963, 5.117, 5.737, 6.691, 5.277, 5.878, 4.941, 5.479, 6.218, 6.44, 5.554, 5.915, 6.459, 4.97, 5.92, 4.988, 5.083, 4.98, 5.081, 6.427, 6.235, 6.886, 5.04, 6.546, 5.459, 4.978, 5.066, 5.33, 5.888, 6.603, 5.561, 5.13, 6.202, 6.437, 5.913, 5.037, 5.471, 5.526, 5.078, 6.278, 5.015, 6.269, 6.773, 6.05, 6.01, 5.145, 6.004, 5.087, 7.053, 6.54, 6.606, 6.235, 5.607, 7.137, 6.024, 5.105, 5.451, 6.424, 5.293, 5.821, 4.932, 5.728, 6.469, 6.103, 6.118, 5.695, 5.19, 6.295, 5.72, 5.09, 6.362, 4.972, 5.0]
河川:[35.575, 33.698, 33.302, 27.672, 27.323, 40.512, 26.112, 35.039, 36.399, 33.386, 29.876, 24.76, 33.557, 35.288, 30.07, 37.295, 28.143, 34.158, 30.559, 33.564, 28.226, 30.708, 38.538, 27.325, 29.892, 32.607, 36.009, 30.17, 29.471, 31.744, 34.153, 33.407, 30.316, 28.763, 32.327, 34.535, 39.783, 37.064, 27.533, 28.86, 29.691, 33.581, 31.332, 40.117, 35.349, 32.346, 35.892, 34.581, 39.695, 24.419, 31.986, 25.934, 38.529, 28.281, 33.035, 39.441, 39.481, 37.897, 33.677, 24.914, 30.565, 38.554, 26.027, 25.883, 35.166, 33.793, 32.974, 36.71, 33.409, 30.557, 34.0, 26.496, 26.606, 29.674, 34.167, 34.118, 29.781, 39.616, 24.802, 30.454, 29.996, 26.619, 35.873, 23.157, 34.531, 38.414, 32.292, 24.695, 38.14, 34.911, 39.888, 31.544, 28.994, 32.537, 26.226, 33.043, 33.436, 32.286, 30.526, 33.284, 26.407, 39.526, 32.179]

距離:[150.0, 204.0, 122.0, 146.0, 197.0, 197.0, 142.0, 203.0, 135.0, 214.0, 211.0, 192.0, 197.0, 192.0, 181.0, 201.0, 188.0, 200.0, 186.0, 191.0, 180.0, 183.0, 136.0, 181.0, 160.0, 184.0, 187.0, 167.0, 102.0, 162.0, 207.0, 187.0, 195.0, 195.0, 155.0, 130.0, 140.0, 148.0, 141.0, 194.0, 209.0, 186.0, 106.0, 201.0, 186.0, 154.0, 189.0, 227.0, 115.0, 177.0, 217.0, 182.0, 159.0, 152.0, 185.0, 210.0, 184.0, 201.0, 200.0, 156.0, 152.0, 194.0, 215.0, 204.0, 210.0, 193.0, 181.0, 136.0, 187.0, 181.0, 150.0, 207.0, 166.0, 122.0, 118.0, 180.0, 148.0, 125.0, 131.0, 197.0, 152.0, 130.0, 130.0, 120.0, 184.0, 210.0, 159.0, 155.0, 208.0, 198.0, 140.0, 210.0, 146.0, 204.0, 141.0, 120.0, 170.0, 187.0, 154.0, 155.0]
標高:[4.93, 6.222, 4.311, 4.802, 5.818, 5.527, 4.304, 5.924, 4.498, 6.465, 6.217, 5.891, 6.159, 5.878, 6.032, 5.868, 5.865, 6.216, 5.618, 5.661, 6.014, 6.08, 4.729, 6.019, 4.614, 5.848, 6.064, 6.051, 5.296, 5.036, 5.94, 5.668, 6.103, 6.674, 4.508, 5.044, 4.82, 4.878, 4.295, 5.937, 6.0, 5.897, 5.351, 5.773, 5.643, 5.001, 5.47, 6.54, 4.762, 5.643, 5.974, 5.585, 4.593, 5.016, 6.043, 5.555, 6.409, 6.16, 6.204, 4.565, 5.002, 5.519, 6.482, 5.847, 6.452, 6.13, 6.006, 4.552, 5.643, 5.914, 4.961, 5.543, 6.841, 4.272, 4.864, 6.009, 4.846, 4.75, 4.343, 6.724, 5.011, 5.008, 4.978, 4.807, 6.02, 5.528, 4.578, 4.538, 6.012, 5.454, 4.763, 6.31, 4.753, 5.87, 4.262, 4.854, 6.847, 6.083, 4.986, 4.498]
河川:[40.087, 32.353, 42.115, 40.849, 35.34, 37.315, 43.986, 34.872, 41.504, 30.762, 33.062, 34.854, 33.269, 34.911, 33.177, 35.219, 34.734, 32.135, 36.038, 36.042, 33.211, 32.842, 40.978, 33.238, 42.588, 34.554, 33.241, 32.102, 32.951, 39.691, 34.942, 35.711, 33.641, 28.405, 42.942, 37.608, 40.629, 40.331, 43.922, 34.521, 34.383, 34.21, 33.16, 35.93, 35.828, 39.877, 37.127, 30.229, 38.704, 35.492, 34.747, 35.94, 42.585, 39.474, 33.362, 37.557, 30.06, 32.766, 32.19, 42.609, 39.592, 37.129, 30.684, 35.618, 30.576, 32.394, 33.392, 41.184, 35.92, 33.994, 39.827, 37.449, 25.627, 42.434, 38.212, 33.283, 40.595, 39.448, 42.397, 28.086, 39.487, 37.908, 38.115, 39.017, 33.467, 37.805, 42.767, 42.69, 34.226, 37.566, 41.079, 31.405, 41.192, 35.426, 44.199, 38.583, 25.976, 33.235, 39.948, 43.045]

被覆率
0.78
0.7266666666666667

代表値(距離)
233.0,78.0,156.2135922330097
227.0,102.0,172.49

代表値(標高)
7.137,4.823,5.803669902912625
6.847,4.262,5.498680000000002

代表値(河川)
40.512,23.157,32.32769902912622
44.199,25.627,36.41879

優越割合
0.3230769230769231
0.676923076923077

