距離:[135.0, 174.0, 120.0, 148.0, 142.0, 212.0, 176.0, 207.0, 198.0, 195.0, 130.0, 197.0, 146.0, 170.0, 144.0, 185.0, 123.0, 167.0, 131.0, 189.0, 188.0, 206.0, 177.0, 203.0, 140.0, 216.0, 149.0, 182.0, 215.0, 214.0, 148.0, 182.0, 162.0, 190.0, 197.0, 170.0, 195.0, 168.0, 185.0, 123.0, 169.0, 197.0, 176.0, 194.0, 157.0, 222.0, 187.0, 172.0, 148.0, 146.0, 157.0, 217.0, 186.0, 183.0, 149.0, 176.0, 191.0, 125.0, 184.0, 163.0, 169.0, 155.0, 117.0, 171.0, 147.0, 139.0, 121.0, 111.0, 194.0, 177.0, 195.0, 115.0, 141.0, 127.0, 150.0, 196.0, 141.0, 151.0, 174.0, 196.0, 175.0, 201.0, 187.0, 137.0, 182.0, 186.0, 144.0, 188.0, 195.0, 202.0, 180.0, 174.0, 116.0, 219.0, 187.0, 170.0, 156.0, 139.0, 135.0, 143.0, 151.0, 175.0, 151.0, 220.0, 190.0, 177.0, 150.0, 168.0]
標高:[4.723, 5.773, 4.827, 5.137, 4.676, 6.501, 6.521, 6.467, 6.229, 6.003, 5.117, 5.852, 4.56, 6.119, 5.816, 5.583, 4.553, 6.272, 4.601, 5.99, 5.968, 6.254, 6.042, 5.766, 4.813, 6.381, 5.172, 5.917, 6.482, 6.465, 5.314, 6.64, 6.217, 6.063, 5.915, 5.408, 5.973, 6.143, 6.422, 4.515, 5.322, 5.885, 6.018, 5.951, 5.858, 6.288, 6.083, 5.646, 5.778, 5.7, 5.654, 6.399, 6.443, 5.904, 5.636, 5.678, 5.905, 4.943, 6.348, 5.409, 5.501, 5.532, 4.596, 6.481, 4.599, 5.735, 4.659, 4.62, 6.448, 6.199, 6.117, 4.686, 4.636, 4.578, 5.903, 5.792, 4.669, 5.069, 5.551, 6.573, 5.413, 6.358, 6.673, 4.581, 6.028, 6.659, 5.071, 5.851, 6.115, 5.805, 6.545, 5.756, 4.809, 6.303, 5.965, 6.248, 4.954, 4.774, 4.982, 5.698, 5.561, 6.141, 5.761, 6.207, 5.917, 6.005, 5.034, 5.626]
河川:[41.0, 33.42, 39.033, 38.23, 42.366, 29.906, 28.67, 30.319, 32.47, 34.19, 37.323, 35.624, 43.39, 32.253, 31.986, 35.757, 41.537, 30.892, 41.756, 34.344, 34.468, 32.83, 33.35, 36.443, 40.814, 31.769, 38.047, 34.462, 30.744, 30.836, 36.399, 27.978, 31.136, 33.932, 35.178, 37.035, 34.405, 32.208, 30.719, 41.854, 37.74, 35.391, 33.477, 34.526, 31.975, 32.622, 33.305, 34.89, 32.189, 33.349, 33.917, 31.673, 30.613, 34.585, 33.664, 34.534, 34.822, 37.816, 31.332, 36.798, 36.006, 34.813, 40.752, 29.135, 43.17, 32.309, 40.793, 39.649, 30.098, 32.52, 33.277, 39.73, 42.589, 41.858, 31.287, 35.816, 42.312, 39.285, 36.0, 29.556, 36.943, 30.995, 27.572, 42.606, 33.588, 27.935, 38.569, 35.027, 33.651, 36.134, 28.683, 34.08, 38.595, 31.836, 33.866, 31.635, 40.391, 41.029, 38.674, 32.51, 34.689, 32.229, 32.748, 33.241, 34.705, 33.61, 39.473, 34.72]

距離:[190.0, 140.0, 198.0, 228.0, 165.0, 189.0, 225.0, 212.0, 152.0, 228.0, 219.0, 92.0, 138.0, 202.0, 166.0, 151.0, 137.0, 130.0, 208.0, 208.0, 195.0, 223.0, 118.0, 100.0, 90.0, 228.0, 165.0, 124.0, 212.0, 106.0, 101.0, 238.0, 143.0, 220.0, 195.0, 159.0, 175.0, 188.0, 152.0, 223.0, 166.0, 151.0, 165.0, 136.0, 131.0, 90.0, 248.0, 182.0, 145.0, 196.0, 199.0, 192.0, 188.0, 171.0, 161.0, 145.0, 171.0, 238.0, 206.0, 136.0, 156.0, 161.0, 152.0, 107.0, 161.0, 122.0, 229.0, 150.0, 88.0, 152.0, 203.0, 234.0, 219.0, 162.0, 191.0, 203.0, 194.0, 206.0, 106.0, 147.0, 210.0, 175.0, 134.0, 195.0, 233.0, 159.0, 229.0, 195.0, 118.0, 166.0, 222.0, 186.0, 186.0, 187.0, 157.0, 126.0, 198.0, 218.0, 186.0, 224.0, 189.0, 238.0, 112.0, 203.0, 171.0, 225.0, 229.0, 193.0, 130.0, 126.0, 150.0, 219.0, 195.0, 173.0, 225.0, 202.0, 200.0, 216.0, 181.0, 224.0, 220.0, 189.0, 177.0, 117.0, 145.0, 122.0, 165.0, 122.0, 166.0]
標高:[6.955, 5.412, 6.034, 6.191, 6.155, 6.128, 6.356, 6.498, 4.868, 6.215, 6.57, 4.697, 4.852, 6.045, 5.203, 4.804, 4.622, 5.359, 6.155, 6.436, 5.727, 6.454, 4.606, 4.961, 4.731, 6.211, 6.183, 5.216, 6.3, 5.0, 4.823, 6.256, 5.525, 6.467, 6.117, 6.346, 5.143, 5.968, 4.877, 6.571, 6.637, 4.841, 5.014, 4.769, 4.644, 4.669, 6.291, 6.028, 5.536, 5.8, 6.141, 5.982, 5.754, 5.111, 5.463, 4.831, 5.103, 6.26, 6.258, 4.727, 4.734, 5.104, 5.011, 5.088, 4.986, 5.246, 6.347, 5.363, 5.078, 5.048, 6.502, 6.132, 6.45, 5.281, 6.731, 6.398, 5.874, 6.094, 4.947, 4.802, 6.191, 5.135, 5.339, 6.659, 6.488, 6.495, 6.486, 5.931, 5.743, 5.046, 6.437, 5.721, 6.041, 5.885, 4.769, 5.233, 6.389, 6.406, 6.698, 6.47, 6.939, 6.335, 4.511, 6.151, 4.942, 6.226, 6.361, 6.139, 5.303, 5.286, 4.966, 6.451, 6.569, 6.771, 6.338, 6.25, 6.292, 6.304, 6.68, 6.204, 6.586, 6.949, 5.566, 4.501, 4.864, 5.238, 6.189, 5.2, 6.575]
河川:[25.279, 34.929, 34.086, 33.289, 31.194, 32.963, 31.476, 29.821, 41.0, 33.053, 29.402, 37.478, 40.094, 34.262, 38.271, 41.45, 42.212, 34.5, 32.99, 30.428, 36.19, 30.816, 40.195, 35.45, 36.833, 33.118, 30.958, 36.169, 32.0, 36.009, 37.347, 32.857, 34.629, 30.514, 33.277, 29.472, 39.269, 34.468, 40.895, 29.646, 27.651, 41.093, 40.018, 40.478, 41.344, 37.433, 32.399, 33.588, 34.421, 35.5, 33.116, 34.646, 35.527, 39.205, 35.422, 40.634, 39.298, 32.794, 32.301, 40.875, 42.141, 39.248, 39.533, 34.701, 40.304, 35.295, 31.817, 35.58, 33.409, 39.178, 29.502, 33.829, 30.603, 37.642, 27.34, 30.7, 35.361, 33.524, 36.519, 41.17, 32.448, 39.36, 35.642, 28.103, 30.657, 28.686, 30.441, 34.749, 30.593, 39.843, 30.905, 35.962, 33.79, 34.433, 41.943, 35.905, 30.626, 30.876, 27.554, 30.737, 25.344, 32.143, 40.616, 33.31, 40.836, 32.778, 31.677, 33.171, 35.446, 35.508, 39.353, 30.594, 28.949, 26.491, 31.684, 32.089, 31.7, 32.051, 27.155, 32.942, 29.327, 25.238, 35.684, 41.256, 40.366, 35.418, 30.867, 35.738, 28.09]

被覆率
0.8666666666666667
0.8333333333333334

代表値(距離)
222.0,111.0,169.28703703703704
248.0,88.0,175.35658914728683

代表値(標高)
6.673,4.515,5.692796296296295
6.955,4.501,5.7547286821705415

代表値(河川)
43.39,27.572,34.99055555555557
42.212,25.238,34.36048062015505

優越割合
0.4976303317535545
0.5023696682464455

