距離:[101.0, 173.0, 184.0, 171.0, 168.0, 222.0, 150.0, 207.0, 110.0, 214.0, 159.0, 184.0, 223.0, 197.0, 180.0, 219.0, 227.0, 150.0, 183.0, 172.0, 220.0, 123.0, 168.0, 145.0, 210.0, 111.0, 85.0, 115.0, 172.0, 118.0, 105.0, 148.0, 181.0, 168.0, 145.0, 184.0, 172.0, 181.0, 111.0, 184.0, 122.0, 119.0, 159.0, 167.0, 185.0, 121.0, 168.0, 138.0, 183.0, 182.0, 111.0, 172.0, 149.0, 223.0, 194.0, 206.0, 185.0, 182.0, 181.0, 168.0, 211.0, 181.0, 193.0, 168.0, 115.0, 85.0, 185.0, 207.0, 160.0, 173.0, 136.0, 129.0, 126.0, 124.0, 184.0, 159.0, 150.0, 173.0, 216.0, 223.0, 205.0, 124.0, 173.0, 167.0, 159.0, 111.0, 148.0, 105.0, 149.0, 135.0, 194.0, 181.0, 173.0, 158.0, 135.0, 159.0, 150.0, 136.0, 118.0, 182.0, 159.0, 126.0, 208.0, 115.0, 138.0, 136.0, 178.0]
標高:[5.206, 4.397, 4.523, 4.75, 6.322, 5.42, 4.315, 5.417, 4.011, 6.342, 5.175, 5.503, 5.422, 6.055, 5.67, 5.44, 5.812, 4.352, 4.644, 4.531, 5.196, 3.764, 5.114, 4.984, 5.499, 5.14, 5.029, 4.227, 4.577, 4.129, 5.054, 4.753, 4.538, 5.109, 5.022, 4.498, 4.558, 4.525, 5.191, 4.515, 4.012, 3.871, 5.139, 6.338, 5.33, 5.491, 5.133, 4.335, 4.626, 4.797, 3.735, 4.55, 4.56, 6.249, 5.975, 5.426, 4.347, 4.815, 4.556, 5.1, 5.347, 5.659, 5.987, 5.081, 4.267, 4.963, 4.36, 5.271, 4.632, 4.37, 4.04, 4.57, 4.327, 4.296, 5.339, 5.169, 4.346, 4.402, 5.36, 5.276, 5.776, 4.341, 4.378, 4.352, 5.16, 5.183, 4.644, 5.001, 4.522, 4.267, 4.878, 4.507, 4.383, 5.38, 4.308, 5.195, 4.331, 4.081, 4.176, 5.482, 4.828, 4.364, 5.263, 4.275, 4.301, 4.074, 5.323]
河川:[33.851, 43.74, 43.842, 41.316, 30.006, 38.212, 43.207, 37.841, 43.455, 30.911, 38.258, 36.457, 38.65, 33.066, 34.906, 38.055, 34.89, 42.847, 42.038, 43.267, 39.486, 45.805, 39.274, 39.221, 37.233, 34.829, 33.518, 41.809, 42.89, 42.89, 35.257, 40.135, 43.663, 39.363, 38.848, 44.054, 43.041, 43.818, 34.342, 43.913, 44.623, 44.126, 38.597, 29.808, 37.286, 32.669, 39.119, 42.906, 42.18, 41.368, 44.775, 43.116, 41.859, 31.973, 33.649, 37.718, 44.703, 41.225, 43.519, 39.44, 37.957, 35.061, 33.497, 39.595, 41.47, 34.153, 44.551, 38.454, 41.05, 43.965, 44.537, 40.14, 42.032, 41.702, 37.147, 38.352, 42.947, 43.653, 38.648, 38.892, 34.073, 41.266, 43.89, 44.629, 38.434, 34.477, 40.858, 35.771, 42.221, 43.459, 41.258, 43.961, 43.803, 36.456, 43.059, 38.094, 43.02, 44.14, 42.432, 35.912, 40.113, 41.722, 38.572, 41.339, 43.188, 44.25, 37.86]

距離:[175.0, 225.0, 187.0, 229.0, 207.0, 127.0, 240.0, 221.0, 221.0, 228.0, 122.0, 256.0, 187.0, 181.0, 187.0, 128.0, 220.0, 201.0, 140.0, 213.0, 169.0, 170.0, 149.0, 185.0, 168.0, 120.0, 182.0, 243.0, 246.0, 136.0, 216.0, 208.0, 123.0, 160.0, 185.0, 255.0, 247.0, 246.0, 148.0, 160.0, 169.0, 146.0, 191.0, 224.0, 185.0, 178.0, 142.0, 188.0, 179.0, 187.0, 142.0, 246.0, 189.0, 216.0, 140.0, 192.0, 202.0, 170.0, 203.0, 169.0, 191.0, 165.0, 256.0, 250.0, 216.0, 221.0, 127.0, 165.0, 123.0, 207.0, 158.0, 147.0, 160.0, 172.0, 163.0, 211.0, 183.0, 242.0, 158.0, 180.0, 215.0, 149.0, 113.0, 147.0, 126.0, 256.0, 203.0, 233.0, 212.0, 181.0, 183.0, 188.0, 182.0, 123.0, 176.0, 185.0, 183.0, 203.0, 212.0, 206.0]
標高:[5.639, 5.894, 5.471, 6.358, 6.335, 4.468, 5.794, 5.83, 5.908, 5.609, 4.009, 5.523, 4.661, 4.795, 4.596, 4.55, 6.319, 6.009, 4.144, 5.641, 4.475, 4.924, 5.077, 5.536, 4.168, 4.085, 4.634, 5.58, 5.39, 5.007, 6.117, 5.629, 4.44, 4.981, 4.832, 5.321, 5.577, 5.649, 4.543, 4.951, 4.447, 4.144, 5.497, 5.347, 4.807, 4.592, 4.077, 5.745, 5.911, 4.591, 4.709, 5.617, 5.731, 5.857, 4.151, 5.761, 5.736, 5.05, 5.844, 4.98, 5.468, 4.972, 5.541, 5.693, 5.835, 5.883, 4.843, 4.977, 4.447, 5.901, 4.988, 4.796, 4.505, 4.19, 4.198, 6.293, 6.041, 5.368, 5.024, 5.96, 6.016, 5.083, 3.823, 4.504, 4.051, 5.596, 5.929, 5.286, 5.849, 4.769, 6.853, 5.961, 5.872, 4.067, 4.798, 5.511, 5.899, 5.761, 5.642, 5.685]
河川:[34.634, 35.8, 36.679, 31.943, 31.425, 42.465, 36.783, 36.122, 35.48, 37.846, 43.648, 39.207, 43.674, 42.685, 44.326, 41.93, 32.059, 34.0, 44.129, 37.554, 44.538, 41.276, 38.933, 35.962, 45.494, 42.658, 43.89, 38.366, 39.02, 38.699, 33.546, 37.365, 42.228, 40.513, 42.627, 39.875, 38.551, 38.138, 43.419, 40.756, 44.769, 44.822, 36.67, 38.67, 42.838, 43.978, 44.958, 35.787, 34.291, 44.406, 42.148, 38.35, 35.862, 35.898, 44.021, 35.875, 36.411, 39.859, 35.498, 40.822, 36.953, 40.606, 39.055, 37.836, 36.079, 35.724, 39.378, 40.515, 42.106, 35.208, 40.222, 41.224, 43.731, 45.68, 45.043, 32.313, 33.098, 39.066, 39.88, 34.0, 34.53, 38.832, 44.159, 43.626, 43.841, 38.461, 34.798, 39.378, 35.75, 42.901, 26.0, 33.899, 34.593, 43.276, 42.659, 36.173, 34.628, 36.433, 37.486, 36.801]

被覆率
0.7133333333333334
0.6933333333333334

代表値(距離)
227.0,85.0,162.38317757009347
256.0,113.0,186.4

代表値(標高)
6.342,3.735,4.868682242990654
6.853,3.823,5.229410000000001

代表値(河川)
45.805,29.808,39.84040186915886
45.68,26.0,39.00117000000002

優越割合
0.2608695652173913
0.7391304347826086

