距離:[237.0, 188.0, 204.0, 200.0, 188.0, 98.0, 101.0, 137.0, 203.0, 177.0, 171.0, 231.0, 250.0, 223.0, 197.0, 112.0, 175.0, 229.0, 118.0, 203.0, 173.0, 129.0, 98.0, 199.0, 180.0, 88.0, 84.0, 181.0, 85.0, 113.0, 182.0, 131.0, 204.0, 113.0, 232.0, 212.0, 184.0, 163.0, 132.0, 204.0, 204.0, 202.0, 175.0, 173.0, 86.0, 156.0, 178.0, 171.0, 240.0, 127.0, 112.0, 179.0, 170.0, 159.0, 176.0, 147.0, 197.0, 183.0, 168.0, 182.0, 141.0, 78.0, 228.0, 138.0, 138.0, 193.0, 224.0, 184.0, 230.0, 236.0, 232.0, 179.0, 193.0, 163.0, 142.0, 190.0, 78.0, 226.0, 188.0, 233.0, 172.0, 78.0, 144.0, 219.0, 260.0, 216.0, 106.0, 262.0, 111.0, 177.0, 217.0, 166.0, 178.0, 190.0, 104.0, 219.0, 163.0, 159.0, 152.0]
標高:[6.559, 6.479, 6.57, 5.52, 6.933, 4.816, 5.501, 6.005, 7.078, 6.402, 6.481, 6.532, 6.694, 6.471, 6.656, 5.602, 6.99, 6.784, 5.195, 6.117, 6.905, 4.954, 4.759, 6.153, 7.024, 5.09, 5.153, 6.302, 4.972, 5.983, 6.956, 4.862, 6.089, 5.349, 6.218, 6.197, 7.027, 5.192, 4.928, 6.678, 7.081, 6.427, 6.703, 6.367, 4.995, 6.215, 5.699, 4.991, 6.518, 6.645, 5.086, 7.02, 6.964, 5.346, 7.091, 5.151, 6.524, 6.085, 5.381, 6.64, 6.777, 4.928, 5.541, 4.238, 4.982, 6.494, 6.385, 6.262, 5.993, 6.56, 6.53, 6.923, 6.173, 5.164, 5.639, 6.652, 5.0, 6.219, 5.967, 6.316, 6.877, 4.988, 6.354, 6.607, 6.847, 6.496, 5.351, 6.635, 5.583, 7.094, 6.37, 6.77, 6.424, 6.579, 4.951, 6.169, 7.034, 5.186, 6.759]
河川:[30.089, 30.0, 28.838, 36.955, 25.505, 36.673, 30.545, 29.547, 24.404, 30.147, 29.064, 30.368, 28.776, 30.798, 28.152, 31.33, 24.657, 27.297, 35.203, 33.557, 25.572, 38.527, 37.265, 32.925, 24.539, 33.341, 31.81, 30.906, 33.212, 27.903, 25.308, 39.641, 33.74, 34.053, 33.263, 33.071, 25.049, 38.871, 39.227, 28.52, 24.353, 30.515, 27.126, 30.0, 33.942, 30.218, 34.635, 40.684, 30.917, 22.921, 35.991, 24.598, 25.006, 37.057, 24.222, 38.109, 29.548, 32.749, 36.905, 27.962, 25.206, 32.885, 35.82, 43.667, 38.507, 29.767, 31.063, 31.565, 35.074, 29.996, 30.461, 26.011, 32.461, 38.914, 33.014, 28.421, 32.141, 32.996, 33.505, 32.442, 25.773, 32.385, 26.91, 28.904, 27.365, 30.343, 33.132, 28.859, 31.486, 24.164, 31.396, 26.602, 30.051, 28.642, 36.144, 33.548, 24.018, 38.258, 26.171]

距離:[138.0, 117.0, 193.0, 186.0, 121.0, 179.0, 140.0, 225.0, 128.0, 122.0, 123.0, 126.0, 192.0, 194.0, 176.0, 120.0, 196.0, 224.0, 118.0, 136.0, 240.0, 199.0, 141.0, 131.0, 139.0, 237.0, 142.0, 122.0, 188.0, 168.0, 142.0, 190.0, 127.0, 146.0, 127.0, 175.0, 193.0, 140.0, 138.0, 175.0, 142.0, 141.0, 126.0, 186.0, 229.0, 122.0, 115.0, 218.0, 169.0, 115.0, 128.0, 148.0, 202.0, 138.0, 121.0, 192.0, 178.0, 218.0, 194.0, 118.0, 122.0, 120.0, 186.0, 177.0, 236.0, 126.0, 139.0, 193.0, 116.0, 192.0, 142.0, 190.0, 196.0, 131.0, 140.0, 118.0, 174.0, 120.0, 167.0, 229.0, 207.0, 121.0, 184.0, 142.0, 127.0, 174.0, 136.0, 198.0, 194.0, 135.0, 119.0, 175.0, 166.0, 171.0, 115.0, 131.0, 142.0, 197.0, 126.0, 194.0]
標高:[4.827, 4.596, 5.867, 5.897, 4.659, 5.799, 4.144, 6.495, 4.882, 4.705, 4.021, 4.107, 5.844, 5.848, 5.745, 4.093, 5.961, 6.525, 4.904, 4.04, 6.529, 5.389, 4.519, 4.858, 4.774, 6.59, 4.892, 4.743, 5.922, 5.47, 4.709, 5.776, 4.512, 4.151, 4.137, 5.719, 5.825, 4.813, 4.656, 5.513, 4.676, 4.669, 4.851, 6.086, 6.564, 4.898, 4.727, 6.499, 5.459, 4.762, 4.697, 4.878, 5.476, 4.794, 4.698, 5.318, 5.812, 6.479, 5.769, 4.644, 4.751, 4.085, 5.898, 6.042, 6.519, 4.051, 4.781, 5.995, 4.809, 5.403, 4.715, 5.832, 5.345, 4.894, 4.796, 4.883, 5.953, 4.866, 6.003, 6.722, 6.6, 4.717, 5.989, 4.899, 4.505, 5.424, 4.729, 5.443, 5.925, 4.693, 4.808, 6.141, 6.081, 6.07, 4.686, 4.601, 4.077, 6.683, 4.794, 5.983]
河川:[40.341, 40.872, 35.078, 34.204, 40.86, 34.749, 44.25, 30.253, 38.656, 40.631, 43.707, 42.659, 35.193, 35.387, 35.097, 42.508, 34.459, 29.763, 37.975, 44.647, 30.088, 37.95, 42.957, 39.687, 41.058, 29.262, 40.268, 40.311, 34.149, 35.333, 42.204, 35.837, 41.961, 44.808, 43.299, 35.223, 35.503, 40.857, 42.254, 35.423, 42.479, 42.411, 38.889, 32.973, 29.17, 38.467, 39.47, 29.752, 35.485, 38.87, 40.719, 40.358, 37.361, 40.623, 40.537, 37.911, 34.601, 30.078, 36.18, 40.636, 40.156, 42.667, 34.177, 33.282, 29.911, 43.849, 40.921, 33.829, 38.647, 37.359, 42.07, 35.226, 38.015, 39.389, 40.936, 38.068, 33.885, 38.708, 32.623, 27.895, 29.01, 39.62, 33.69, 40.134, 42.11, 36.218, 41.154, 37.298, 34.572, 41.585, 38.857, 32.103, 31.753, 32.591, 39.809, 41.916, 45.063, 27.401, 39.286, 33.969]

被覆率
0.7266666666666667
0.68

代表値(距離)
262.0,78.0,171.92929292929293
240.0,115.0,159.82

代表値(標高)
7.094,4.238,6.09012121212121
6.722,4.021,5.254029999999997

代表値(河川)
43.667,22.921,31.15326262626262
45.063,27.401,37.56443000000002

優越割合
0.3622641509433962
0.6377358490566037

