nodelist [131, 132, 134, 124, 78, 72, 54, 39, 24, 30, 18, 25, 26, 27, 20, 21]
linklist [195, 194, 193, 179, 112, 107, 77, 56, 36, 34, 35, 37, 39, 40, 31]
eva_distance 149.0
eva_height -6.351

nodelist [131, 132, 134, 124, 78, 72, 54, 39, 24, 30, 31, 27, 28, 21]
linklist [195, 194, 193, 179, 112, 107, 77, 56, 36, 43, 44, 42, 41]
eva_distance 147.0
eva_height -6.167

nodelist [131, 132, 134, 124, 78, 72, 54, 39, 24, 18, 13, 11, 19, 20, 21]
linklist [195, 194, 193, 179, 112, 107, 77, 56, 33, 22, 21, 19, 20, 31]
eva_distance 144.0
eva_height -5.621

