nodelist [131, 132, 134, 124, 78, 72, 73, 53, 46, 49, 44, 30, 31, 27, 20, 21]
linklist [195, 194, 193, 179, 112, 109, 108, 76, 62, 61, 58, 43, 44, 40, 31]
eva_distance 145.0
eva_height -5.753

nodelist [131, 132, 134, 124, 78, 72, 54, 39, 24, 18, 13, 11, 19, 20, 21]
linklist [195, 194, 193, 179, 112, 107, 77, 56, 33, 22, 21, 19, 20, 31]
eva_distance 144.0
eva_height -5.621

nodelist [131, 118, 109, 108, 95, 89, 86, 77, 67, 59, 60, 65, 61, 56, 50, 41, 38, 48, 37, 45, 40, 36, 33, 32, 28, 21]
linklist [192, 170, 160, 159, 142, 127, 124, 114, 96, 86, 87, 88, 82, 89, 70, 67, 66, 65, 64, 63, 54, 49, 47, 46, 41]
eva_distance 127.0
eva_height -5.266

nodelist [131, 132, 134, 124, 78, 72, 54, 39, 24, 30, 18, 25, 26, 19, 20, 21]
linklist [195, 194, 193, 179, 112, 107, 77, 56, 36, 34, 35, 37, 38, 20, 31]
eva_distance 149.0
eva_height -6.364

nodelist [131, 132, 134, 124, 78, 72, 54, 39, 24, 43, 44, 30, 18, 25, 26, 27, 20, 21]
linklist [195, 194, 193, 179, 112, 107, 77, 56, 57, 59, 58, 34, 35, 37, 39, 40, 31]
eva_distance 166.0
eva_height -6.443

