nodelist [131, 118, 109, 108, 107, 99, 95, 89, 68, 70, 80, 69, 56, 50, 48, 37, 45, 40, 36, 33, 22, 21]
linklist [192, 170, 160, 158, 157, 156, 142, 128, 100, 106, 105, 98, 89, 69, 65, 64, 63, 54, 49, 48, 30]
eva_distance 128.0
eva_height -4.956

nodelist [131, 132, 134, 124, 78, 72, 54, 39, 24, 18, 25, 26, 27, 31, 32, 33, 36, 29, 22, 21]
linklist [195, 194, 193, 179, 112, 107, 77, 56, 33, 35, 37, 39, 44, 45, 47, 49, 50, 29, 30]
eva_distance 171.0
eva_height -6.472

nodelist [131, 118, 109, 108, 95, 89, 86, 77, 67, 59, 60, 68, 70, 80, 69, 56, 50, 48, 37, 45, 40, 36, 33, 22, 21]
linklist [192, 170, 160, 159, 142, 127, 124, 114, 96, 86, 97, 100, 106, 105, 98, 89, 69, 65, 64, 63, 54, 49, 48, 30]
eva_distance 130.0
eva_height -5.124

nodelist [131, 132, 134, 124, 78, 72, 54, 39, 24, 18, 25, 26, 27, 31, 32, 33, 22, 21]
linklist [195, 194, 193, 179, 112, 107, 77, 56, 33, 35, 37, 39, 44, 45, 47, 48, 30]
eva_distance 163.0
eva_height -6.438

nodelist [131, 132, 134, 124, 78, 72, 54, 39, 24, 18, 25, 26, 19, 20, 21]
linklist [195, 194, 193, 179, 112, 107, 77, 56, 33, 35, 37, 38, 20, 31]
eva_distance 143.0
eva_height -6.315

