nodelist [131, 118, 109, 110, 100, 102, 104, 97, 98, 82, 81, 71, 69, 56, 47, 45, 40, 36, 33, 22, 21]
linklist [192, 170, 161, 162, 145, 148, 147, 135, 132, 120, 118, 101, 98, 80, 74, 63, 54, 49, 48, 30]
eva_distance 117.0
eva_height -4.652

nodelist [131, 132, 134, 124, 78, 72, 54, 39, 24, 30, 18, 25, 26, 27, 28, 21]
linklist [195, 194, 193, 179, 112, 107, 77, 56, 36, 34, 35, 37, 39, 42, 41]
eva_distance 149.0
eva_height -6.323

nodelist [131, 118, 109, 108, 107, 99, 101, 103, 93, 73, 53, 46, 43, 44, 30, 18, 13, 11, 19, 20, 21]
linklist [192, 170, 160, 158, 157, 155, 153, 152, 137, 108, 76, 60, 59, 58, 34, 22, 21, 19, 20, 31]
eva_distance 129.0
eva_height -4.78

nodelist [131, 118, 109, 110, 100, 95, 89, 86, 85, 84, 79, 74, 73, 53, 46, 43, 44, 30, 31, 27, 26, 19, 20, 21]
linklist [192, 170, 161, 162, 144, 142, 127, 126, 125, 122, 111, 110, 108, 76, 60, 59, 58, 43, 44, 39, 38, 20, 31]
eva_distance 140.0
eva_height -5.507

nodelist [131, 133, 119, 106, 98, 90, 87, 80, 70, 68, 60, 55, 47, 45, 40, 36, 33, 22, 21]
linklist [196, 197, 172, 150, 131, 130, 129, 106, 100, 97, 83, 79, 74, 63, 54, 49, 48, 30]
eva_distance 112.0
eva_height -4.154

