nodelist [131, 118, 109, 108, 95, 89, 86, 77, 67, 59, 60, 55, 47, 45, 40, 36, 33, 32, 31, 30, 18, 25, 26, 19, 20, 21]
linklist [192, 170, 160, 159, 142, 127, 124, 114, 96, 86, 83, 79, 74, 63, 54, 49, 47, 45, 43, 34, 35, 37, 38, 20, 31]
eva_distance 135.0
eva_height -6.047

nodelist [131, 118, 109, 108, 95, 89, 86, 77, 75, 64, 63, 62, 49, 44, 30, 18, 25, 26, 19, 20, 21]
linklist [192, 170, 160, 159, 142, 127, 124, 115, 113, 94, 92, 90, 61, 58, 34, 35, 37, 38, 20, 31]
eva_distance 120.0
eva_height -5.674

nodelist [131, 118, 109, 108, 95, 89, 86, 77, 75, 64, 63, 62, 49, 46, 43, 24, 30, 18, 25, 26, 19, 20, 21]
linklist [192, 170, 160, 159, 142, 127, 124, 115, 113, 94, 92, 90, 62, 60, 57, 36, 34, 35, 37, 38, 20, 31]
eva_distance 133.0
eva_height -5.923

nodelist [131, 132, 134, 124, 78, 72, 54, 39, 24, 30, 18, 25, 26, 27, 31, 32, 33, 22, 21]
linklist [195, 194, 193, 179, 112, 107, 77, 56, 36, 34, 35, 37, 39, 44, 45, 47, 48, 30]
eva_distance 169.0
eva_height -6.477

nodelist [131, 132, 134, 124, 78, 72, 54, 39, 24, 18, 25, 26, 27, 31, 32, 33, 22, 21]
linklist [195, 194, 193, 179, 112, 107, 77, 56, 33, 35, 37, 39, 44, 45, 47, 48, 30]
eva_distance 163.0
eva_height -6.438

nodelist [131, 118, 109, 108, 95, 89, 86, 77, 67, 59, 60, 55, 47, 45, 37, 36, 29, 22, 21]
linklist [192, 170, 160, 159, 142, 127, 124, 114, 96, 86, 83, 79, 74, 64, 53, 50, 29, 30]
eva_distance 91.0
eva_height -5.145

nodelist [131, 118, 109, 108, 95, 89, 86, 77, 67, 59, 60, 55, 47, 45, 40, 36, 33, 32, 31, 27, 26, 19, 20, 21]
linklist [192, 170, 160, 159, 142, 127, 124, 114, 96, 86, 83, 79, 74, 63, 54, 49, 47, 45, 44, 39, 38, 20, 31]
eva_distance 101.0
eva_height -5.433

nodelist [131, 118, 109, 108, 95, 89, 86, 77, 67, 64, 63, 62, 49, 46, 43, 24, 18, 25, 26, 19, 20, 21]
linklist [192, 170, 160, 159, 142, 127, 124, 114, 95, 94, 92, 90, 62, 60, 57, 33, 35, 37, 38, 20, 31]
eva_distance 128.0
eva_height -5.856

nodelist [131, 118, 109, 108, 95, 89, 86, 77, 75, 64, 63, 62, 49, 44, 30, 24, 18, 25, 26, 19, 20, 21]
linklist [192, 170, 160, 159, 142, 127, 124, 115, 113, 94, 92, 90, 61, 58, 36, 33, 35, 37, 38, 20, 31]
eva_distance 126.0
eva_height -5.8

nodelist [131, 118, 109, 108, 95, 89, 86, 77, 67, 59, 60, 55, 47, 45, 40, 36, 29, 22, 21]
linklist [192, 170, 160, 159, 142, 127, 124, 114, 96, 86, 83, 79, 74, 63, 54, 50, 29, 30]
eva_distance 85.0
eva_height -5.034

nodelist [131, 132, 134, 124, 78, 72, 54, 39, 24, 43, 44, 30, 18, 25, 26, 19, 20, 21]
linklist [195, 194, 193, 179, 112, 107, 77, 56, 57, 59, 58, 34, 35, 37, 38, 20, 31]
eva_distance 166.0
eva_height -6.455

nodelist [131, 132, 134, 124, 78, 72, 54, 39, 24, 43, 44, 30, 18, 25, 26, 27, 31, 32, 33, 22, 21]
linklist [195, 194, 193, 179, 112, 107, 77, 56, 57, 59, 58, 34, 35, 37, 39, 44, 45, 47, 48, 30]
eva_distance 186.0
eva_height -6.548

nodelist [131, 118, 109, 108, 95, 89, 86, 77, 67, 59, 60, 55, 47, 45, 40, 36, 33, 32, 31, 30, 24, 18, 25, 26, 19, 20, 21]
linklist [192, 170, 160, 159, 142, 127, 124, 114, 96, 86, 83, 79, 74, 63, 54, 49, 47, 45, 43, 36, 33, 35, 37, 38, 20, 31]
eva_distance 141.0
eva_height -6.143

nodelist [131, 132, 134, 124, 78, 72, 54, 39, 24, 18, 25, 26, 19, 20, 21]
linklist [195, 194, 193, 179, 112, 107, 77, 56, 33, 35, 37, 38, 20, 31]
eva_distance 143.0
eva_height -6.315

nodelist [131, 118, 109, 108, 95, 89, 86, 77, 67, 59, 60, 55, 47, 45, 40, 36, 33, 32, 31, 27, 20, 21]
linklist [192, 170, 160, 159, 142, 127, 124, 114, 96, 86, 83, 79, 74, 63, 54, 49, 47, 45, 44, 40, 31]
eva_distance 95.0
eva_height -5.245

nodelist [131, 118, 109, 108, 95, 89, 86, 77, 67, 64, 63, 62, 49, 46, 43, 24, 30, 18, 25, 26, 19, 20, 21]
linklist [192, 170, 160, 159, 142, 127, 124, 114, 95, 94, 92, 90, 62, 60, 57, 36, 34, 35, 37, 38, 20, 31]
eva_distance 134.0
eva_height -5.931

nodelist [131, 118, 109, 108, 95, 89, 86, 77, 75, 64, 63, 62, 49, 46, 43, 24, 18, 25, 26, 19, 20, 21]
linklist [192, 170, 160, 159, 142, 127, 124, 115, 113, 94, 92, 90, 62, 60, 57, 33, 35, 37, 38, 20, 31]
eva_distance 127.0
eva_height -5.847

nodelist [131, 118, 109, 108, 95, 89, 86, 77, 67, 64, 63, 62, 49, 44, 30, 18, 25, 26, 19, 20, 21]
linklist [192, 170, 160, 159, 142, 127, 124, 114, 95, 94, 92, 90, 61, 58, 34, 35, 37, 38, 20, 31]
eva_distance 121.0
eva_height -5.685

nodelist [131, 132, 134, 124, 78, 72, 54, 39, 24, 30, 18, 25, 26, 19, 20, 21]
linklist [195, 194, 193, 179, 112, 107, 77, 56, 36, 34, 35, 37, 38, 20, 31]
eva_distance 149.0
eva_height -6.364

