nodelist [131, 132, 134, 124, 78, 72, 54, 39, 24, 30, 18, 25, 26, 27, 20, 21]
linklist [195, 194, 193, 179, 112, 107, 77, 56, 36, 34, 35, 37, 39, 40, 31]
eva_distance 149.0
eva_height -6.351

nodelist [131, 132, 134, 124, 78, 72, 54, 39, 24, 43, 44, 30, 18, 25, 26, 27, 20, 21]
linklist [195, 194, 193, 179, 112, 107, 77, 56, 57, 59, 58, 34, 35, 37, 39, 40, 31]
eva_distance 166.0
eva_height -6.443

nodelist [131, 132, 134, 124, 78, 72, 54, 39, 24, 18, 25, 26, 27, 20, 21]
linklist [195, 194, 193, 179, 112, 107, 77, 56, 33, 35, 37, 39, 40, 31]
eva_distance 143.0
eva_height -6.301

nodelist [131, 118, 109, 110, 100, 94, 96, 87, 80, 70, 65, 60, 55, 47, 45, 40, 36, 29, 22, 21]
linklist [192, 170, 161, 162, 143, 134, 133, 129, 106, 99, 87, 83, 79, 74, 63, 54, 50, 29, 30]
eva_distance 90.0
eva_height -4.887

