nodelist [131, 132, 134, 124, 78, 72, 54, 39, 24, 43, 44, 30, 18, 25, 26, 27, 28, 21]
linklist [195, 194, 193, 179, 112, 107, 77, 56, 57, 59, 58, 34, 35, 37, 39, 42, 41]
eva_distance 166.0
eva_height -6.418

nodelist [131, 118, 109, 108, 107, 99, 95, 89, 86, 77, 67, 64, 58, 59, 60, 68, 70, 65, 61, 56, 47, 45, 40, 36, 33, 22, 21]
linklist [192, 170, 160, 158, 157, 156, 142, 127, 124, 114, 95, 93, 85, 86, 97, 100, 99, 88, 82, 80, 74, 63, 54, 49, 48, 30]
eva_distance 127.0
eva_height -4.874

nodelist [131, 132, 134, 124, 78, 72, 54, 39, 24, 18, 25, 26, 19, 20, 21]
linklist [195, 194, 193, 179, 112, 107, 77, 56, 33, 35, 37, 38, 20, 31]
eva_distance 143.0
eva_height -6.315

