nodelist [131, 132, 134, 124, 78, 72, 54, 39, 24, 30, 18, 25, 26, 27, 20, 21]
linklist [195, 194, 193, 179, 112, 107, 77, 56, 36, 34, 35, 37, 39, 40, 31]
eva_distance 149.0
eva_height -6.351

nodelist [131, 132, 134, 124, 78, 72, 54, 39, 24, 30, 18, 25, 26, 27, 31, 32, 28, 21]
linklist [195, 194, 193, 179, 112, 107, 77, 56, 36, 34, 35, 37, 39, 44, 45, 46, 41]
eva_distance 157.0
eva_height -6.37

nodelist [131, 132, 134, 124, 78, 72, 54, 39, 24, 18, 25, 26, 19, 20, 21]
linklist [195, 194, 193, 179, 112, 107, 77, 56, 33, 35, 37, 38, 20, 31]
eva_distance 143.0
eva_height -6.315

nodelist [131, 132, 134, 124, 78, 72, 54, 39, 24, 43, 46, 49, 44, 30, 18, 25, 26, 27, 31, 32, 33, 22, 21]
linklist [195, 194, 193, 179, 112, 107, 77, 56, 57, 60, 62, 61, 58, 34, 35, 37, 39, 44, 45, 47, 48, 30]
eva_distance 196.0
eva_height -6.563

nodelist [131, 132, 134, 124, 78, 72, 54, 39, 24, 30, 18, 25, 26, 27, 31, 32, 33, 22, 21]
linklist [195, 194, 193, 179, 112, 107, 77, 56, 36, 34, 35, 37, 39, 44, 45, 47, 48, 30]
eva_distance 169.0
eva_height -6.477

nodelist [131, 133, 119, 106, 98, 82, 81, 71, 69, 80, 70, 65, 60, 55, 47, 45, 40, 36, 33, 32, 28, 21]
linklist [196, 197, 172, 150, 132, 120, 118, 101, 105, 106, 99, 87, 83, 79, 74, 63, 54, 49, 47, 46, 41]
eva_distance 131.0
eva_height -4.187

