nodelist [131, 132, 134, 124, 78, 72, 54, 39, 24, 18, 25, 26, 27, 31, 32, 33, 22, 21]
linklist [195, 194, 193, 179, 112, 107, 77, 56, 33, 35, 37, 39, 44, 45, 47, 48, 30]
eva_distance 163.0
eva_height -6.438

nodelist [131, 132, 134, 124, 78, 72, 54, 39, 24, 30, 18, 25, 26, 27, 31, 32, 28, 21]
linklist [195, 194, 193, 179, 112, 107, 77, 56, 36, 34, 35, 37, 39, 44, 45, 46, 41]
eva_distance 157.0
eva_height -6.37

nodelist [131, 132, 134, 124, 78, 72, 54, 39, 24, 30, 18, 25, 26, 19, 20, 21]
linklist [195, 194, 193, 179, 112, 107, 77, 56, 36, 34, 35, 37, 38, 20, 31]
eva_distance 149.0
eva_height -6.364

nodelist [131, 118, 109, 108, 95, 89, 86, 77, 67, 64, 58, 57, 63, 62, 49, 46, 43, 44, 30, 31, 32, 28, 21]
linklist [192, 170, 160, 159, 142, 127, 124, 114, 95, 93, 84, 91, 92, 90, 62, 60, 59, 58, 43, 45, 46, 41]
eva_distance 138.0
eva_height -5.561

nodelist [131, 118, 109, 108, 95, 100, 94, 96, 87, 80, 69, 56, 50, 48, 37, 36, 33, 32, 28, 21]
linklist [192, 170, 160, 159, 144, 143, 134, 133, 129, 105, 98, 89, 69, 65, 53, 49, 47, 46, 41]
eva_distance 106.0
eva_height -4.976

nodelist [131, 118, 109, 108, 95, 89, 86, 85, 84, 79, 74, 73, 72, 54, 39, 24, 18, 25, 26, 27, 28, 21]
linklist [192, 170, 160, 159, 142, 127, 126, 125, 122, 111, 110, 109, 107, 77, 56, 33, 35, 37, 39, 42, 41]
eva_distance 140.0
eva_height -6.09

nodelist [131, 132, 134, 124, 78, 72, 54, 39, 24, 18, 25, 26, 19, 20, 21]
linklist [195, 194, 193, 179, 112, 107, 77, 56, 33, 35, 37, 38, 20, 31]
eva_distance 143.0
eva_height -6.315

nodelist [131, 132, 134, 124, 78, 72, 54, 39, 24, 43, 44, 30, 18, 25, 26, 27, 31, 32, 28, 21]
linklist [195, 194, 193, 179, 112, 107, 77, 56, 57, 59, 58, 34, 35, 37, 39, 44, 45, 46, 41]
eva_distance 174.0
eva_height -6.456

