nodelist [131, 132, 134, 124, 78, 72, 54, 39, 24, 30, 31, 27, 20, 21]
linklist [195, 194, 193, 179, 112, 107, 77, 56, 36, 43, 44, 40, 31]
eva_distance 147.0
eva_height -6.195

nodelist [131, 132, 134, 124, 78, 72, 54, 39, 24, 30, 31, 32, 33, 22, 21]
linklist [195, 194, 193, 179, 112, 107, 77, 56, 36, 43, 45, 47, 48, 30]
eva_distance 159.0
eva_height -6.268

nodelist [131, 118, 109, 108, 95, 89, 86, 77, 75, 64, 67, 59, 60, 68, 70, 65, 61, 55, 47, 45, 40, 36, 33, 32, 31, 27, 20, 21]
linklist [192, 170, 160, 159, 142, 127, 124, 115, 113, 95, 96, 86, 97, 100, 99, 88, 81, 79, 74, 63, 54, 49, 47, 45, 44, 40, 31]
eva_distance 119.0
eva_height -5.166

nodelist [131, 132, 134, 124, 78, 72, 54, 39, 24, 18, 13, 11, 19, 20, 21]
linklist [195, 194, 193, 179, 112, 107, 77, 56, 33, 22, 21, 19, 20, 31]
eva_distance 144.0
eva_height -5.621

nodelist [131, 132, 134, 124, 78, 72, 54, 53, 46, 43, 24, 18, 30, 31, 27, 20, 21]
linklist [195, 194, 193, 179, 112, 107, 78, 76, 60, 57, 33, 34, 43, 44, 40, 31]
eva_distance 158.0
eva_height -6.228

