nodelist [131, 132, 134, 124, 78, 72, 54, 39, 24, 18, 13, 11, 19, 20, 21]
linklist [195, 194, 193, 179, 112, 107, 77, 56, 33, 22, 21, 19, 20, 31]
eva_distance 144.0
eva_height -5.621

nodelist [131, 132, 134, 124, 78, 72, 54, 39, 24, 30, 18, 25, 26, 27, 20, 21]
linklist [195, 194, 193, 179, 112, 107, 77, 56, 36, 34, 35, 37, 39, 40, 31]
eva_distance 149.0
eva_height -6.351

nodelist [131, 132, 134, 124, 78, 72, 54, 39, 24, 18, 30, 31, 32, 33, 22, 21]
linklist [195, 194, 193, 179, 112, 107, 77, 56, 33, 34, 43, 45, 47, 48, 30]
eva_distance 165.0
eva_height -6.362

nodelist [131, 118, 109, 110, 100, 102, 96, 87, 90, 81, 71, 76, 52, 51, 42, 41, 50, 56, 47, 45, 40, 36, 33, 32, 28, 21]
linklist [192, 170, 161, 162, 145, 146, 133, 130, 121, 118, 102, 103, 75, 72, 68, 70, 89, 80, 74, 63, 54, 49, 47, 46, 41]
eva_distance 140.0
eva_height -4.971

nodelist [131, 133, 119, 106, 98, 90, 81, 82, 76, 71, 69, 56, 61, 65, 60, 55, 47, 45, 40, 36, 33, 32, 28, 21]
linklist [196, 197, 172, 150, 131, 121, 120, 119, 102, 101, 98, 82, 88, 87, 83, 79, 74, 63, 54, 49, 47, 46, 41]
eva_distance 136.0
eva_height -4.266

