nodelist [131, 132, 134, 124, 78, 72, 73, 53, 54, 39, 24, 30, 18, 25, 26, 27, 28, 21]
linklist [195, 194, 193, 179, 112, 109, 108, 78, 77, 56, 36, 34, 35, 37, 39, 42, 41]
eva_distance 171.0
eva_height -6.325

nodelist [131, 132, 134, 124, 78, 72, 54, 39, 24, 18, 25, 26, 27, 28, 21]
linklist [195, 194, 193, 179, 112, 107, 77, 56, 33, 35, 37, 39, 42, 41]
eva_distance 143.0
eva_height -6.272

nodelist [131, 133, 119, 106, 98, 82, 76, 71, 69, 56, 47, 45, 40, 36, 29, 22, 21]
linklist [196, 197, 172, 150, 132, 119, 102, 101, 98, 80, 74, 63, 54, 50, 29, 30]
eva_distance 116.0
eva_height -4.268

