nodelist [131, 132, 134, 124, 78, 72, 54, 39, 24, 43, 44, 30, 18, 25, 26, 27, 28, 21]
linklist [195, 194, 193, 179, 112, 107, 77, 56, 57, 59, 58, 34, 35, 37, 39, 42, 41]
eva_distance 166.0
eva_height -6.418

nodelist [131, 132, 134, 124, 78, 72, 73, 53, 54, 39, 24, 18, 25, 26, 19, 20, 21]
linklist [195, 194, 193, 179, 112, 109, 108, 78, 77, 56, 33, 35, 37, 38, 20, 31]
eva_distance 165.0
eva_height -6.318

nodelist [131, 132, 134, 124, 78, 72, 73, 53, 54, 39, 24, 43, 46, 49, 44, 30, 18, 25, 26, 19, 20, 21]
linklist [195, 194, 193, 179, 112, 109, 108, 78, 77, 56, 57, 60, 62, 61, 58, 34, 35, 37, 38, 20, 31]
eva_distance 198.0
eva_height -6.462

nodelist [131, 118, 109, 108, 95, 89, 68, 70, 65, 61, 55, 47, 45, 40, 36, 33, 22, 21]
linklist [192, 170, 160, 159, 142, 128, 100, 99, 88, 81, 79, 74, 63, 54, 49, 48, 30]
eva_distance 85.0
eva_height -4.991

nodelist [131, 118, 109, 108, 95, 89, 86, 85, 75, 77, 67, 59, 58, 57, 63, 62, 49, 44, 30, 31, 32, 28, 21]
linklist [192, 170, 160, 159, 142, 127, 126, 123, 115, 114, 96, 85, 84, 91, 92, 90, 61, 58, 43, 45, 46, 41]
eva_distance 137.0
eva_height -5.376

nodelist [131, 132, 134, 124, 78, 72, 54, 39, 24, 18, 25, 26, 27, 28, 21]
linklist [195, 194, 193, 179, 112, 107, 77, 56, 33, 35, 37, 39, 42, 41]
eva_distance 143.0
eva_height -6.272

nodelist [131, 132, 134, 124, 78, 72, 54, 53, 46, 49, 44, 43, 24, 30, 18, 25, 26, 27, 28, 21]
linklist [195, 194, 193, 179, 112, 107, 78, 76, 62, 61, 59, 57, 36, 34, 35, 37, 39, 42, 41]
eva_distance 164.0
eva_height -6.275

nodelist [131, 118, 109, 108, 95, 89, 68, 60, 55, 47, 45, 40, 36, 33, 32, 31, 27, 20, 21]
linklist [192, 170, 160, 159, 142, 128, 97, 83, 79, 74, 63, 54, 49, 47, 45, 44, 40, 31]
eva_distance 88.0
eva_height -5.225

