nodelist [131, 132, 134, 124, 78, 72, 54, 39, 24, 18, 25, 26, 27, 20, 21]
linklist [195, 194, 193, 179, 112, 107, 77, 56, 33, 35, 37, 39, 40, 31]
eva_distance 143.0
eva_height -6.301

nodelist [131, 118, 109, 108, 95, 89, 68, 70, 80, 69, 56, 61, 65, 60, 55, 47, 45, 40, 36, 33, 22, 21]
linklist [192, 170, 160, 159, 142, 128, 100, 106, 105, 98, 82, 88, 87, 83, 79, 74, 63, 54, 49, 48, 30]
eva_distance 111.0
eva_height -4.977

nodelist [131, 118, 109, 108, 107, 99, 95, 89, 86, 77, 75, 64, 58, 57, 63, 62, 49, 44, 30, 18, 25, 26, 19, 20, 21]
linklist [192, 170, 160, 158, 157, 156, 142, 127, 124, 115, 113, 93, 84, 91, 92, 90, 61, 58, 34, 35, 37, 38, 20, 31]
eva_distance 142.0
eva_height -5.472

nodelist [131, 118, 109, 108, 95, 89, 86, 77, 75, 64, 58, 57, 63, 62, 49, 44, 30, 31, 27, 28, 21]
linklist [192, 170, 160, 159, 142, 127, 124, 115, 113, 93, 84, 91, 92, 90, 61, 58, 43, 44, 42, 41]
eva_distance 127.0
eva_height -5.448

