nodelist [131, 118, 109, 108, 95, 89, 68, 70, 65, 61, 56, 47, 45, 37, 36, 33, 32, 31, 27, 20, 21]
linklist [192, 170, 160, 159, 142, 128, 100, 99, 88, 82, 80, 74, 64, 53, 49, 47, 45, 44, 40, 31]
eva_distance 103.0
eva_height -5.338

nodelist [131, 118, 109, 108, 95, 89, 68, 70, 65, 60, 55, 61, 56, 47, 45, 40, 36, 33, 22, 21]
linklist [192, 170, 160, 159, 142, 128, 100, 99, 87, 83, 81, 82, 80, 74, 63, 54, 49, 48, 30]
eva_distance 95.0
eva_height -5.025

nodelist [131, 132, 134, 124, 78, 72, 73, 53, 54, 39, 24, 18, 25, 26, 19, 20, 21]
linklist [195, 194, 193, 179, 112, 109, 108, 78, 77, 56, 33, 35, 37, 38, 20, 31]
eva_distance 165.0
eva_height -6.318

