111111111111111111111111111111111111111111111111111111111111111111111111111111111111111111111111111111
111111111111111111111111111111111111111111111111111111111111111111111111111181111111111111111111111111
111111111111111111111111111111111111111111111111111111888888888888888888888811511111111111111111111111
111111111111111111111111111111111111111111111888888888111111111111111111111111111111111111111111111511
111111111111111111111111111111111111111111888111111111111511111111111111111111111111111111111111111111
111111111111111111111111111111111111111188111111111111111111111111111111111111111111111111111111111111
111111111111111111111111111111111111888811111111111115111111111111151111111111111111111111111111111111
111111111111111111111111111111118888111111111111111111111111511111111111111111111111111111111111111111
111111111111111111111111111888881111111111111111111111111111111111111111111111111111111111111111111111
111111111111111111111111118111111111111111111111111111151111111111111151111111111151111111115111111111
111111111111111111111111811111111111111111111111111511111111111111111111111111111111111111111111111111
111111111111111111111181111111111111111111111151111111111111111111111111111111511111111111111111111111
111111111111111111118111111111111111111511111111111111111111111111151111111111111111111111111111111111
111111111111111111181111111111111111111111111111111111111111151111111111111111111111151111111111111111
111111111111111111811111111111111111111111111111111111111111111111111111111111111111111111111111111111
111111111111111181111111111111111111111111111111111111111111111111111111151111111111111111111111111111
111111111111111811111111111111151111111111111115115111151111151111111111111111111111111111111111111111
111111111111118111111111111111111111111111111111111111111111111111111111111111111111111111111111111111
111111111111811111111111111111111111111111111111111111111111111111111111111111111511111111111111111111
111111111118111111111111151111111111115111111115115111151111111111151111111111111111111111111111111111
111111111181111111111111111111111111111111111111111111111111111111111111111111111111111111111111111111
111111111811111111111111111111111111111111111111111111111111111111111111111111111111111111111111111111
111111118111111111111111111111151111111111111111111111111111111111111111111111111111111111111111111111
111111118111111111111111111111111111111111111111115111151111151111111111111151111111111111111111111511
111111118111111111111111111111111111111111111111111111111111111115111111111111111111111111111111111111
111111118111111111111111111111111111111111111111111111111111111111111111111111111111111111111111111111
111111181111111111111111111111111111111111111111111111111111111111111111111111111111111111111111111111
111111181111111111111111111111111111111111111111111111111111111111111111151111111511111111111111111111
111111181511111111111111111111111111111111111111111111111111111115111111111111111115151111111111111111
111111811111111111111111151111111111111111111111111111111111111111111111111111111111111111111111111111
111111811111111111111111111111511111111111111111111111111111111111111111111111111111111111111111111111
111111811111111111111111111111111111111111111111111111111111111111115111111111111111111111111111111111
111111811111111111111111111111111111111111111111111111111111111111111111111111111111111111111111111111
111118111111111111111111111111111111111111111111111111111111111111111111111111111111111111111111111111
111118111111111111111111151111111111111111111111111111111111111115111111111111111511111111111111111111
111118111111111111111111111111511111111111111111111111111111111111111111111111111115151151111111111111
111181111111111111111111111111111111111111111111111111111111111111111111111111111111111111111111111111
111181111111111111111111111111111111111111111111111111111111111111111111111111111111111111111111111111
111181111111111111111111151111111111111111111111111111111111111111111111111111111111111111111111111111
111181111111511111111111111111111111111111111111111111111111115111111115111111111111111111111111111111
111181111111111111111111111111111511111111111111111111111111111111111111111111111111111111111111111111
111181111111111111111111111111111111111111111111511111111111111111111111111111111111111111111111111111
111181111111111111111111111111111111111111111111111111151115111111511111111111111111111111111111111111
111181111111111111111111111111111111111111111111111111111111111111111111111111111111111111111111111111
111181111111111111111111111111111111111111111111111111111111111111111111111111111111111111111111111111
111181111111111111111111111111511511111111111111511111111111111511111111111111111111111111111111111511
111181111111111111111111111111111111111111111111111115111511111111111111111111111111111111111111111111
111181111111111111111111111111111111111111111111111111111111111111115111111111111111111111111111111111
111181111111111111111111111111111111111111111111111111111111151111111111111111111111111111111111111111
111181111111111111111111111111111111111111111111111111111111111111111111111151111111111111111111111111
111181111111111151111111511111115111111111111115111111111111111111111111111111111151111111111111111111
111181111111111111111111111111111111111111111111111511111111111111111111111111111111111111111111111111
111181511111111111111111111111111111111511111111111111111111111111111111111111111111111111111111111111
111181111111111111111111111111111111111111111111111111111111111111111111111111111111111111111111111111
111181111111111111111111111111111111111111111111111111111111111115111111111511111511111111111111151111
111181111111111111111111111111111111111511111115111111111111111111111111111111111111111111111111111111
111181111111111111111111111111111111111111111111115111111111111111151111111111111111111111111111111111
111181111111111111111111111111111111151111111111111111511111111111111111115111111111111111111111111111
111181111111111111111111111111111511111111111111111111111111111111111111111111111111111111111111111111
111181111111111115111111151111111111111111111111111111111111111111111111111111111111111111111111111111
111181111111111111111111111111111111111111111111111111111111111111111111111111111111111111111111111111
111118111111111111111111111111111111111111111111111111111111111111111111111111111111111111111111111111
111118111111111111111111111111111111111111111111111111111151111111111111111111111111111111111111111111
111118111111111111111111111111111111111111111111111511111111115111511111111115111111111111111111111111
111111811111111111111111111111111111111111111111111111111111111111111111111111111111111111111111111111
111111811111111111111111111111111111111111511111111111111111111111111111111111111111111111111111111111
111111811111111111111111111111111111111111111111111111115111111111111111111111111111111111111111111111
111111181111111111111111111111111111151111111111111111111111511111111111111111111111111111111111111111
111111181111111111111111151111111111111111111111111111111111111511111151111111151111111111111111111111
111111181111111111111111111111111111111111115111115111111111111111111111111111111111111111111111111111
111111181111111111111111111111111111111111111111111111111111111111111111111111111111111111111111111111
111111181111111111111111111111111111111111111111111111111111111111111111111111111111111111111111111111
111111118111111111111111111111111111111111111111111111111111111111111111111111111111111111111111111111
111111118111111111111111111111111111111111111111111111111111111111111111111111111111111111111111111111
111111118111111111111111111111111111111111111111115111115111511111111111111111111111111111111111111111
111111118111111111111111111111111111151111111111111111111111111111151111111111111111111111111111111111
111111111811111111111111151111111111111111111111111111111111111111111111111111111111111111111111111111
111111111811111111111111111111111111111111111111111111111111111111111111111111111111111111111111111111
111111111181111111111111111111111111111111111111111111111111111111111111111111111111111111111111111111
111111111181111111111111111111111111111151151115115111111111111111111111111511111111111111111111111111
111111111118111111111111111111111111111111111111111111111111111111111111111111111111111111111111111111
111111111111811111111111111111111111111111111111111111111111511111111111111111111111111111111111111111
111111111111181111111111115115111115111111111111111111111111111111111111111111111111111111111111111111
111111111111118111111111111111111111111111111111111111111111111111111111111111111111111111111111111111
111111111111111811111151111111111111515151151115111111111111111111111111111111111111111111111111111111
111111111111111181111111111115111111111111111111115111111111111111111111111111111111111111111111111111
111111111111111118111111111111111111111511111111111111111111111111111111111511111111111111111111111111
111111111111111111811111111111111111111111111111111111111111111111111111111111111111111111111111111111
111111111111111111181111111111111111111111111111111111111111111111111111111111111111111111111111111111
111111111111111111118111151111111111111111111111111111111111111111111111111111111111111111111111111111
111111111111111111111811111111111111111111111111111111111111111111111111111111111111111111111111111111
144444444444444444444444444444444444444444444444444444444444444444444444444444444444444444444444444441
144444444444444444444444444444444444444444444444444444444444444444444444444444444444444444444444444441
144444444444444444444444444444444444444444444444444444444444444444444444444444444444444444444444444441
144444444444444444444444444444444444444444444444444444444444444444444444444444444444444444444444444441
144444444444444444444444444444444444444444444444444444444444444444444444444444444444444444444444444441
144444444444444444444444444444444444444444444444444444444444444444444444444444444444444444444444444441
144444444444444444444444444444444444444444444444444444444444444444444444444444444444444444444444444441
144444444444444444444444444444444444444444444444444444444444444444444444444444444444444444444444444441
144444444444444444444444444444444444444444444444444444444444444444444444444444444444444444444444444441
144444444444444444444444444444444444444444444444444444444444444444444444444444444444444444444444444441
111111111111111111111111111111111111111111111111111111111111111111111111111111111111111111111111111111