0   7.5
1   9.5
2   5.5
3   5.1
4   6.4
5   5.6
6   5.1
7   6.3
8   7.3
9   8.2
10  4.5
11  4.7
12  6.7
13  5.1
14  5.6
15  5.0
16  7.0
17  6.0
18  5.7
19  4.2
20  4.1
21  4.4
22  4.9
23  6.4
24  5.9
25  4.8
26  4.1
27  3.9
28  4.2
29  5.0
30  5.1
31  3.7
32  3.9
33  4.2
34  5.2
35  6.6
36  4.4
37  4.8
38  5.3
39  5.9
40  4.2
41  5.3
42  5.4
43  4.8
44  4.4
45  4.3
46  4.7
47  4.0
48  4.8
49  4.1
50  4.8
51  4.8
52  4.8
53  4.1
54  4.8
55  3.4
56  3.9
57  3.5
58  2.7
59  2.8
60  2.9
61  3.2
62  3.4
63  3.1
64  2.4
65  2.8
66  4.5
67  2.3
68  2.5
69  2.9
70  2.6
71  3.3
72  3.5
73  3.2
74  2.8
75  2.1
76  3.3
77  2.0
78  3.7
79  2.2
80  2.3
81  2.6
82  2.8
83  3.3
84  2.1
85  1.8
86  1.7
87  2.2
88  2.0
89  1.7
90  2.3
91  2.1
92  2.5
93  2.3
94  1.7
95  1.5
96  1.7
97  1.8
98  1.8
99  1.4
100 1.2
101 1.3
102 1.1
103 1.3
104 1.1
105 1.1
106 1.2
107 0.8
108 0.7
109 0.7
110 0.7
111 0.8
112 0.7
113 0.7
114 0.8
115 0.6
116 0.6
117 0.5
118 0.5
119 0.6
120 0.5
121 0.6
122 0.6
123 0.5
124 0.4
125 0.3
126 0.2
127 0.1
128 0.1
129 0.1
130 0.1
131 0.1
132 0.0
133 0.0
134 0.0
