111111111111111111111111111111111111111111111111111111111111111111111111111111111111111111111111111111
111111111111111111111111111111111118888888888888888888888888888888888888888881111111111111111111111111
111111111111111111111111118888888888888888888888888888888888888888888888888811511111111111111111111111
111111111111111111118888888888888888888888888888888888111111111111111111111111111111111111111111111511
111111111111111188888888888888888888888888888111111111111511111111111111111111111111111111111111111111
111111111111888888888888888888888888888888111111111111111111111111111111111111111111111111111111111111
111111111118888888888888888888888888888811111111111115111111111111151111111111111111111111111111111111
111111111888888888888888888888888888111111111111111111111111511111111111111111111111111111111111111111
111111188888888888888888888888881111111111111111111111111111111111111111111111111111111111111111111111
111111888888888888888888888111111111111111111111111111151111111111111151111111111151111111115111111111
111118888888888888888888811111111111111111111111111511111111111111111111111111111111111111111111111111
111118888888888888888881111111111111111111111151111111111111111111111111111111511111111111111111111111
111188888888888888888111111111111111111511111111111111111111111111151111111111111111111111111111111111
111188888888888888881111111111111111111111111111111111111111151111111111111111111111151111111111111111
111188888888888888811111111111111111111111111111111111111111111111111111111111111111111111111111111111
111888888888888881111111111111111111111111111111111111111111111111111111151111111111111111111111111111
111888888888888811111111111111151111111111111115115111151111151111111111111111111111111111111111111111
118888888888888111111111111111111111111111111111111111111111111111111111111111111111111111111111111111
118888888888811111111111111111111111111111111111111111111111111111111111111111111511111111111111111111
118888888888111111111111151111111111115111111115115111151111111111151111111111111111111111111111111111
188888888881111111111111111111111111111111111111111111111111111111111111111111111111111111111111111111
188888888811111111111111111111111111111111111111111111111111111111111111111111111111111111111111111111
188888888111111111111111111111151111111111111111111111111111111111111111111111111111111111111111111111
188888888111111111111111111111111111111111111111115111151111151111111111111151111111111111111111111511
188888888111111111111111111111111111111111111111111111111111111115111111111111111111111111111111111111
188888888111111111111111111111111111111111111111111111111111111111111111111111111111111111111111111111
188888881111111111111111111111111111111111111111111111111111111111111111111111111111111111111111111111
188888881111111111111111111111111111111111111111111111111111111111111111151111111511111111111111111111
188888881511111111111111111111111111111111111111111111111111111115111111111111111115151111111111111111
188888811111111111111111151111111111111111111111111111111111111111111111111111111111111111111111111111
188888811111111111111111111111511111111111111111111111111111111111111111111111111111111111111111111111
188888811111111111111111111111111111111111111111111111111111111111115111111111111111111111111111111111
188888811111111111111111111111111111111111111111111111111111111111111111111111111111111111111111111111
188888111111111111111111111111111111111111111111111111111111111111111111111111111111111111111111111111
188888111111111111111111151111111111111111111111111111111111111115111111111111111511111111111111111111
188888111111111111111111111111511111111111111111111111111111111111111111111111111115151151111111111111
188881111111111111111111111111111111111111111111111111111111111111111111111111111111111111111111111111
188881111111111111111111111111111111111111111111111111111111111111111111111111111111111111111111111111
188881111111111111111111151111111111111111111111111111111111111111111111111111111111111111111111111111
188881111111511111111111111111111111111111111111111111111111115111111115111111111111111111111111111111
188881111111111111111111111111111511111111111111111111111111111111111111111111111111111111111111111111
188881111111111111111111111111111111111111111111511111111111111111111111111111111111111111111111111111
188881111111111111111111111111111111111111111111111111151115111111511111111111111111111111111111111111
188881111111111111111111111111111111111111111111111111111111111111111111111111111111111111111111111111
188881111111111111111111111111111111111111111111111111111111111111111111111111111111111111111111111111
188881111111111111111111111111511511111111111111511111111111111511111111111111111111111111111111111511
188881111111111111111111111111111111111111111111111115111511111111111111111111111111111111111111111111
188881111111111111111111111111111111111111111111111111111111111111115111111111111111111111111111111111
188881111111111111111111111111111111111111111111111111111111151111111111111111111111111111111111111111
188881111111111111111111111111111111111111111111111111111111111111111111111151111111111111111111111111
188881111111111151111111511111115111111111111115111111111111111111111111111111111151111111111111111111
188881111111111111111111111111111111111111111111111511111111111111111111111111111111111111111111111111
188881511111111111111111111111111111111511111111111111111111111111111111111111111111111111111111111111
188881111111111111111111111111111111111111111111111111111111111111111111111111111111111111111111111111
188881111111111111111111111111111111111111111111111111111111111115111111111511111511111111111111151111
188881111111111111111111111111111111111511111115111111111111111111111111111111111111111111111111111111
188881111111111111111111111111111111111111111111115111111111111111151111111111111111111111111111111111
188881111111111111111111111111111111151111111111111111511111111111111111115111111111111111111111111111
188881111111111111111111111111111511111111111111111111111111111111111111111111111111111111111111111111
188881111111111115111111151111111111111111111111111111111111111111111111111111111111111111111111111111
188881111111111111111111111111111111111111111111111111111111111111111111111111111111111111111111111111
188888111111111111111111111111111111111111111111111111111111111111111111111111111111111111111111111111
188888111111111111111111111111111111111111111111111111111151111111111111111111111111111111111111111111
188888111111111111111111111111111111111111111111111511111111115111511111111115111111111111111111111111
188888811111111111111111111111111111111111111111111111111111111111111111111111111111111111111111111111
188888811111111111111111111111111111111111511111111111111111111111111111111111111111111111111111111111
188888811111111111111111111111111111111111111111111111115111111111111111111111111111111111111111111111
188888881111111111111111111111111111151111111111111111111111511111111111111111111111111111111111111111
188888881111111111111111151111111111111111111111111111111111111511111151111111151111111111111111111111
188888881111111111111111111111111111111111115111115111111111111111111111111111111111111111111111111111
188888881111111111111111111111111111111111111111111111111111111111111111111111111111111111111111111111
188888881111111111111111111111111111111111111111111111111111111111111111111111111111111111111111111111
188888888111111111111111111111111111111111111111111111111111111111111111111111111111111111111111111111
188888888111111111111111111111111111111111111111111111111111111111111111111111111111111111111111111111
188888888111111111111111111111111111111111111111115111115111511111111111111111111111111111111111111111
188888888111111111111111111111111111151111111111111111111111111111151111111111111111111111111111111111
188888888811111111111111151111111111111111111111111111111111111111111111111111111111111111111111111111
188888888811111111111111111111111111111111111111111111111111111111111111111111111111111111111111111111
188888888881111111111111111111111111111111111111111111111111111111111111111111111111111111111111111111
188888888881111111111111111111111111111151151115115111111111111111111111111511111111111111111111111111
188888888888111111111111111111111111111111111111111111111111111111111111111111111111111111111111111111
188888888888811111111111111111111111111111111111111111111111511111111111111111111111111111111111111111
188888888888881111111111115115111115111111111111111111111111111111111111111111111111111111111111111111
188888888888888111111111111111111111111111111111111111111111111111111111111111111111111111111111111111
188888888888888811111151111111111111515151151115111111111111111111111111111111111111111111111111111111
188888888888888881111111111115111111111111111111115111111111111111111111111111111111111111111111111111
188888888888888888111111111111111111111511111111111111111111111111111111111511111111111111111111111111
188888888888888888811111111111111111111111111111111111111111111111111111111111111111111111111111111111
188888888888888888881111111111111111111111111111111111111111111111111111111111111111111111111111111111
188888888888888888888111151111111111111111111111111111111111111111111111111111111111111111111111111111
188888888888888888888811111111111111111111111111111111111111111111111111111111111111111111111111111111
144444444444444444444444444444444444444444444444444444444444444444444444444444444444444444444444444441
144444444444444444444444444444444444444444444444444444444444444444444444444444444444444444444444444441
144444444444444444444444444444444444444444444444444444444444444444444444444444444444444444444444444441
144444444444444444444444444444444444444444444444444444444444444444444444444444444444444444444444444441
144444444444444444444444444444444444444444444444444444444444444444444444444444444444444444444444444441
144444444444444444444444444444444444444444444444444444444444444444444444444444444444444444444444444441
144444444444444444444444444444444444444444444444444444444444444444444444444444444444444444444444444441
144444444444444444444444444444444444444444444444444444444444444444444444444444444444444444444444444441
144444444444444444444444444444444444444444444444444444444444444444444444444444444444444444444444444441
144444444444444444444444444444444444444444444444444444444444444444444444444444444444444444444444444441
111111111111111111111111111111111111111111111111111111111111111111111111111111111111111111111111111111